[0,366,543,667,1046]
[0,109,460,543,667,1046]
[0,366,543,821,1046]
[0,460,821,995,1046]
[0,460,543,775,1046]
[0,109,460,821,995,1046]
[0,460,543,667,1046]
[0,109,366,460,543,667,821,1046]
[0,460,543,667,995,1046]
[0,109,366,543,667,821,1046]
[0,109,366,460,543,667,1046]
[0,109,191,460,543,775,821,1046]
[0,366,821,1046]
[0,109,191,460,543,775,1046]
[0,1004,1046]
[0,109,191,460,543,995,1046]
[0,109,191,460,543,667,1046]
[0,366,543,667,821,1046]
[0,109,191,460,543,667,1004,1046]
[0,995,1046]
[0,777,1046]
[0,460,1046]
[0,109,191,460,543,1046]
[0,366,543,1046]
[0,109,460,543,1004,1046]
[0,109,460,543,667,1004,1046]
[0,109,191,460,543,775,821,995,1046]
[0,109,460,821,1046]
[0,543,667,821,1046]
[0,543,667,1046]
[0,460,543,1004,1046]
[0,543,1046]
[0,543,821,1046]
[0,109,543,667,1046]
[0,460,543,667,821,1046]
[0,109,543,775,1046]
[0,109,460,543,1046]
[0,109,460,543,995,1046]
[0,460,543,667,1004,1046]
[0,109,191,460,543,775,995,1046]
[0,109,1046]
[0,109,460,1046]
[0,109,460,543,667,821,995,1046]
[0,366,1046]
[0,109,460,543,775,821,1046]
[0,109,191,460,543,1004,1046]
[0,460,543,667,821,995,1046]
[0,109,366,460,543,667,821,995,1046]
[0,109,543,667,821,1046]
[0,821,995,1046]
[0,109,543,1046]
[0,821,1046]
[0,109,191,460,543,775,821,1004,1046]
[0,460,777,1046]
[0,460,821,1046]
[0,109,191,460,543,667,821,995,1046]
[0,109,191,460,543,667,821,1046]
[0,460,543,775,821,1046]
[0,109,366,543,667,1046]
[0,109,191,460,543,667,995,1046]
[0,109,460,543,667,821,1046]
[0,543,775,1046]
[0,460,543,1046]
[0,109,460,543,775,1046]
[0,109,366,460,543,667,1004,1046]
[0,460,543,995,1046]
