[0,223,478,1046]
[0,223,478,703,1046]
[0,223,266,432,478,633,994,1046]
[0,223,546,703,994,1046]
[0,223,266,633,1046]
[0,223,266,478,546,994,1046]
[0,223,478,546,994,1046]
[0,223,546,640,1046]
[0,266,703,1046]
[0,223,546,994,1046]
[0,223,432,546,640,703,1046]
[0,223,432,478,546,994,1046]
[0,223,432,546,1046]
[0,223,546,1046]
[0,223,478,546,1046]
[0,223,1046]
[0,223,640,703,1046]
[0,223,633,994,1046]
[0,478,703,1046]
[0,223,432,633,994,1046]
[0,223,478,546,703,1046]
[0,223,266,478,633,994,1046]
[0,703,1046]
[0,223,546,703,1046]
[0,223,266,546,703,994,1046]
[0,223,432,478,633,994,1046]
[0,223,266,432,478,546,703,994,1046]
[0,223,266,1046]
[0,223,266,546,994,1046]
[0,478,1046]
[0,223,546,640,703,1046]
[0,546,1046]
[0,223,266,633,994,1046]
[0,223,266,546,1046]
[0,223,478,546,640,703,994,1046]
[0,223,546,640,703,994,1046]
[0,223,266,546,640,703,994,1046]
[0,223,454,633,1046]
[0,223,994,1046]
[0,223,432,633,1046]
[0,223,703,994,1046]
[0,223,478,546,703,994,1046]
[0,223,633,1046]
[0,223,432,546,640,703,994,1046]
[0,223,703,1046]
[0,223,478,633,994,1046]
[0,223,432,478,546,640,703,994,1046]
[0,223,454,633,994,1046]
[0,223,432,478,546,703,994,1046]
[0,223,640,703,994,1046]
[0,223,478,633,1046]
[0,223,478,546,640,1046]
[0,223,266,432,478,546,994,1046]
[0,223,478,546,640,703,1046]
[0,223,432,546,640,1046]
[0,633,1046]
[0,223,266,432,478,546,640,703,994,1046]
