[0,259,1180]
[0,123,259,663,1180]
[0,244,316,663,1180]
[0,244,316,1180]
[0,123,259,305,412,469,542,663,1180]
[0,244,663,1180]
[0,123,259,412,663,1180]
[0,305,412,1180]
[0,259,412,663,1180]
[0,259,305,1180]
[0,259,305,412,663,1180]
[0,305,412,663,1180]
[0,663,1180]
[0,123,259,305,412,663,1180]
[0,412,1180]
[0,123,259,412,542,663,1180]
[0,305,412,542,663,1180]
[0,415,663,1180]
[0,123,259,412,469,542,663,1180]
[0,259,663,1180]
[0,412,663,1180]
[0,123,259,542,663,1180]
[0,305,415,663,1180]
[0,244,1180]
[0,123,259,469,542,663,1180]
[0,412,542,663,1180]
[0,123,259,305,412,542,663,1180]
[0,259,305,663,1180]
[0,259,305,412,1180]
