[0,200,525,777,1283,1427]
[0,189,414,525,777,905,1283,1427]
[0,525,1427]
[0,414,952,1427]
[0,200,414,525,1427]
[0,183,777,1283,1427]
[0,183,414,1427]
[0,200,414,525,952,1283,1427]
[0,189,414,525,947,1283,1427]
[0,189,414,952,1427]
[0,189,414,525,777,905,952,1283,1427]
[0,200,525,1427]
[0,183,414,947,1427]
[0,183,525,905,1427]
[0,200,525,952,1427]
[0,183,525,777,1427]
[0,414,947,1427]
[0,200,414,905,1427]
[0,183,1283,1427]
[0,189,414,777,905,1283,1427]
[0,200,414,777,1427]
[0,183,414,777,1427]
[0,189,414,952,1283,1427]
[0,525,905,1427]
[0,189,414,947,1427]
[0,905,1427]
[0,183,1427]
[0,525,777,1427]
[0,525,1283,1427]
[0,200,414,1283,1427]
[0,183,905,1283,1427]
[0,183,525,777,947,1427]
[0,183,414,525,777,1283,1427]
[0,200,414,777,905,1283,1427]
[0,183,414,525,777,1300,1427]
[0,183,414,777,1283,1427]
[0,183,414,525,777,1427]
[0,200,1427]
[0,183,525,777,947,1283,1427]
[0,183,414,525,1283,1427]
[0,200,414,525,777,905,1283,1427]
[0,200,525,952,1283,1427]
[0,189,414,1283,1427]
[0,525,952,1283,1427]
[0,183,414,777,1300,1427]
[0,183,414,525,1427]
[0,183,414,525,947,1283,1427]
[0,200,414,777,1283,1427]
[0,183,525,777,1283,1427]
[0,414,525,1427]
[0,200,952,1283,1427]
[0,183,905,1427]
[0,525,952,1427]
[0,183,777,1427]
[0,200,952,1427]
[0,952,1427]
[0,189,414,525,1283,1427]
[0,189,414,525,1427]
[0,189,414,905,1283,1427]
[0,189,414,525,905,952,1283,1427]
[0,200,414,525,1283,1427]
[0,200,414,525,777,1283,1427]
[0,414,905,1427]
[0,200,414,905,1283,1427]
[0,183,525,905,1283,1427]
[0,525,777,1283,1427]
[0,947,1427]
[0,200,414,525,905,952,1283,1427]
[0,189,414,905,1427]
[0,183,414,1283,1427]
[0,189,414,777,1283,1427]
[0,414,777,1427]
[0,189,414,525,952,1283,1427]
[0,189,414,525,777,1283,1427]
[0,189,414,1427]
[0,200,414,1427]
[0,777,1427]
[0,414,1427]
[0,1283,1427]
[0,183,414,947,1283,1427]
[0,189,414,777,1427]
[0,525,905,1283,1427]
[0,200,414,525,777,905,952,1283,1427]
[0,183,414,1300,1427]
[0,200,525,777,1427]
[0,183,525,1427]
[0,189,414,947,1283,1427]
[0,200,1283,1427]
[0,200,414,952,1427]
[0,200,414,952,1283,1427]
[0,189,1427]
