[0,75,145,261,337,388,765,922]
[0,518,922]
[0,736,922]
[0,75,145,337,388,765,922]
[0,75,140,261,337,388,922]
[0,114,388,922]
[0,114,518,736,922]
[0,388,922]
[0,75,261,388,922]
[0,261,388,530,765,922]
[0,75,145,337,388,706,765,922]
[0,75,140,261,337,388,530,706,765,922]
[0,75,145,337,388,922]
[0,261,388,524,922]
[0,75,140,261,388,530,765,922]
[0,75,140,388,765,922]
[0,140,388,765,922]
[0,337,388,922]
[0,140,388,922]
[0,75,145,261,388,765,922]
[0,75,140,261,337,388,706,765,922]
[0,388,524,922]
[0,140,337,388,922]
[0,261,388,922]
[0,75,140,261,388,530,922]
[0,75,145,388,922]
[0,261,337,388,922]
[0,518,736,922]
[0,261,388,530,922]
[0,75,140,261,337,388,530,922]
[0,388,530,765,922]
[0,261,337,388,524,922]
[0,75,140,261,388,530,706,765,922]
[0,75,140,337,388,765,922]
[0,114,922]
[0,706,922]
[0,75,261,388,530,922]
[0,75,140,261,388,706,765,922]
[0,388,530,922]
[0,75,140,261,388,765,922]
[0,75,140,388,706,765,922]
[0,75,140,337,388,922]
[0,75,140,337,388,706,765,922]
[0,75,145,388,765,922]
[0,145,388,765,922]
[0,75,261,388,530,765,922]
[0,145,388,922]
[0,75,261,337,388,765,922]
[0,75,145,261,337,388,706,765,922]
[0,75,145,261,388,922]
[0,75,261,388,765,922]
[0,145,337,388,922]
[0,261,388,765,922]
[0,388,765,922]
[0,261,337,388,530,922]
[0,75,145,261,337,388,922]
[0,261,337,388,765,922]
[0,75,140,261,388,922]
[0,75,145,261,388,706,765,922]
[0,75,145,388,706,765,922]
[0,75,140,388,922]
[0,114,518,922]
