[0,302,459,699,886,1046]
[0,459,830,1046]
[0,91,302,459,585,699,775,1046]
[0,156,699,886,1046]
[0,302,459,585,1046]
[0,459,1046]
[0,91,302,459,1046]
[0,699,886,1046]
[0,91,162,302,459,585,699,775,830,1046]
[0,302,459,886,1046]
[0,699,1046]
[0,459,699,1046]
[0,162,459,1046]
[0,302,699,886,1046]
[0,302,459,585,699,1046]
[0,91,302,459,775,1046]
[0,459,886,1046]
[0,91,302,459,775,830,1046]
[0,162,459,830,1046]
[0,91,302,459,585,699,775,830,1046]
[0,302,459,585,699,775,1046]
[0,91,302,459,585,699,1046]
[0,91,302,459,699,775,1046]
[0,302,459,1046]
[0,302,699,1046]
[0,91,302,459,699,775,830,1046]
[0,302,459,973,1046]
[0,91,302,459,585,1046]
[0,302,459,775,1046]
[0,459,775,1046]
[0,91,162,302,459,585,699,775,1046]
