[0,728,942,1055,1177,1810]
[0,428,512,790,979,1055,1810]
[0,728,942,1177,1360,1810]
[0,428,512,790,1810]
[0,428,790,979,1253,1810]
[0,790,1055,1810]
[0,512,728,942,1055,1177,1810]
[0,728,942,1360,1810]
[0,942,1177,1360,1810]
[0,801,1810]
[0,790,1810]
[0,133,428,512,728,801,979,1253,1810]
[0,979,1253,1810]
[0,428,512,801,1253,1810]
[0,428,512,801,1810]
[0,428,512,979,1810]
[0,133,428,801,979,1253,1810]
[0,728,790,1055,1810]
[0,428,512,790,1055,1810]
[0,512,728,942,1055,1810]
[0,428,942,1810]
[0,428,790,1810]
[0,428,801,1810]
[0,428,801,979,1253,1810]
[0,133,428,512,801,979,1253,1810]
[0,512,979,1810]
[0,840,1810]
[0,512,1810]
[0,428,512,728,942,1055,1810]
[0,512,979,1055,1810]
[0,942,1055,1177,1810]
[0,428,942,1360,1810]
[0,942,1055,1177,1360,1810]
[0,728,942,1055,1810]
[0,428,512,728,801,979,1253,1810]
[0,428,790,1253,1810]
[0,728,942,1055,1177,1360,1810]
[0,728,801,979,1253,1810]
[0,728,801,1253,1810]
[0,428,512,1253,1810]
[0,942,1360,1810]
[0,512,942,1360,1810]
[0,428,512,728,790,979,1055,1810]
[0,428,512,728,790,1810]
[0,1253,1810]
[0,512,1253,1810]
[0,428,512,979,1055,1810]
[0,428,512,942,1055,1177,1360,1810]
[0,512,942,1177,1810]
[0,840,1253,1810]
[0,133,428,728,801,979,1253,1810]
[0,790,1253,1810]
[0,428,512,979,1253,1810]
[0,428,512,728,942,1055,1177,1810]
[0,428,942,1055,1810]
[0,428,942,1055,1177,1810]
[0,942,1810]
[0,512,728,942,1810]
[0,428,942,1055,1177,1360,1810]
[0,979,1055,1810]
[0,512,942,1810]
[0,512,728,942,1055,1177,1360,1810]
[0,428,512,728,942,1055,1177,1360,1810]
[0,728,942,1177,1810]
[0,428,801,1253,1810]
[0,979,1810]
[0,942,1055,1810]
[0,428,728,801,979,1253,1810]
[0,428,512,728,790,942,1055,1177,1360,1810]
[0,728,942,1810]
[0,801,1253,1810]
[0,428,512,942,1055,1177,1810]
[0,752,1810]
[0,728,790,1810]
[0,512,979,1253,1810]
[0,428,512,1810]
[0,428,512,728,790,942,1055,1810]
[0,428,512,728,790,1055,1810]
[0,428,790,1055,1810]
[0,428,942,1177,1360,1810]
[0,428,942,1177,1810]
[0,428,512,728,801,1253,1810]
[0,512,728,942,1177,1360,1810]
[0,512,728,942,1360,1810]
[0,428,512,942,1055,1810]
[0,512,728,942,1177,1810]
[0,801,979,1253,1810]
[0,428,512,801,979,1253,1810]
[0,942,1177,1810]
[0,428,512,728,790,942,1055,1177,1810]
