[0,47,588,675,1085,1399,1879,2094,2189]
[0,47,1846,2115,2189]
[0,2115,2189]
[0,1325,2189]
[0,47,588,675,1085,1399,2189]
[0,588,1399,2189]
[0,588,675,1085,1246,1363,1879,2094,2189]
[0,1246,1363,2094,2189]
[0,1200,1394,1879,2189]
[0,1085,1399,2189]
[0,47,588,675,1085,1399,2094,2189]
[0,1394,2094,2189]
[0,588,1085,1846,2189]
[0,588,675,1085,1325,2115,2189]
[0,1085,1325,1846,2115,2189]
[0,1246,1363,2189]
[0,588,1085,1879,2189]
[0,1085,1363,1879,2189]
[0,588,1085,1246,1363,2094,2189]
[0,1085,1399,2094,2189]
[0,675,1394,2094,2189]
[0,675,1246,1363,1879,2094,2189]
[0,47,675,1367,2189]
[0,47,588,675,1246,1363,1439,1879,2094,2189]
[0,1085,1363,2094,2189]
[0,1399,2189]
[0,47,588,675,1246,1363,1439,2094,2189]
[0,675,2189]
[0,47,588,675,1246,1363,1439,2189]
[0,47,1085,1325,2115,2189]
[0,675,1399,2189]
[0,588,675,1246,1363,1439,1879,2094,2189]
[0,588,675,1246,1363,1439,2189]
[0,1200,1394,1879,2094,2189]
[0,47,1085,1399,2094,2189]
[0,588,1085,1363,2189]
[0,47,1200,1394,2189]
[0,1445,2189]
[0,47,675,1846,2115,2189]
[0,2094,2189]
[0,588,1085,1246,1363,1879,2094,2189]
[0,1394,2189]
[0,47,1200,1394,2094,2189]
[0,47,588,675,2189]
[0,588,1085,1246,1363,2189]
[0,47,675,1445,2115,2189]
[0,675,1394,2189]
[0,675,1394,1879,2094,2189]
[0,1445,2115,2189]
[0,588,675,1085,1399,1879,2094,2189]
[0,588,675,1085,1246,1363,1439,1879,2094,2189]
[0,1085,1325,2189]
[0,588,1085,1325,2189]
[0,588,675,1246,1363,2094,2189]
[0,675,1200,1394,2189]
[0,1085,1246,1363,2189]
[0,588,1085,1246,1363,1879,2189]
[0,1085,1399,1879,2189]
[0,588,1367,2189]
[0,675,1394,1879,2189]
[0,675,1363,1879,2189]
[0,675,1846,2115,2189]
[0,588,1085,1399,1879,2189]
[0,675,1246,1363,2189]
[0,1085,1246,1363,2094,2189]
[0,675,1367,2189]
[0,1394,1879,2189]
[0,675,1200,1394,1879,2189]
[0,588,675,1246,1363,2189]
[0,47,675,1200,1394,2189]
[0,47,588,675,1085,1325,2115,2189]
[0,588,1085,2189]
[0,588,675,1085,1325,2189]
[0,1367,2189]
[0,1085,2189]
[0,47,588,675,1399,2189]
[0,588,675,1246,1363,1439,2094,2189]
[0,1846,2115,2189]
[0,675,1246,1363,2094,2189]
[0,1085,1846,2189]
[0,1085,1879,2189]
[0,675,1846,2189]
[0,1085,1325,1846,2189]
[0,47,1394,2189]
[0,588,675,2189]
[0,588,675,1085,1399,2189]
[0,675,1445,2115,2189]
[0,1846,2189]
[0,47,675,1200,1394,1879,2094,2189]
[0,1879,2189]
[0,47,588,675,1085,1325,1846,2115,2189]
[0,47,1445,2115,2189]
[0,588,1085,1399,2189]
[0,1200,1394,2094,2189]
[0,588,675,1085,1325,1846,2189]
[0,1085,1363,2189]
[0,675,1445,2189]
[0,588,675,1399,2189]
[0,1085,1246,1363,1879,2189]
[0,47,1367,2189]
[0,47,1085,1399,2189]
[0,47,1085,1399,1879,2094,2189]
[0,588,1085,1399,1879,2094,2189]
[0,588,675,1085,1325,1846,2115,2189]
[0,47,1394,2094,2189]
[0,1200,1394,2189]
[0,588,1363,2189]
[0,1363,2189]
[0,1085,1246,1363,1879,2094,2189]
[0,47,2115,2189]
[0,675,1363,2189]
[0,588,1085,1363,1879,2189]
[0,47,588,675,1085,1246,1363,1439,1879,2094,2189]
[0,47,2189]
[0,588,1085,1325,1846,2189]
[0,675,1246,1363,1879,2189]
[0,1085,1399,1879,2094,2189]
[0,588,1325,2189]
[0,47,1085,1325,1846,2115,2189]
[0,588,675,1085,1246,1363,2094,2189]
[0,588,675,1085,1399,2094,2189]
[0,675,1200,1394,1879,2094,2189]
[0,588,1085,1399,2094,2189]
[0,47,1200,1394,1879,2094,2189]
[0,588,675,1246,1363,1879,2094,2189]
[0,1085,1325,2115,2189]
