[0,251,515,724,922]
[0,251,531,794,922]
[0,251,370,515,575,868,922]
[0,531,922]
[0,575,922]
[0,515,708,922]
[0,111,251,370,575,922]
[0,251,575,922]
[0,215,370,724,922]
[0,251,531,922]
[0,111,370,515,708,868,922]
[0,111,251,370,515,575,868,922]
[0,370,922]
[0,111,515,868,922]
[0,215,370,622,724,922]
[0,215,370,620,708,868,922]
[0,111,772,922]
[0,622,724,922]
[0,251,515,708,922]
[0,111,708,922]
[0,251,370,922]
[0,251,922]
[0,251,370,515,708,868,922]
[0,515,922]
[0,215,370,620,708,922]
[0,209,922]
[0,251,370,868,922]
[0,215,370,708,922]
[0,251,515,922]
[0,370,515,708,922]
[0,724,922]
[0,251,370,575,922]
[0,111,251,370,515,708,922]
[0,251,370,708,868,922]
[0,215,622,724,922]
[0,215,370,922]
[0,111,251,370,515,708,868,922]
[0,251,370,515,575,922]
[0,111,868,922]
[0,111,515,708,868,922]
[0,215,922]
[0,111,370,515,708,922]
[0,772,922]
[0,708,922]
[0,251,708,922]
[0,215,724,922]
[0,111,515,772,922]
[0,111,251,531,922]
[0,111,515,708,922]
[0,215,370,515,724,922]
[0,111,251,531,794,922]
[0,111,370,868,922]
[0,111,370,922]
[0,515,724,922]
[0,111,251,370,515,575,922]
[0,111,251,922]
[0,111,922]
[0,111,515,922]
[0,111,251,515,724,922]
[0,515,772,922]
[0,251,370,708,922]
[0,215,708,922]
[0,251,370,515,708,922]
