[0,214,803,993,1645,1875]
[0,1152,1263,1645,1875]
[0,214,801,993,1152,1722,1875]
[0,214,1582,1875]
[0,214,993,1152,1263,1645,1875]
[0,214,1263,1582,1722,1875]
[0,214,1582,1722,1875]
[0,214,1152,1713,1875]
[0,214,803,993,1713,1875]
[0,214,647,803,993,1152,1875]
[0,214,800,1875]
[0,214,647,803,993,1152,1713,1875]
[0,214,647,803,993,1152,1263,1645,1722,1875]
[0,214,801,993,1152,1582,1722,1875]
[0,993,1582,1875]
[0,1152,1645,1722,1875]
[0,214,803,1645,1875]
[0,1152,1263,1875]
[0,214,803,993,1152,1263,1582,1722,1875]
[0,214,803,993,1152,1263,1875]
[0,214,993,1152,1263,1875]
[0,214,803,993,1875]
[0,214,480,803,1152,1875]
[0,214,1152,1875]
[0,214,993,1582,1875]
[0,800,1875]
[0,1645,1875]
[0,214,1645,1875]
[0,214,1152,1263,1875]
[0,214,800,1152,1875]
[0,214,803,993,1152,1582,1722,1875]
[0,214,1152,1263,1645,1722,1875]
[0,214,800,993,1152,1713,1875]
[0,214,803,993,1582,1875]
[0,1645,1722,1875]
[0,214,800,993,1875]
[0,214,647,803,993,1152,1582,1722,1875]
[0,214,1152,1294,1713,1875]
[0,1152,1722,1875]
[0,214,647,803,993,1152,1263,1875]
[0,214,801,1875]
[0,1152,1582,1722,1875]
[0,214,993,1152,1722,1875]
[0,803,1152,1875]
[0,803,1645,1875]
[0,214,647,803,993,1152,1263,1645,1875]
[0,1152,1263,1582,1875]
[0,480,1152,1875]
[0,1152,1263,1645,1722,1875]
[0,214,803,993,1152,1713,1875]
[0,214,993,1152,1582,1722,1875]
[0,801,1875]
[0,1263,1875]
[0,1582,1722,1875]
[0,214,801,993,1152,1875]
[0,214,480,803,1152,1722,1875]
[0,214,647,803,993,1152,1263,1713,1875]
[0,214,1152,1645,1875]
[0,214,1152,1722,1875]
[0,1582,1875]
[0,803,1875]
[0,214,647,803,993,1152,1645,1875]
[0,214,647,803,993,1152,1722,1875]
[0,214,803,993,1582,1722,1875]
[0,214,480,1152,1875]
[0,214,803,993,1152,1263,1645,1722,1875]
[0,214,800,993,1152,1875]
[0,214,801,993,1875]
[0,214,1152,1263,1645,1875]
[0,214,803,993,1152,1263,1645,1875]
[0,1152,1582,1875]
[0,214,800,1152,1713,1875]
[0,480,803,1875]
[0,214,1152,1294,1875]
[0,214,647,803,993,1152,1263,1582,1722,1875]
[0,1152,1875]
[0,1263,1582,1875]
[0,800,1152,1875]
[0,1152,1645,1875]
[0,214,1152,1263,1582,1722,1875]
[0,993,1875]
[0,214,1875]
[0,214,480,803,1875]
[0,214,993,1582,1722,1875]
[0,214,801,993,1152,1263,1582,1722,1875]
[0,480,803,1152,1875]
[0,214,803,1875]
[0,214,803,993,1152,1645,1875]
[0,214,480,1152,1722,1875]
[0,214,803,993,1152,1722,1875]
[0,214,993,1152,1645,1875]
[0,214,1263,1582,1875]
[0,1152,1263,1582,1722,1875]
[0,214,993,1152,1263,1582,1722,1875]
[0,214,993,1152,1875]
[0,214,993,1152,1263,1645,1722,1875]
[0,214,803,993,1152,1875]
