[0,275,384,547,741,836,927,1106,1264]
[0,277,608,927,1264]
[0,275,547,741,1264]
[0,277,557,1264]
[0,275,384,1264]
[0,557,1264]
[0,275,547,836,1106,1264]
[0,275,384,547,836,1106,1264]
[0,275,384,741,836,1264]
[0,275,384,547,741,1264]
[0,275,384,557,734,836,927,1264]
[0,275,384,547,741,836,1106,1264]
[0,276,588,836,1264]
[0,275,384,836,1106,1264]
[0,547,927,1264]
[0,275,384,547,608,741,836,927,1106,1264]
[0,275,384,547,741,836,1264]
[0,275,1264]
[0,275,364,557,927,1264]
[0,275,384,557,734,836,1264]
[0,275,557,1264]
[0,836,1106,1264]
[0,276,836,1264]
[0,275,384,1106,1264]
[0,275,384,547,1264]
[0,836,1264]
[0,275,836,1264]
[0,277,1264]
[0,275,547,1106,1264]
[0,275,384,547,608,741,836,927,1264]
[0,277,557,927,1264]
[0,275,384,547,741,836,927,1264]
[0,557,927,1264]
[0,275,547,927,1264]
[0,275,557,734,1264]
[0,608,927,1264]
[0,275,384,741,836,1106,1264]
[0,275,364,557,1264]
[0,275,384,836,927,1264]
[0,275,384,547,927,1264]
[0,1106,1264]
[0,547,1264]
[0,275,547,1264]
[0,275,384,557,734,1264]
[0,275,384,557,1264]
[0,276,1264]
[0,277,608,1264]
[0,275,384,741,836,927,1264]
[0,275,1106,1264]
[0,275,384,557,836,927,1264]
[0,275,557,927,1264]
[0,275,384,557,927,1264]
[0,608,1264]
[0,275,836,1106,1264]
[0,275,547,836,1264]
[0,275,384,836,1264]
