[0,589,764,906,1044,1427]
[0,261,827,1121,1427]
[0,261,872,1427]
[0,827,1427]
[0,138,589,763,1427]
[0,261,764,1427]
[0,261,764,1044,1427]
[0,261,763,827,911,1427]
[0,226,589,1044,1427]
[0,261,911,1427]
[0,138,261,589,764,906,1044,1121,1427]
[0,138,261,764,1427]
[0,138,261,764,827,1427]
[0,138,261,764,906,1427]
[0,138,261,763,911,1427]
[0,764,827,906,1427]
[0,764,827,1427]
[0,138,261,589,763,1427]
[0,589,763,911,1427]
[0,261,827,1427]
[0,138,261,911,1427]
[0,872,1427]
[0,226,589,827,1044,1427]
[0,589,764,906,1427]
[0,138,1044,1427]
[0,589,763,1427]
[0,763,827,1427]
[0,138,261,763,1427]
[0,138,261,589,764,906,1427]
[0,261,764,906,1427]
[0,589,827,1044,1427]
[0,911,1427]
[0,763,827,911,1427]
[0,827,1121,1427]
[0,261,764,827,906,1427]
[0,138,261,589,763,911,1427]
[0,138,261,589,764,906,1044,1427]
[0,138,261,589,763,827,911,1163,1427]
[0,589,763,1163,1427]
[0,138,261,589,764,1427]
[0,763,1427]
[0,138,589,763,991,1427]
[0,138,261,763,827,911,1427]
[0,138,261,764,827,1044,1427]
[0,138,261,589,763,911,1163,1427]
[0,763,1163,1427]
[0,589,1427]
[0,138,261,1044,1427]
[0,138,589,763,991,1163,1427]
[0,589,763,911,1163,1427]
[0,138,261,872,1427]
[0,589,764,1427]
[0,906,1427]
[0,138,261,589,764,827,906,1427]
[0,589,763,991,1427]
[0,763,991,1427]
[0,827,911,1427]
[0,138,261,589,764,827,1044,1121,1427]
[0,138,261,589,764,827,1044,1427]
[0,138,589,763,911,1427]
[0,1044,1427]
[0,138,261,827,872,1427]
[0,138,261,589,763,827,911,1427]
[0,991,1427]
[0,261,763,1427]
[0,764,1427]
[0,827,906,1427]
[0,138,261,589,763,991,1163,1427]
[0,138,261,589,763,991,1427]
[0,138,589,764,906,1427]
[0,138,261,764,827,906,1427]
[0,589,763,991,1163,1427]
[0,138,589,764,906,1044,1427]
[0,138,589,764,1427]
[0,138,261,589,764,1044,1121,1427]
[0,261,763,911,1427]
[0,138,261,589,764,827,906,1044,1427]
[0,138,261,764,1044,1427]
[0,589,764,1044,1427]
[0,138,589,763,911,1163,1427]
[0,764,1044,1427]
[0,589,1044,1427]
[0,138,261,589,764,827,906,1044,1121,1427]
[0,138,261,589,764,1044,1427]
[0,138,589,764,1044,1427]
