[0,214,776,1756,2189]
[0,341,2189]
[0,214,646,776,946,1996,2189]
[0,79,2189]
[0,214,1342,2189]
[0,341,1756,2189]
[0,946,2189]
[0,214,421,646,776,946,1342,1756,1996,2189]
[0,214,776,1342,2189]
[0,946,1996,2189]
[0,214,646,776,946,2189]
[0,214,421,776,1342,2189]
[0,421,1342,1756,1996,2189]
[0,1996,2189]
[0,214,776,946,1996,2189]
[0,421,946,1996,2189]
[0,1626,2189]
[0,946,1756,1996,2189]
[0,1342,2189]
[0,646,776,946,2189]
[0,79,214,341,646,776,946,1756,1996,2189]
[0,776,2189]
[0,214,776,2189]
[0,79,776,946,2189]
[0,79,421,646,776,946,2189]
[0,214,421,946,1756,2189]
[0,341,776,1756,2189]
[0,421,646,776,946,1996,2189]
[0,79,1530,1996,2189]
[0,79,776,2189]
[0,79,421,1342,1756,1996,2189]
[0,214,421,1342,1996,2189]
[0,214,1342,1756,2189]
[0,214,421,1342,1756,2189]
[0,421,776,946,1756,1996,2189]
[0,214,421,776,946,1996,2189]
[0,79,646,776,946,1996,2189]
[0,214,421,946,1996,2189]
[0,421,646,776,946,2189]
[0,214,421,2189]
[0,214,646,776,946,1756,1996,2189]
[0,1342,1996,2189]
[0,79,421,646,776,946,1756,1996,2189]
[0,214,421,1756,2189]
[0,79,341,1756,1996,2189]
[0,1342,1756,2189]
[0,1756,1996,2189]
[0,421,1342,1996,2189]
[0,421,1342,1756,2189]
[0,646,776,2189]
[0,214,341,646,776,946,1756,1996,2189]
[0,214,421,1342,2189]
[0,776,1756,2189]
[0,214,421,646,776,2189]
[0,79,214,421,1342,1996,2189]
[0,341,776,946,1756,1996,2189]
[0,776,946,1756,1996,2189]
[0,214,421,946,1756,1996,2189]
[0,214,2189]
[0,214,421,646,776,946,1756,1996,2189]
[0,214,421,1756,1996,2189]
[0,214,341,646,776,946,2189]
[0,214,776,1996,2189]
[0,776,1342,1756,2189]
[0,341,776,1756,1996,2189]
[0,421,776,946,1996,2189]
[0,214,1996,2189]
[0,79,1342,2189]
[0,214,946,2189]
[0,214,341,1756,1996,2189]
[0,214,1756,2189]
[0,1756,2189]
[0,214,341,646,776,946,1996,2189]
[0,214,421,776,946,2189]
[0,79,1996,2189]
[0,79,421,1342,2189]
[0,341,1626,2189]
[0,214,776,1756,1996,2189]
[0,79,341,646,776,946,1756,1996,2189]
[0,1530,1996,2189]
[0,79,214,421,646,776,946,1756,1996,2189]
[0,214,421,776,946,1756,1996,2189]
[0,341,646,776,946,1756,1996,2189]
[0,79,214,341,1756,1996,2189]
[0,79,646,776,946,1756,1996,2189]
[0,79,421,646,776,946,1996,2189]
[0,646,776,946,1756,1996,2189]
[0,214,646,2189]
[0,421,946,1756,2189]
[0,79,214,421,1342,1756,1996,2189]
[0,214,421,776,1342,1756,1996,2189]
[0,341,1756,1996,2189]
[0,421,946,1756,1996,2189]
[0,214,421,776,1342,1756,2189]
[0,214,946,1756,2189]
[0,214,421,646,776,946,2189]
[0,1342,1756,1996,2189]
[0,79,1342,1996,2189]
[0,646,2189]
[0,214,776,946,1756,1996,2189]
[0,79,646,776,946,2189]
[0,214,421,1342,1756,1996,2189]
[0,79,421,1342,1996,2189]
[0,214,776,1342,1756,2189]
[0,421,776,946,2189]
[0,214,421,776,946,1342,1756,1996,2189]
[0,646,776,946,1996,2189]
[0,421,646,776,946,1756,1996,2189]
[0,214,421,946,2189]
[0,421,946,2189]
[0,79,1530,2189]
[0,214,421,646,776,946,1996,2189]
[0,776,1342,2189]
[0,79,214,421,646,776,946,1342,1756,1996,2189]
[0,776,946,2189]
[0,1530,2189]
[0,421,1342,2189]
[0,214,421,646,2189]
[0,79,1756,1996,2189]
[0,776,946,1996,2189]
[0,214,776,946,2189]
[0,214,1756,1996,2189]
[0,946,1756,2189]
