[0,94,266,332,537,754,922]
[0,93,537,592,754,922]
[0,537,754,922]
[0,266,537,712,922]
[0,537,712,922]
[0,93,266,537,754,922]
[0,93,266,537,665,754,922]
[0,93,266,332,537,592,754,922]
[0,93,266,332,537,665,754,922]
[0,266,537,922]
[0,93,266,332,537,754,922]
[0,93,266,537,712,922]
[0,537,922]
[0,93,537,754,922]
[0,266,922]
[0,93,162,213,266,332,537,592,754,922]
[0,93,213,266,332,537,592,665,754,922]
[0,93,537,712,922]
[0,93,213,266,332,537,592,754,922]
[0,94,266,537,732,922]
[0,94,266,537,754,922]
[0,754,922]
[0,213,922]
[0,94,266,537,712,922]
[0,266,537,754,922]
[0,94,537,754,922]
[0,266,712,922]
[0,94,537,712,922]
[0,93,266,537,592,754,922]
[0,537,592,754,922]
[0,93,266,332,537,592,665,754,922]
[0,732,922]
[0,266,537,732,922]
[0,94,537,732,922]
[0,93,213,266,537,754,922]
[0,93,213,266,537,712,922]
[0,537,732,922]
[0,93,162,213,266,332,537,592,665,754,922]
