[0,1184,1597,2211]
[0,353,1184,2211]
[0,1023,2211]
[0,353,1023,2211]
[0,645,799,2211]
[0,378,729,1184,2211]
[0,242,353,2211]
[0,1023,1184,1921,2211]
[0,220,364,645,799,1184,2211]
[0,364,645,799,1184,1921,2211]
[0,220,378,729,1184,1921,2211]
[0,364,799,1023,1184,1921,2211]
[0,799,1184,2211]
[0,645,811,1184,2211]
[0,645,811,1023,1184,1897,2211]
[0,811,2211]
[0,645,799,1184,2211]
[0,353,811,2211]
[0,353,2211]
[0,364,2211]
[0,811,1184,2211]
[0,353,811,1023,1184,1897,2211]
[0,364,799,2211]
[0,220,364,645,799,1023,1184,1921,2211]
[0,220,378,1023,1184,1921,2211]
[0,645,799,1023,1184,1921,2211]
[0,645,1023,1184,1921,2211]
[0,645,811,2211]
[0,242,353,811,1184,1897,2211]
[0,220,364,645,799,1184,1921,2211]
[0,378,1184,2211]
[0,378,729,1023,1184,1921,2211]
[0,353,811,1184,1897,2211]
[0,1184,2211]
[0,729,1184,1897,2211]
[0,242,353,645,811,1023,1184,1897,2211]
[0,353,1184,1897,2211]
[0,729,1184,1921,2211]
[0,799,1184,1921,2211]
[0,353,1023,1184,1897,2211]
[0,353,811,1184,2211]
[0,353,645,811,1184,1897,2211]
[0,1897,2211]
[0,353,1023,1184,2211]
[0,242,353,1023,1184,1897,2211]
[0,364,645,799,1023,1184,1921,2211]
[0,645,1023,2211]
[0,378,1023,1184,1921,2211]
[0,364,799,1184,2211]
[0,242,353,1023,1184,2211]
[0,645,1023,1184,2211]
[0,729,1184,2211]
[0,364,645,799,1184,2211]
[0,811,1184,1897,2211]
[0,645,1023,1921,2211]
[0,378,729,1184,1921,2211]
[0,378,1184,1921,2211]
[0,1023,1184,2211]
[0,353,645,811,1023,1184,1897,2211]
[0,645,2211]
[0,645,811,1184,1897,2211]
[0,242,353,811,2211]
[0,242,353,811,1184,2211]
[0,364,799,1184,1921,2211]
[0,811,1184,1597,2211]
[0,799,2211]
[0,251,1184,2211]
[0,645,799,1184,1921,2211]
[0,220,378,729,1023,1184,1921,2211]
[0,1184,1921,2211]
[0,1184,1897,2211]
[0,242,353,811,1023,1184,1897,2211]
[0,242,353,645,811,1184,1897,2211]
[0,353,1897,2211]
