[0,59,348,456,562,775,906,997]
[0,547,695,997]
[0,106,906,997]
[0,59,456,997]
[0,456,562,695,906,997]
[0,59,348,456,562,695,906,997]
[0,348,456,562,775,997]
[0,547,997]
[0,312,695,997]
[0,59,456,562,775,906,997]
[0,456,906,997]
[0,695,906,997]
[0,562,695,906,997]
[0,139,775,997]
[0,106,547,695,997]
[0,139,775,906,997]
[0,905,997]
[0,139,222,348,456,562,775,906,997]
[0,106,456,562,695,906,997]
[0,106,547,695,906,997]
[0,775,997]
[0,425,997]
[0,348,456,562,695,906,997]
[0,348,456,562,695,997]
[0,456,562,997]
[0,59,456,562,695,997]
[0,106,547,775,906,997]
[0,562,775,997]
[0,59,456,562,906,997]
[0,59,906,997]
[0,348,456,562,775,906,997]
[0,456,905,997]
[0,139,348,456,775,997]
[0,456,547,775,906,997]
[0,547,775,997]
[0,775,906,997]
[0,562,775,906,997]
[0,139,456,562,997]
[0,456,562,695,997]
[0,547,695,906,997]
[0,312,997]
[0,562,695,997]
[0,456,562,906,997]
[0,348,456,695,997]
[0,106,456,562,695,997]
[0,906,997]
[0,139,348,456,562,775,997]
[0,348,695,997]
[0,106,456,547,775,906,997]
[0,139,456,775,997]
[0,425,562,997]
[0,106,425,906,997]
[0,139,456,562,775,997]
[0,139,456,997]
[0,139,456,562,775,906,997]
[0,547,775,906,997]
[0,106,312,547,695,997]
[0,59,562,695,906,997]
[0,139,456,547,775,906,997]
[0,106,312,547,695,906,997]
[0,348,456,775,997]
[0,456,997]
[0,456,562,775,906,997]
[0,106,997]
[0,106,425,562,906,997]
[0,106,425,562,997]
[0,139,997]
[0,59,456,562,695,906,997]
[0,139,456,775,906,997]
[0,348,775,997]
[0,106,425,997]
[0,456,562,775,997]
[0,348,997]
[0,348,456,997]
[0,59,456,906,997]
[0,139,348,456,562,775,906,997]
[0,312,547,695,997]
[0,59,695,906,997]
[0,139,222,456,562,775,906,997]
[0,695,997]
[0,456,775,997]
[0,59,997]
[0,59,456,562,997]
[0,106,547,775,997]
