[0,139,537,774,972,1046]
[0,139,204,537,695,774,859,972,1046]
[0,565,962,1046]
[0,139,204,537,647,695,972,1046]
[0,139,338,537,774,859,972,1046]
[0,139,369,547,774,887,976,1046]
[0,139,547,695,887,976,1046]
[0,139,537,695,774,859,972,1046]
[0,547,1046]
[0,547,774,976,1046]
[0,537,695,1046]
[0,537,774,1046]
[0,976,1046]
[0,139,534,695,1046]
[0,547,976,1046]
[0,139,204,369,537,774,859,972,1046]
[0,139,369,537,774,1046]
[0,139,204,547,695,887,976,1046]
[0,139,534,970,1046]
[0,695,976,1046]
[0,139,204,369,547,774,887,976,1046]
[0,139,204,547,647,695,976,1046]
[0,139,204,547,695,976,1046]
[0,139,338,537,774,972,1046]
[0,139,537,1046]
[0,139,204,547,647,695,774,887,976,1046]
[0,139,204,547,695,774,887,976,1046]
[0,139,537,695,972,1046]
[0,139,204,369,547,647,695,774,887,976,1046]
[0,139,369,547,695,774,1046]
[0,139,369,547,774,887,1046]
[0,139,204,369,537,647,695,774,859,972,1046]
[0,338,537,695,856,1046]
[0,139,534,695,970,1046]
[0,139,299,547,774,976,1046]
[0,537,859,1046]
[0,139,537,695,774,859,1046]
[0,139,537,695,859,972,1046]
[0,139,299,547,774,887,976,1046]
[0,537,1046]
[0,369,547,1046]
[0,139,338,537,695,856,1046]
[0,139,369,537,774,859,972,1046]
[0,139,369,537,695,774,859,972,1046]
[0,139,537,970,1046]
[0,139,299,547,1046]
[0,338,537,774,1046]
[0,139,565,1046]
[0,139,338,537,970,1046]
[0,139,204,537,647,695,774,859,972,1046]
[0,139,338,537,774,1046]
[0,139,547,1046]
[0,139,299,547,976,1046]
[0,139,369,537,774,859,1046]
[0,139,299,547,774,887,1046]
[0,565,1046]
[0,547,774,887,976,1046]
[0,139,547,695,774,887,1046]
[0,139,338,537,972,1046]
[0,534,695,1046]
[0,139,338,537,695,972,1046]
[0,139,369,537,695,774,1046]
[0,139,547,695,1046]
[0,547,695,1046]
[0,139,547,774,1046]
[0,139,204,369,537,695,774,859,972,1046]
[0,139,547,695,774,1046]
[0,139,369,547,695,1046]
[0,139,369,547,774,1046]
[0,139,338,537,695,856,972,1046]
[0,139,204,547,976,1046]
[0,338,1046]
[0,537,970,1046]
[0,547,774,1046]
[0,537,695,859,1046]
[0,139,547,774,887,1046]
[0,139,547,695,976,1046]
[0,139,204,537,774,859,972,1046]
[0,139,547,774,887,976,1046]
[0,369,537,774,1046]
[0,139,565,962,1046]
[0,139,369,547,976,1046]
[0,537,972,1046]
[0,139,204,537,647,695,859,972,1046]
[0,338,537,856,1046]
[0,299,547,774,1046]
[0,139,547,976,1046]
[0,299,547,1046]
[0,338,537,695,1046]
[0,139,369,547,695,774,887,1046]
[0,369,547,774,1046]
[0,547,695,887,1046]
[0,139,369,547,695,774,887,976,1046]
[0,139,537,774,859,1046]
[0,139,369,537,695,774,859,1046]
[0,139,204,537,695,972,1046]
[0,139,369,547,1046]
[0,369,547,695,1046]
[0,139,204,547,774,887,976,1046]
[0,139,537,695,774,1046]
[0,139,204,537,695,859,972,1046]
[0,139,204,369,547,695,774,887,976,1046]
[0,139,299,1046]
[0,139,547,695,887,1046]
[0,547,774,887,1046]
[0,139,369,547,695,976,1046]
[0,139,547,695,774,887,976,1046]
[0,139,537,695,1046]
[0,139,537,774,1046]
[0,139,338,537,774,859,1046]
[0,139,204,547,647,695,887,976,1046]
[0,695,1046]
[0,547,887,1046]
[0,139,537,972,1046]
[0,534,1046]
[0,139,695,1046]
[0,139,338,537,1046]
[0,139,537,695,859,1046]
[0,338,537,1046]
[0,299,1046]
[0,139,534,1046]
[0,139,299,547,774,1046]
[0,139,338,537,695,1046]
[0,139,338,1046]
[0,139,537,774,859,972,1046]
[0,139,338,537,695,970,1046]
[0,537,856,1046]
[0,139,204,537,972,1046]
[0,534,970,1046]
