[0,144,633,754,2020]
[0,220,378,633,1371,1776,2020]
[0,144,378,633,754,2020]
[0,220,1224,1371,2020]
[0,144,633,754,1068,1224,1371,1665,1776,2020]
[0,144,754,1068,1224,1371,1665,1776,2020]
[0,178,1068,2020]
[0,220,754,1068,1224,2020]
[0,144,754,1371,1730,2020]
[0,1068,1319,2020]
[0,144,633,754,1068,1224,1371,1776,2020]
[0,144,633,754,1665,2020]
[0,220,378,633,1224,1371,1776,2020]
[0,220,633,1224,1371,1776,2020]
[0,144,1068,1224,1371,2020]
[0,220,1068,1224,1371,1776,2020]
[0,220,633,1224,1371,1665,1776,2020]
[0,1068,1224,1665,2020]
[0,220,378,1224,1371,1776,2020]
[0,144,378,633,754,1068,1224,1371,1776,2020]
[0,220,378,633,754,1224,1371,1665,1776,2020]
[0,1068,1224,1665,1776,2020]
[0,178,1776,2020]
[0,144,378,2020]
[0,220,754,1068,1224,1371,2020]
[0,144,754,2020]
[0,1371,1730,2020]
[0,220,378,633,754,1068,1224,1371,1665,1776,2020]
[0,144,1068,1224,1665,2020]
[0,378,754,1665,2020]
[0,754,1371,2020]
[0,178,754,1665,1776,2020]
[0,1224,1371,2020]
[0,144,633,754,1665,1776,2020]
[0,378,1068,2020]
[0,1068,1224,1371,2020]
[0,754,1068,1776,2020]
[0,1224,1371,1776,2020]
[0,1068,2020]
[0,144,754,1665,1776,2020]
[0,144,1068,1224,1371,1776,2020]
[0,220,1776,2020]
[0,220,378,633,754,1068,1224,1371,1776,2020]
[0,220,1068,1224,1776,2020]
[0,754,1665,2020]
[0,220,1068,1776,2020]
[0,220,378,754,1068,2020]
[0,1068,1224,2020]
[0,220,754,1068,1224,1371,1776,2020]
[0,220,378,754,1068,1776,2020]
[0,144,1776,2020]
[0,754,1371,1776,2020]
[0,220,633,754,1068,1224,1371,1665,1776,2020]
[0,144,378,754,1665,2020]
[0,1776,2020]
[0,1232,2020]
[0,178,1232,2020]
[0,220,378,754,1068,1224,1776,2020]
[0,220,378,1224,1371,1665,1776,2020]
[0,144,378,633,754,1665,2020]
[0,178,633,754,2020]
[0,220,1224,1371,1665,1776,2020]
[0,144,754,1068,1224,1371,1776,2020]
[0,1068,1224,1371,1776,2020]
[0,144,633,754,1371,1730,2020]
[0,178,633,754,1665,2020]
[0,1068,1224,1776,2020]
[0,378,754,1068,1224,1776,2020]
[0,220,1371,1776,2020]
[0,378,754,1068,2020]
[0,144,378,633,754,1068,1224,1371,1665,1776,2020]
[0,1224,1665,1776,2020]
[0,220,378,754,1068,1224,2020]
[0,220,378,1371,1776,2020]
[0,1665,1776,2020]
[0,144,1068,1224,2020]
[0,144,1068,1224,1371,1665,1776,2020]
[0,1224,2020]
[0,144,754,1068,1224,1371,2020]
[0,144,754,1665,2020]
[0,220,754,1068,1776,2020]
[0,1224,1665,2020]
[0,220,2020]
[0,754,1068,1224,1371,2020]
[0,754,1068,2020]
[0,378,754,1068,1776,2020]
[0,378,633,2020]
[0,178,754,1665,2020]
[0,378,754,2020]
[0,633,1224,2020]
[0,633,1424,2020]
[0,220,754,1068,2020]
[0,633,2020]
[0,754,2020]
[0,220,754,1068,1224,1776,2020]
[0,144,633,754,1371,2020]
[0,1371,1776,2020]
[0,633,1371,2020]
[0,144,378,633,754,1665,1776,2020]
[0,633,1371,1776,2020]
[0,178,1665,2020]
[0,178,1665,1776,2020]
[0,144,378,754,1068,1224,1371,1776,2020]
[0,754,1068,1224,2020]
[0,144,754,1371,2020]
[0,144,2020]
[0,144,378,633,2020]
[0,754,1068,1224,1371,1776,2020]
[0,220,1224,2020]
[0,220,378,754,1068,1224,1371,1776,2020]
[0,220,1224,1371,1776,2020]
[0,178,754,2020]
[0,144,378,1665,2020]
[0,754,1068,1371,2020]
[0,1224,1371,1665,1776,2020]
[0,220,1068,1224,2020]
[0,220,1068,1224,1371,2020]
[0,144,1665,1776,2020]
[0,754,1371,1730,2020]
[0,220,378,633,1224,1371,1665,1776,2020]
[0,754,1068,1224,1776,2020]
[0,144,1068,1224,1665,1776,2020]
[0,220,754,1068,1224,1371,1665,1776,2020]
[0,178,2020]
[0,754,1068,1371,1776,2020]
[0,220,378,633,754,1224,1371,1776,2020]
[0,378,2020]
[0,1371,2020]
[0,1068,1224,1371,1665,1776,2020]
[0,220,754,1371,1776,2020]
[0,1068,1776,2020]
[0,220,754,1068,1371,1776,2020]
[0,220,754,2020]
[0,220,633,1371,1776,2020]
[0,220,633,754,1224,1371,1776,2020]
[0,178,1068,1319,2020]
[0,378,1665,2020]
[0,220,633,754,1068,1224,1371,1776,2020]
[0,378,754,1068,1224,1371,1776,2020]
[0,220,633,754,1224,1371,1665,1776,2020]
[0,1665,2020]
[0,178,633,754,1665,1776,2020]
[0,220,1068,1224,1371,1665,1776,2020]
