[0,186,407,506,885,1046]
[0,186,506,1046]
[0,186,407,506,686,739,784,829,885,1046]
[0,407,506,885,1046]
[0,407,506,686,885,1046]
[0,506,730,1046]
[0,506,686,1046]
[0,76,186,407,506,739,784,885,1046]
[0,186,407,506,686,739,829,885,1046]
[0,407,506,826,885,1046]
[0,186,506,686,1046]
[0,407,506,739,885,1046]
[0,76,186,407,506,1046]
[0,407,506,784,885,1046]
[0,186,506,739,885,1046]
[0,76,186,506,885,1046]
[0,186,407,506,739,784,829,885,1046]
[0,407,506,730,829,1046]
[0,730,829,1046]
[0,123,506,885,1046]
[0,506,739,885,1046]
[0,76,186,407,506,784,885,1046]
[0,186,407,506,739,829,885,1046]
[0,784,1046]
[0,76,186,407,506,885,1046]
[0,186,407,506,739,885,1046]
[0,76,186,407,506,739,885,1046]
[0,186,407,506,784,885,1046]
[0,885,1046]
[0,76,186,506,829,885,1046]
[0,123,506,1046]
[0,76,186,407,506,739,784,829,885,1046]
[0,186,407,506,686,885,1046]
[0,407,506,730,1046]
[0,76,186,506,1046]
[0,76,506,885,1046]
[0,76,407,506,784,885,1046]
[0,506,686,885,1046]
[0,186,506,686,885,1046]
[0,407,506,1046]
[0,76,885,1046]
[0,407,506,829,885,1046]
[0,186,506,784,885,1046]
[0,407,506,739,784,829,885,1046]
[0,407,506,739,829,885,1046]
[0,123,506,730,1046]
[0,506,1046]
[0,76,407,506,885,1046]
[0,506,885,1046]
[0,76,186,407,506,739,829,885,1046]
[0,506,784,885,1046]
[0,186,506,885,1046]
[0,506,730,829,1046]
[0,123,506,730,829,1046]
[0,76,506,739,885,1046]
[0,76,186,407,506,829,885,1046]
[0,76,506,784,885,1046]
[0,76,407,506,1046]
[0,730,1046]
[0,186,407,506,1046]
