[0,145,374,922]
[0,82,145,922]
[0,82,174,310,374,700,922]
[0,310,530,700,922]
[0,337,922]
[0,174,922]
[0,700,922]
[0,82,310,922]
[0,82,145,700,922]
[0,82,310,374,530,700,922]
[0,82,145,374,922]
[0,82,310,374,700,922]
[0,91,337,700,922]
[0,174,374,530,700,922]
[0,374,922]
[0,337,700,922]
[0,82,145,310,700,922]
[0,91,374,922]
[0,145,922]
[0,82,145,310,374,922]
[0,310,700,922]
[0,310,922]
[0,82,174,310,374,530,700,922]
[0,310,374,922]
[0,374,700,922]
[0,82,174,310,374,922]
[0,82,174,374,700,922]
[0,82,174,374,530,700,922]
[0,82,145,310,374,530,700,922]
[0,174,374,922]
[0,82,310,530,700,922]
[0,91,723,922]
[0,82,310,700,922]
[0,174,374,700,922]
[0,82,174,922]
[0,82,174,374,922]
[0,723,922]
[0,91,922]
[0,82,310,374,922]
[0,145,700,922]
[0,82,145,310,374,700,922]
