[0,101,653,832,1264]
[0,766,832,1175,1264]
[0,766,832,1151,1264]
[0,216,1264]
[0,593,832,1057,1264]
[0,766,983,1264]
[0,766,1264]
[0,283,832,1057,1151,1264]
[0,283,983,1264]
[0,101,766,1057,1151,1264]
[0,593,832,1151,1264]
[0,216,766,832,1264]
[0,216,823,1264]
[0,101,766,832,1057,1151,1264]
[0,832,1057,1151,1264]
[0,823,1264]
[0,283,832,1057,1175,1264]
[0,101,832,920,1057,1151,1264]
[0,101,593,832,1264]
[0,832,1175,1264]
[0,653,832,1264]
[0,101,766,1057,1264]
[0,653,832,1151,1264]
[0,593,832,1264]
[0,766,1057,1151,1264]
[0,216,283,832,920,1057,1151,1264]
[0,101,653,832,1175,1264]
[0,216,283,766,832,920,1264]
[0,766,832,1057,1151,1264]
[0,101,832,920,1057,1175,1264]
[0,216,283,766,983,1175,1264]
[0,283,832,1057,1264]
[0,983,1175,1264]
[0,283,1264]
[0,216,283,766,832,1151,1264]
[0,101,832,1057,1264]
[0,216,283,832,920,1057,1175,1264]
[0,216,283,766,832,920,983,1264]
[0,283,983,1175,1264]
[0,216,283,832,1057,1151,1264]
[0,766,832,1264]
[0,653,832,983,1264]
[0,216,283,766,832,920,983,1057,1151,1264]
[0,283,1057,1175,1264]
[0,216,283,1057,1175,1264]
[0,766,832,920,1057,1151,1264]
[0,283,832,1151,1264]
[0,216,283,832,1151,1264]
[0,832,920,1057,1175,1264]
[0,832,920,1057,1151,1264]
[0,101,1057,1175,1264]
[0,216,283,766,832,1264]
[0,216,283,832,1057,1175,1264]
[0,101,832,1151,1264]
[0,283,832,920,1057,1175,1264]
[0,101,766,832,920,1057,1175,1264]
[0,1057,1175,1264]
[0,101,832,1057,1175,1264]
[0,832,1151,1264]
[0,216,283,766,832,920,1057,1151,1264]
[0,593,832,1057,1151,1264]
[0,216,766,983,1175,1264]
[0,216,593,832,1057,1264]
[0,216,283,832,1264]
[0,101,832,1264]
[0,832,920,1264]
[0,216,832,1264]
[0,101,766,1057,1175,1264]
[0,101,593,832,1057,1151,1264]
[0,216,283,766,832,920,983,1175,1264]
[0,832,1264]
[0,216,283,766,832,920,1057,1175,1264]
[0,216,653,832,1264]
[0,101,593,832,1057,1264]
[0,101,766,832,1057,1175,1264]
[0,832,1057,1175,1264]
[0,216,283,766,832,1057,1151,1264]
[0,216,283,983,1175,1264]
[0,216,283,983,1264]
[0,101,653,832,1151,1264]
[0,216,283,766,832,983,1175,1264]
[0,283,1057,1264]
[0,653,832,1175,1264]
[0,216,283,766,832,1057,1175,1264]
[0,983,1264]
[0,766,832,1057,1175,1264]
[0,766,1057,1175,1264]
[0,216,593,832,1264]
[0,101,593,832,1151,1264]
[0,766,983,1175,1264]
[0,283,832,920,1264]
[0,216,766,983,1264]
[0,216,653,832,1151,1264]
[0,101,766,832,920,1057,1151,1264]
[0,283,832,1264]
[0,216,283,766,832,1175,1264]
[0,216,283,1264]
[0,766,1057,1264]
[0,283,1057,1151,1264]
[0,216,283,1057,1151,1264]
[0,101,653,832,983,1264]
[0,216,283,766,832,920,983,1057,1175,1264]
[0,216,283,832,920,1264]
[0,101,1057,1151,1264]
[0,216,832,1057,1264]
[0,766,832,920,1057,1175,1264]
[0,283,832,1175,1264]
[0,216,283,832,1175,1264]
[0,216,283,1057,1264]
[0,283,832,920,1057,1151,1264]
[0,832,1057,1264]
[0,101,653,832,983,1175,1264]
[0,101,1057,1264]
[0,1057,1151,1264]
[0,101,832,1057,1151,1264]
[0,1057,1264]
