[0,1078,1427]
[0,323,574,1078,1427]
[0,323,1427]
[0,275,402,574,655,1427]
[0,655,1427]
[0,275,1078,1427]
[0,574,1078,1427]
[0,275,402,1078,1286,1348,1427]
[0,275,402,1078,1427]
[0,80,205,275,402,574,1078,1348,1427]
[0,275,402,1427]
[0,80,205,275,402,1078,1286,1348,1427]
[0,1348,1427]
[0,323,574,1348,1427]
[0,80,275,402,574,1078,1427]
[0,80,275,402,574,655,1078,1427]
[0,275,402,655,1348,1427]
[0,80,275,402,574,655,1427]
[0,205,275,402,574,655,1078,1348,1427]
[0,323,1348,1427]
[0,1078,1348,1427]
[0,275,655,1427]
[0,275,402,655,1427]
[0,574,1078,1348,1427]
[0,80,275,402,574,1078,1348,1427]
[0,323,574,1078,1348,1427]
[0,275,574,1078,1427]
[0,275,402,574,1078,1348,1427]
[0,205,275,402,1078,1286,1348,1427]
[0,80,205,275,402,574,655,1078,1286,1348,1427]
[0,80,275,402,1078,1348,1427]
[0,205,275,402,1078,1348,1427]
[0,275,1348,1427]
[0,80,205,275,402,574,655,1078,1348,1427]
[0,80,275,402,1078,1427]
[0,80,275,402,574,655,1348,1427]
[0,80,205,275,402,574,1078,1286,1348,1427]
[0,275,402,1348,1427]
[0,275,402,574,655,1078,1348,1427]
[0,275,402,574,1078,1286,1348,1427]
[0,275,402,1078,1348,1427]
[0,275,402,574,655,1078,1427]
[0,205,275,402,1348,1427]
[0,205,275,402,574,655,1348,1427]
[0,205,275,402,574,655,1078,1286,1348,1427]
[0,275,402,574,1078,1427]
[0,275,1427]
[0,80,275,402,574,655,1078,1348,1427]
[0,80,205,275,402,574,655,1348,1427]
[0,574,1427]
[0,80,205,275,402,1078,1348,1427]
[0,275,402,574,655,1078,1286,1348,1427]
[0,323,574,1427]
[0,275,402,574,655,1348,1427]
