[0,629,869,1289,1710,1875]
[0,93,187,629,869,1289,1710,1875]
[0,187,443,629,869,1124,1289,1710,1875]
[0,818,1143,1513,1875]
[0,443,629,869,1289,1875]
[0,592,818,1289,1710,1875]
[0,592,818,1143,1875]
[0,443,629,869,1289,1710,1875]
[0,187,629,869,1289,1875]
[0,443,629,869,1124,1289,1710,1875]
[0,93,187,443,629,869,1124,1289,1710,1875]
[0,592,818,1143,1513,1875]
[0,869,1875]
[0,592,818,1143,1513,1710,1875]
[0,818,1875]
[0,93,187,629,869,1124,1289,1710,1875]
[0,1434,1875]
[0,869,1289,1875]
[0,187,818,1289,1875]
[0,52,661,818,1124,1289,1710,1875]
[0,52,818,1289,1710,1875]
[0,681,1875]
[0,52,661,818,1289,1710,1875]
[0,187,818,1124,1289,1710,1875]
[0,187,443,629,869,1289,1710,1875]
[0,818,1289,1875]
[0,187,443,629,869,1289,1875]
[0,818,1143,1710,1875]
[0,592,818,1124,1289,1710,1875]
[0,869,1124,1289,1710,1875]
[0,818,1513,1875]
[0,187,661,818,1289,1710,1875]
[0,869,1513,1875]
[0,629,869,1289,1875]
[0,592,818,1143,1710,1875]
[0,537,1434,1875]
[0,187,818,1289,1710,1875]
[0,592,818,1289,1875]
[0,681,1143,1875]
[0,818,1143,1875]
[0,843,1513,1875]
[0,661,818,1124,1289,1710,1875]
[0,818,1289,1710,1875]
[0,187,661,818,1124,1289,1710,1875]
[0,869,1289,1710,1875]
[0,818,1124,1289,1710,1875]
[0,52,187,661,818,1124,1289,1710,1875]
[0,661,818,1289,1710,1875]
[0,187,629,869,1289,1710,1875]
[0,843,1875]
[0,537,1875]
[0,187,629,869,1124,1289,1710,1875]
