[0,172,372,482,809,989,1283,1440,2019]
[0,809,989,1440,1829,2019]
[0,372,989,1232,1440,2019]
[0,172,838,1440,1820,2019]
[0,809,2019]
[0,172,989,1232,1440,2019]
[0,172,372,809,989,1440,1829,2019]
[0,172,372,482,809,989,1440,2019]
[0,172,372,809,989,1440,2019]
[0,172,372,838,1440,1659,1820,2019]
[0,372,809,989,1440,2019]
[0,172,372,838,989,1440,1820,2019]
[0,838,989,2019]
[0,838,1440,2019]
[0,172,372,470,838,989,1440,1659,1820,2019]
[0,838,989,1440,1659,1820,2019]
[0,172,372,470,781,989,1440,1820,2019]
[0,470,989,1440,2019]
[0,172,809,989,1440,2019]
[0,989,2019]
[0,172,838,989,1440,2019]
[0,372,482,809,989,1440,2019]
[0,809,1440,2019]
[0,172,781,989,1440,1820,2019]
[0,172,372,838,1440,2019]
[0,172,372,809,989,1283,1440,2019]
[0,172,372,470,781,989,1440,2019]
[0,1440,2019]
[0,838,1440,1820,2019]
[0,781,989,1440,2019]
[0,482,1692,2019]
[0,372,470,838,989,1440,2019]
[0,172,838,1440,2019]
[0,172,781,989,1440,2019]
[0,482,809,989,1440,2019]
[0,838,989,1232,1440,1903,2019]
[0,482,2019]
[0,172,838,989,1232,1440,2019]
[0,46,172,372,482,809,989,1440,2019]
[0,372,838,1440,2019]
[0,172,372,781,989,1440,2019]
[0,372,1440,2019]
[0,172,838,989,1440,1820,2019]
[0,838,989,1232,1440,2019]
[0,172,372,470,838,989,1232,1440,1903,2019]
[0,1440,1829,2019]
[0,482,809,1440,2019]
[0,372,470,838,989,1232,1440,1903,2019]
[0,172,838,1440,1659,1820,2019]
[0,172,838,989,1440,1659,1820,2019]
[0,781,2019]
[0,172,372,989,1232,1440,2019]
[0,1692,2019]
[0,372,838,1440,1820,2019]
[0,372,989,1440,2019]
[0,372,781,989,1440,1820,2019]
[0,838,1440,1659,1820,2019]
[0,989,1232,1440,2019]
[0,470,838,989,1440,2019]
[0,172,372,781,989,1440,1820,2019]
[0,172,372,470,838,989,1440,1820,2019]
[0,1232,1440,2019]
[0,172,372,838,1440,1820,2019]
[0,172,372,838,989,1440,1659,1820,2019]
[0,172,372,838,989,1440,2019]
[0,470,838,1440,2019]
[0,172,809,989,1440,1829,2019]
[0,809,989,1283,1440,2019]
[0,172,372,838,989,1232,1440,2019]
[0,470,838,989,1232,1440,2019]
[0,838,989,1440,2019]
[0,372,989,1440,1829,2019]
[0,172,372,470,838,989,1440,2019]
[0,916,2019]
[0,809,1440,1829,2019]
[0,172,372,838,989,1232,1440,1903,2019]
[0,809,989,1440,2019]
[0,172,809,989,1283,1440,2019]
[0,172,372,482,809,989,1440,1829,2019]
[0,372,781,989,1440,2019]
[0,781,1440,2019]
[0,989,1440,2019]
[0,372,809,989,1440,1829,2019]
[0,781,989,1440,1820,2019]
[0,1440,1820,2019]
[0,470,838,989,1232,1440,1903,2019]
[0,172,838,989,1232,1440,1903,2019]
[0,470,1440,2019]
[0,372,1440,1829,2019]
[0,372,916,2019]
[0,46,172,372,482,809,989,1283,1440,2019]
[0,838,989,1440,1820,2019]
[0,470,989,1232,1440,2019]
[0,838,2019]
