[0,342,869,1156,1295,1419]
[0,425,705,1419]
[0,869,1111,1295,1369,1419]
[0,869,1295,1419]
[0,1295,1419]
[0,705,1156,1295,1419]
[0,258,425,626,705,1111,1295,1419]
[0,258,705,1111,1419]
[0,258,425,705,1295,1369,1419]
[0,705,1295,1369,1419]
[0,1156,1419]
[0,869,1111,1295,1419]
[0,342,869,1111,1419]
[0,258,425,705,869,1419]
[0,626,705,1111,1295,1369,1419]
[0,258,342,869,1156,1295,1419]
[0,258,342,425,626,705,1111,1295,1419]
[0,258,436,869,1419]
[0,258,626,705,1111,1295,1419]
[0,342,869,1419]
[0,258,342,705,1156,1295,1419]
[0,705,1295,1419]
[0,869,1156,1419]
[0,258,342,869,1295,1419]
[0,258,436,705,869,1156,1295,1419]
[0,258,425,705,1419]
[0,705,1156,1419]
[0,258,436,705,869,1156,1419]
[0,705,1111,1295,1369,1419]
[0,258,342,705,1156,1295,1369,1419]
[0,436,705,1419]
[0,258,342,425,705,869,1111,1295,1419]
[0,258,342,436,705,869,1156,1295,1419]
[0,425,869,1419]
[0,425,705,1295,1419]
[0,342,869,1295,1419]
[0,258,342,869,1295,1369,1419]
[0,869,1419]
[0,258,425,626,705,1111,1295,1369,1419]
[0,258,869,1111,1295,1369,1419]
[0,258,705,1111,1295,1419]
[0,258,436,705,1419]
[0,258,342,626,705,1156,1295,1369,1419]
[0,258,342,436,705,1156,1295,1419]
[0,1111,1295,1369,1419]
[0,258,425,705,869,1111,1419]
[0,436,705,1156,1295,1419]
[0,258,425,705,869,1111,1295,1419]
[0,258,425,869,1419]
[0,342,705,1156,1419]
[0,258,869,1111,1295,1419]
[0,1156,1295,1419]
[0,258,1156,1419]
[0,417,1419]
[0,436,705,1156,1419]
[0,258,396,869,1111,1295,1369,1419]
[0,258,396,869,1111,1295,1419]
[0,417,1149,1419]
[0,705,1419]
[0,258,342,436,626,705,869,1156,1295,1419]
[0,258,436,705,1156,1419]
[0,425,705,1111,1419]
[0,1295,1369,1419]
[0,258,1156,1295,1369,1419]
[0,258,436,705,1156,1295,1419]
[0,258,1156,1295,1419]
[0,258,869,1419]
[0,258,425,705,1111,1419]
[0,258,342,425,626,705,869,1111,1295,1419]
[0,258,342,626,705,1156,1295,1419]
[0,869,1295,1369,1419]
[0,258,342,1156,1295,1369,1419]
[0,258,342,425,705,1111,1295,1419]
[0,626,705,1111,1295,1419]
[0,342,705,1156,1295,1419]
[0,258,396,869,1419]
[0,258,342,425,626,705,869,1111,1295,1369,1419]
[0,1149,1419]
[0,1111,1295,1419]
[0,258,342,425,626,705,1111,1295,1369,1419]
[0,258,425,705,1111,1295,1419]
[0,258,425,705,1111,1295,1369,1419]
[0,705,1111,1295,1419]
[0,258,436,705,869,1419]
[0,258,342,436,626,705,869,1156,1295,1369,1419]
[0,258,626,705,1111,1295,1369,1419]
[0,869,1156,1295,1419]
[0,258,342,869,1156,1295,1369,1419]
[0,1111,1419]
[0,342,705,1419]
[0,342,869,1295,1369,1419]
[0,258,342,1156,1295,1419]
[0,258,425,705,1295,1419]
[0,425,705,1295,1369,1419]
[0,258,869,1111,1419]
[0,342,869,1156,1419]
[0,342,869,1255,1419]
[0,258,396,869,1111,1419]
[0,869,1111,1419]
[0,705,1111,1419]
[0,258,342,436,626,705,1156,1295,1419]
[0,342,869,1111,1295,1419]
[0,258,342,436,626,705,1156,1295,1369,1419]
[0,436,869,1419]
[0,1156,1295,1369,1419]
