[0,543,1448,1935,4285]
[0,543,2488,3964,4285]
[0,543,892,4285]
[0,1109,4285]
[0,543,947,4285]
[0,543,947,1935,3954,4235,4285]
[0,544,1224,1935,3964,4285]
[0,543,1935,4285]
[0,1492,3782,4285]
[0,543,947,1935,2488,3954,4285]
[0,543,1076,1935,3013,3732,3964,4285]
[0,543,4285]
[0,543,892,1935,3013,3964,4285]
[0,543,1076,1935,3013,3964,4285]
[0,1935,2825,4285]
[0,1224,1935,4285]
[0,543,3964,4173,4285]
[0,543,947,1448,1935,4285]
[0,543,1076,1935,3013,4285]
[0,3954,4285]
[0,543,3013,4285]
[0,543,947,1448,1935,2825,4285]
[0,543,947,3954,4235,4285]
[0,543,947,1935,2825,3964,4285]
[0,3964,4173,4285]
[0,1935,3938,4285]
[0,544,1224,1935,2825,4285]
[0,543,947,3964,4285]
[0,3782,4285]
[0,3938,4285]
[0,544,3964,4285]
[0,544,1224,3964,4285]
[0,543,947,1935,2825,4285]
[0,544,4285]
[0,544,1224,4285]
[0,543,3013,3964,4285]
[0,543,892,1935,3013,3964,4173,4285]
[0,543,1935,3013,3964,4285]
[0,1935,4285]
[0,1224,4285]
[0,543,892,1935,4285]
[0,543,947,3954,4285]
[0,543,947,1935,2488,4285]
[0,543,1448,1935,2488,4285]
[0,3013,4285]
[0,543,1109,1935,2825,4285]
[0,543,1076,1935,4285]
[0,4173,4285]
[0,544,1224,1935,2825,3964,4285]
[0,543,892,1935,3013,3732,3964,4285]
[0,1492,4285]
[0,543,3954,4235,4285]
[0,543,1109,1935,3938,4285]
[0,543,947,1935,4285]
[0,543,1076,1935,3964,4285]
[0,543,1935,3013,4285]
[0,543,892,1935,3013,4285]
[0,543,3964,4285]
[0,1935,2488,4285]
[0,543,1076,3964,4285]
[0,543,947,1448,1935,2488,3964,4285]
[0,543,947,1935,3964,4285]
[0,3954,4235,4285]
[0,543,947,1448,1935,2825,3964,4285]
[0,543,1076,4285]
[0,543,1109,4285]
[0,2488,4285]
[0,543,947,1448,1935,2488,4285]
[0,543,947,1935,2488,3954,4235,4285]
[0,543,1109,1935,2825,3938,4285]
[0,1224,1935,2825,4285]
[0,543,1109,1935,4285]
[0,543,1935,2488,3964,4285]
[0,544,1224,1935,4285]
[0,170,543,947,1448,1935,2488,3964,4285]
[0,1935,2825,3938,4285]
[0,1109,1935,2825,4285]
[0,543,1935,3013,3964,4173,4285]
[0,1109,1935,4285]
[0,543,947,1935,2488,3964,4285]
[0,1935,3964,4285]
[0,1935,3013,4285]
[0,543,1935,2825,4285]
[0,543,3954,4285]
[0,543,3013,3964,4173,4285]
[0,4235,4285]
[0,3964,4285]
[0,543,947,1935,3954,4285]
[0,543,1448,1935,2825,4285]
[0,543,2488,4285]
[0,543,1935,2488,4285]
