[0,436,507,688,1419]
[0,191,436,1419]
[0,292,436,507,688,1419]
[0,292,507,914,1419]
[0,1112,1419]
[0,292,1010,1419]
[0,362,436,507,688,1419]
[0,436,688,1419]
[0,191,292,507,688,1419]
[0,436,1419]
[0,292,370,436,507,688,1419]
[0,191,362,436,507,688,1419]
[0,232,517,1419]
[0,191,362,436,1419]
[0,517,1419]
[0,1010,1419]
[0,180,292,507,688,1324,1419]
[0,354,1419]
[0,507,688,1419]
[0,436,507,1010,1112,1419]
[0,292,507,1010,1112,1419]
[0,292,507,1010,1419]
[0,362,436,688,1419]
[0,191,292,362,436,507,1419]
[0,436,1112,1419]
[0,191,436,1010,1112,1419]
[0,436,507,688,1112,1419]
[0,191,436,507,1010,1112,1419]
[0,228,1024,1324,1419]
[0,292,507,688,1112,1419]
[0,180,292,507,688,1419]
[0,228,1419]
[0,688,1419]
[0,362,436,507,1419]
[0,354,1112,1419]
[0,232,517,1112,1419]
[0,1010,1112,1419]
[0,292,507,1419]
[0,292,507,688,1419]
[0,292,914,1419]
[0,1324,1419]
[0,191,292,1010,1112,1419]
[0,191,362,436,688,1419]
[0,232,517,1024,1324,1419]
[0,292,507,1112,1419]
[0,69,292,507,688,1324,1419]
[0,914,1419]
[0,292,370,436,507,1419]
[0,1024,1419]
[0,69,292,507,688,1419]
[0,370,436,507,1419]
[0,436,1010,1112,1419]
[0,688,1112,1419]
[0,191,292,507,688,1010,1112,1419]
[0,228,1024,1419]
[0,292,507,688,1324,1419]
[0,191,362,436,507,1419]
[0,191,292,362,436,507,688,1419]
[0,292,362,436,507,1419]
[0,191,436,1112,1419]
[0,69,292,507,688,1112,1419]
[0,436,507,1419]
[0,191,292,507,1010,1112,1419]
[0,191,292,436,507,688,1010,1112,1419]
[0,362,436,1419]
[0,292,507,688,1010,1112,1419]
[0,191,292,1419]
[0,292,1010,1112,1419]
[0,507,688,1112,1419]
[0,191,292,436,507,1010,1112,1419]
[0,292,1419]
[0,436,507,1010,1419]
[0,191,292,507,1419]
[0,517,1024,1419]
[0,517,1112,1419]
[0,292,436,507,1419]
[0,292,1112,1419]
[0,228,1324,1419]
[0,232,517,1024,1419]
[0,436,1010,1419]
[0,232,1419]
[0,292,507,914,1324,1419]
[0,191,436,688,1419]
