[0,409,831,1591,2287,2571,2759]
[0,831,1591,1783,2759]
[0,699,1839,2287,2759]
[0,831,973,1591,1783,2287,2516,2759]
[0,175,600,831,2759]
[0,175,600,831,1839,2759]
[0,487,831,1591,2759]
[0,831,2571,2759]
[0,831,2287,2759]
[0,175,600,831,1839,2287,2759]
[0,175,600,831,2287,2571,2759]
[0,600,831,1591,1925,2759]
[0,487,831,1591,2287,2516,2759]
[0,831,973,2759]
[0,487,831,1591,2287,2759]
[0,831,973,2287,2571,2759]
[0,175,831,1839,2287,2759]
[0,2287,2516,2759]
[0,2287,2571,2759]
[0,831,1591,1925,2759]
[0,487,831,2759]
[0,831,1591,2759]
[0,600,831,2759]
[0,1839,2759]
[0,600,831,1839,2287,2759]
[0,831,2759]
[0,831,1591,2287,2516,2759]
[0,831,973,1591,2287,2516,2759]
[0,831,2287,2516,2759]
[0,831,2287,2571,2759]
[0,175,600,831,1591,1925,2759]
[0,600,831,1591,1882,2759]
[0,831,973,2516,2759]
[0,831,973,2571,2759]
[0,2516,2759]
[0,588,831,1591,1783,2287,2516,2759]
[0,831,1591,1882,2759]
[0,831,1591,2287,2759]
[0,588,831,1591,1925,2759]
[0,831,1591,1783,2287,2516,2759]
[0,600,831,1839,2759]
[0,699,2287,2759]
[0,487,831,1591,1783,2287,2516,2759]
[0,588,831,1591,2759]
[0,588,831,1591,2287,2516,2759]
[0,831,1839,2287,2759]
[0,175,600,831,973,2287,2571,2759]
[0,831,2516,2759]
[0,600,831,2287,2571,2759]
[0,175,600,831,1591,1882,2759]
[0,831,973,2287,2516,2759]
[0,1901,2759]
[0,409,831,2571,2759]
[0,409,831,2287,2759]
[0,588,831,973,1591,1783,2287,2516,2759]
[0,409,831,2287,2571,2759]
[0,699,2759]
[0,588,831,1591,1783,2759]
[0,588,831,1591,1882,2759]
[0,588,831,1591,2287,2759]
[0,600,831,2287,2759]
[0,699,1901,2759]
[0,600,831,973,2287,2571,2759]
[0,409,831,1591,2287,2759]
[0,409,831,1591,2759]
[0,409,831,2759]
[0,831,1839,2759]
[0,2571,2759]
[0,2287,2759]
