[0,712,4276,4758]
[0,712,1579,3698,4276,4758]
[0,1879,3698,4758]
[0,712,1273,2157,3698,4276,4758]
[0,712,1221,4758]
[0,712,1273,2157,4276,4758]
[0,1579,3698,4758]
[0,712,1579,2157,3698,4758]
[0,712,1879,4758]
[0,712,1879,3698,4758]
[0,712,1273,3698,4758]
[0,1879,4758]
[0,712,1579,3698,4758]
[0,712,1879,2157,4758]
[0,712,1273,2157,4758]
[0,712,1579,4080,4276,4758]
[0,712,4758]
[0,712,1579,2157,4758]
[0,712,1221,4276,4758]
[0,712,1579,4758]
[0,712,1273,4758]
[0,712,4080,4276,4758]
[0,712,1879,4276,4758]
[0,712,1579,2157,4276,4758]
[0,712,1273,4276,4758]
[0,1579,4758]
[0,822,4758]
[0,712,1579,2157,3698,4276,4758]
[0,712,1579,4276,4758]
[0,712,1273,1879,2157,3698,4276,4758]
[0,712,3698,4758]
[0,712,1221,3698,4276,4758]
[0,712,1879,3698,4276,4758]
[0,3698,4758]
[0,712,1879,2157,4080,4276,4758]
[0,712,2157,4758]
[0,712,1273,3698,4276,4758]
[0,712,2157,3698,4758]
[0,712,1879,4080,4276,4758]
[0,2157,4758]
[0,2157,3698,4758]
[0,712,1273,2157,3698,4758]
[0,712,1579,2157,4080,4276,4758]
[0,712,1273,1879,2157,4276,4758]
[0,712,1879,2157,4276,4758]
[0,712,1221,3698,4758]
[0,712,1273,1879,2157,4080,4276,4758]
