[0,1458,2355,2898,4758]
[0,2355,2841,4758]
[0,2355,2841,3787,4675,4758]
[0,2355,2898,4758]
[0,2355,2580,3787,4675,4758]
[0,1458,2225,3787,4675,4758]
[0,2814,3787,4758]
[0,1458,2355,3787,4758]
[0,3787,4675,4758]
[0,1458,2355,4758]
[0,1458,2225,4675,4758]
[0,1458,2225,4758]
[0,1458,2225,2813,3787,4675,4758]
[0,2355,3787,4758]
[0,2355,2814,4758]
[0,2355,2814,3787,4675,4758]
[0,2109,2355,2841,3787,4758]
[0,1458,2355,2813,4675,4758]
[0,2355,2580,3787,4758]
[0,3787,4758]
[0,2355,3787,4675,4758]
[0,2355,2813,3787,4675,4758]
[0,1458,2355,2580,3787,4675,4758]
[0,2355,2813,3787,4758]
[0,2814,4758]
[0,1458,2355,2814,3787,4758]
[0,2355,2814,3787,4758]
[0,1458,2225,2813,3787,4758]
[0,2580,4675,4758]
[0,1458,2355,2580,3787,4758]
[0,2841,3787,4758]
[0,2355,2580,4758]
[0,2355,2813,4758]
[0,1458,2355,2813,3787,4675,4758]
[0,1458,2355,2813,3787,4758]
[0,2580,4758]
[0,1458,2355,4675,4758]
[0,1458,2225,3787,4758]
[0,2355,4675,4758]
[0,1458,2355,2813,4758]
[0,2225,3787,4758]
[0,4675,4758]
[0,2109,2355,2841,3787,4675,4758]
[0,2355,2841,3787,4758]
[0,1458,2355,2898,4675,4758]
[0,2355,4758]
[0,1458,2355,2814,3787,4675,4758]
[0,2225,4758]
