[0,505,699,1459,1651]
[0,670,1459,1651]
[0,113,699,1651]
[0,505,699,913,1101,1651]
[0,97,610,699,1102,1651]
[0,97,610,699,1651]
[0,505,913,1651]
[0,97,505,699,1101,1651]
[0,505,699,1102,1459,1651]
[0,97,610,699,1101,1162,1459,1651]
[0,97,699,913,1101,1459,1651]
[0,113,589,699,1651]
[0,699,1101,1651]
[0,699,1101,1459,1651]
[0,699,1268,1651]
[0,97,505,610,699,913,1102,1153,1459,1651]
[0,97,699,1651]
[0,97,505,699,1268,1651]
[0,97,699,1101,1651]
[0,97,913,1102,1459,1651]
[0,699,913,1268,1651]
[0,699,1303,1651]
[0,97,505,699,913,1102,1459,1651]
[0,699,913,1102,1459,1651]
[0,97,505,699,1459,1651]
[0,505,699,1101,1459,1651]
[0,97,699,913,1102,1651]
[0,699,1102,1459,1651]
[0,97,505,699,1102,1651]
[0,699,1102,1651]
[0,699,1651]
[0,97,610,699,913,1102,1153,1459,1651]
[0,913,1101,1651]
[0,505,699,1101,1651]
[0,913,1268,1651]
[0,505,699,1268,1651]
[0,97,1268,1651]
[0,97,913,1101,1459,1651]
[0,97,610,699,913,1101,1651]
[0,97,505,610,699,913,1101,1162,1459,1651]
[0,113,670,1459,1651]
[0,97,610,699,913,1268,1651]
[0,97,505,610,699,913,1268,1651]
[0,97,699,1102,1651]
[0,699,913,1102,1651]
[0,97,913,1101,1651]
[0,97,610,699,913,1101,1459,1651]
[0,97,913,1268,1651]
[0,97,699,913,1101,1651]
[0,97,610,699,1101,1162,1651]
[0,505,1651]
[0,97,505,699,913,1101,1459,1651]
[0,913,1459,1651]
[0,97,505,699,913,1101,1651]
[0,97,913,1651]
[0,97,505,699,913,1268,1651]
[0,913,1101,1459,1651]
[0,113,1651]
[0,97,610,699,913,1102,1459,1651]
[0,97,610,699,913,1102,1651]
[0,97,699,913,1268,1651]
[0,1101,1651]
[0,505,699,1651]
[0,1268,1651]
[0,97,699,913,1102,1459,1651]
[0,113,699,1303,1651]
[0,699,913,1101,1651]
[0,505,699,913,1268,1651]
[0,913,1102,1651]
[0,505,699,1102,1651]
[0,113,670,1651]
[0,97,1651]
[0,1303,1651]
[0,97,180,505,610,699,913,1101,1459,1651]
[0,97,913,1102,1651]
[0,1459,1651]
[0,113,699,1459,1651]
[0,913,1651]
[0,699,913,1101,1459,1651]
[0,97,699,1268,1651]
[0,97,505,610,699,913,1101,1459,1651]
[0,97,505,699,913,1102,1651]
[0,699,1459,1651]
[0,97,610,699,1101,1651]
[0,97,610,699,1268,1651]
[0,505,913,1268,1651]
[0,97,699,1459,1651]
[0,113,589,699,1459,1651]
[0,505,699,913,1102,1651]
[0,913,1102,1459,1651]
[0,97,610,699,1459,1651]
[0,505,699,913,1101,1459,1651]
[0,97,505,610,699,913,1102,1459,1651]
[0,97,610,699,913,1101,1162,1459,1651]
[0,670,1651]
[0,97,699,1101,1459,1651]
[0,505,699,913,1102,1459,1651]
[0,97,610,699,1101,1459,1651]
[0,97,505,699,1651]
[0,97,180,505,610,699,913,1101,1162,1459,1651]
