[0,679,1046]
[0,866,1046]
[0,531,679,729,794,866,1046]
[0,531,729,794,1046]
[0,289,531,679,729,794,866,1046]
[0,531,679,794,1046]
[0,289,394,531,679,794,1046]
[0,289,531,679,1046]
[0,729,866,1046]
[0,170,289,531,679,794,866,1046]
[0,289,531,679,794,866,1046]
[0,531,679,866,1046]
[0,729,1046]
[0,531,1046]
[0,289,394,531,679,729,794,866,1046]
[0,531,729,866,1046]
[0,531,679,1046]
[0,531,729,794,866,1046]
[0,289,394,531,679,866,1046]
[0,289,531,679,794,1046]
[0,729,794,1046]
[0,289,679,866,1046]
[0,679,866,1046]
[0,289,394,531,679,794,866,1046]
[0,531,679,794,866,1046]
[0,170,289,531,679,866,1046]
[0,531,729,1046]
[0,170,289,531,679,729,794,866,1046]
[0,289,394,531,679,729,794,859,1046]
[0,433,729,794,1046]
[0,289,531,679,866,1046]
[0,289,394,531,679,729,794,1046]
[0,289,394,531,679,794,859,1046]
[0,433,1046]
[0,289,679,1046]
[0,433,729,1046]
