[0,493,566,1046]
[0,770,997,1046]
[0,493,566,666,878,983,1046]
[0,540,666,743,983,1046]
[0,540,666,997,1046]
[0,493,566,990,1046]
[0,540,666,770,1046]
[0,666,770,997,1046]
[0,493,566,666,743,983,1046]
[0,493,540,666,743,983,1046]
[0,493,540,997,1046]
[0,566,666,878,1046]
[0,344,540,666,1046]
[0,770,990,1046]
[0,540,666,990,1046]
[0,556,1046]
[0,344,540,1046]
[0,493,566,666,861,983,1046]
[0,493,566,666,861,1046]
[0,493,540,666,997,1046]
[0,493,540,666,770,997,1046]
[0,540,997,1046]
[0,537,666,968,1046]
[0,344,1046]
[0,344,566,1046]
[0,566,861,1046]
[0,566,666,770,1046]
[0,556,927,1046]
[0,344,566,666,983,1046]
[0,540,666,983,1046]
[0,666,770,990,1046]
[0,493,540,990,1046]
[0,44,566,1046]
[0,493,566,666,1046]
[0,566,666,743,1046]
[0,540,1046]
[0,537,666,1046]
[0,493,540,666,770,990,1046]
[0,540,990,1046]
[0,493,540,666,990,1046]
[0,540,666,743,1046]
[0,493,566,666,770,1046]
[0,566,1046]
[0,540,666,770,997,1046]
[0,566,666,983,1046]
[0,493,540,666,983,1046]
[0,540,983,1046]
[0,566,878,1046]
[0,493,540,983,1046]
[0,540,666,1046]
[0,666,770,1046]
[0,344,566,666,1046]
[0,493,566,666,878,1046]
[0,997,1046]
[0,493,566,666,990,1046]
[0,537,1046]
[0,540,666,770,990,1046]
[0,770,1046]
[0,493,566,666,983,1046]
[0,493,566,666,770,990,1046]
[0,493,540,1046]
[0,566,666,861,1046]
[0,990,1046]
[0,493,566,666,743,1046]
[0,566,983,1046]
[0,983,1046]
[0,566,666,1046]
