[0,74,527,758,1512,1951,2019]
[0,74,527,758,1162,1273,1951,2019]
[0,527,758,1162,1273,2019]
[0,74,1512,2019]
[0,74,2019]
[0,74,527,758,1073,1162,1263,1769,1861,2019]
[0,1162,1769,2019]
[0,74,758,1073,1162,1263,1769,1861,2019]
[0,74,1073,1512,2019]
[0,74,758,1512,1951,2019]
[0,74,758,1769,1861,2019]
[0,74,758,1162,1273,2019]
[0,1273,2019]
[0,166,2019]
[0,758,1512,1769,1861,2019]
[0,74,1263,2019]
[0,758,1769,1861,2019]
[0,758,1073,1162,1512,1769,1861,2019]
[0,758,1162,1512,2019]
[0,1073,1512,2019]
[0,1162,1273,2019]
[0,74,758,1073,1162,1512,2019]
[0,74,758,1073,1769,2019]
[0,1162,1263,1769,2019]
[0,527,758,1162,1512,2019]
[0,527,758,1273,2019]
[0,758,1512,1861,2019]
[0,74,758,1073,1769,1861,2019]
[0,74,1162,1263,1769,1861,2019]
[0,758,1073,1162,1769,1861,2019]
[0,527,758,1512,1861,2019]
[0,1512,2019]
[0,1162,2019]
[0,758,1162,1263,1769,2019]
[0,527,758,1162,1263,1769,2019]
[0,1263,2019]
[0,74,1162,1263,1769,2019]
[0,527,758,1512,2019]
[0,74,758,1512,2019]
[0,74,1162,1273,2019]
[0,758,1263,1769,1861,2019]
[0,1162,1263,2019]
[0,1769,2019]
[0,758,1162,1273,2019]
[0,224,1512,2019]
[0,527,758,1512,1769,1861,2019]
[0,758,1512,2019]
[0,1162,1263,1769,1861,2019]
[0,74,758,1073,1162,1769,1861,2019]
[0,74,527,758,1512,2019]
[0,74,1162,1273,1951,2019]
[0,758,1073,1769,1861,2019]
[0,74,758,1073,1162,1512,1769,1861,2019]
[0,758,2019]
[0,74,758,1769,2019]
[0,527,758,1073,1162,1263,1769,1861,2019]
[0,758,1263,2019]
[0,758,1769,2019]
[0,758,1162,1263,1769,1861,2019]
[0,74,1162,1263,2019]
[0,758,1073,2019]
[0,74,1769,2019]
[0,527,758,1162,1263,1769,1861,2019]
[0,758,1162,1512,1769,1861,2019]
[0,758,1263,1769,2019]
[0,758,1162,1263,2019]
[0,74,527,758,1162,1273,2019]
[0,74,758,1162,1273,1951,2019]
[0,527,758,1162,1512,1769,1861,2019]
[0,527,758,1263,1769,2019]
[0,758,1162,1512,1861,2019]
[0,527,758,1162,1512,1861,2019]
[0,74,527,758,1073,1162,1512,2019]
[0,758,1273,2019]
[0,74,758,1162,1512,2019]
[0,758,1073,1769,2019]
[0,758,1073,1162,1263,1769,1861,2019]
[0,74,1273,2019]
[0,74,527,758,1073,1162,1512,1769,1861,2019]
[0,224,2019]
[0,527,758,1073,1162,1512,1769,1861,2019]
[0,74,758,1162,1263,1769,1861,2019]
[0,758,1073,1162,1512,2019]
[0,527,758,1073,1162,1512,2019]
