[0,431,725,1291,1764,2245,2554]
[0,725,1291,1764,2245,2424,2554]
[0,597,725,1933,2554]
[0,550,725,1150,1291,1764,2554]
[0,431,725,1572,1764,1933,2424,2554]
[0,550,1291,1764,2554]
[0,725,1150,1291,1933,2424,2554]
[0,431,550,725,1291,1764,2554]
[0,550,725,1150,1291,1764,2424,2554]
[0,166,725,1291,1933,2245,2554]
[0,1291,1764,2245,2554]
[0,725,1291,1933,2245,2554]
[0,166,725,1933,2554]
[0,431,725,1291,1764,1933,2424,2554]
[0,431,725,1291,1933,2424,2554]
[0,725,1572,1764,2554]
[0,431,550,725,1150,1291,1764,2554]
[0,431,725,1291,1764,2245,2424,2554]
[0,725,1150,1291,1933,2245,2554]
[0,597,725,1933,2424,2554]
[0,431,725,1572,1764,1933,2554]
[0,166,725,1291,1933,2554]
[0,431,725,1291,1764,2424,2554]
[0,597,725,1150,1291,1933,2245,2424,2554]
[0,1764,2554]
[0,431,550,725,1764,2554]
[0,725,1933,2245,2554]
[0,431,725,1291,1933,2554]
[0,725,1933,2554]
[0,725,1291,1933,2424,2554]
[0,1291,1764,2245,2424,2554]
[0,1338,2196,2554]
[0,597,725,1150,1291,1933,2424,2554]
[0,431,725,1764,2554]
[0,431,550,725,1150,1291,1764,2424,2554]
[0,725,2424,2554]
[0,725,1291,1764,2424,2554]
[0,1933,2554]
[0,1291,1764,2424,2554]
[0,725,1291,1764,2554]
[0,431,725,1291,1572,1764,2554]
[0,550,725,1764,2554]
[0,166,725,1933,2245,2424,2554]
[0,1261,1764,2554]
[0,550,725,1291,1764,2554]
[0,1338,2554]
[0,725,1291,1764,2245,2554]
[0,725,1291,1933,2554]
[0,1965,2554]
[0,725,1933,2424,2554]
[0,166,725,1933,2424,2554]
[0,725,1150,1291,1933,2245,2424,2554]
[0,431,725,1572,1764,2554]
[0,725,1965,2554]
[0,2196,2554]
[0,597,725,1291,1933,2424,2554]
[0,1572,1764,2554]
[0,1572,1764,2424,2554]
[0,431,725,1291,1764,2554]
[0,431,725,1291,1572,1764,1933,2424,2554]
[0,166,725,1933,2245,2554]
[0,431,725,1572,1764,2424,2554]
[0,1291,1764,2554]
[0,725,1572,1764,2424,2554]
[0,166,725,1291,1933,2245,2424,2554]
[0,431,725,1291,1764,1933,2554]
[0,431,725,1291,1572,1764,1933,2554]
[0,725,1764,2554]
[0,550,1764,2554]
[0,550,725,2554]
[0,725,2554]
[0,725,1150,1291,1933,2554]
[0,166,725,1291,1933,2424,2554]
