[0,1243,1591,1736,1984,2120]
[0,1294,1591,1758,1937,2077,2120]
[0,636,1119,1617,2120]
[0,1243,1591,2077,2120]
[0,1243,1591,1736,2120]
[0,313,636,1119,1617,1984,2120]
[0,1591,1758,1937,2120]
[0,1119,2120]
[0,1119,1243,1591,2077,2120]
[0,313,636,1119,1243,1591,1736,1984,2077,2120]
[0,636,1119,1243,1591,1736,1984,2077,2120]
[0,1105,1294,1591,1758,1937,2077,2120]
[0,313,636,1078,1294,1617,1984,2120]
[0,1591,1937,2077,2120]
[0,636,1105,1294,1591,2120]
[0,1243,1591,1736,1984,2077,2120]
[0,313,636,1119,1591,1736,1984,2120]
[0,636,1105,1294,1591,1937,2120]
[0,1591,1937,2120]
[0,636,1294,1617,2120]
[0,636,1617,2120]
[0,1294,1591,2120]
[0,329,636,1105,1294,1591,1758,1937,2077,2120]
[0,1294,1591,1758,1937,2120]
[0,636,1105,1294,1591,1758,1937,2077,2120]
[0,329,636,1078,1294,1591,2053,2120]
[0,636,1119,1243,1591,2077,2120]
[0,329,1617,1984,2120]
[0,1105,1294,1591,1937,2120]
[0,1294,1591,2053,2120]
[0,636,1105,1294,1591,2053,2120]
[0,1937,2120]
[0,636,2120]
[0,313,636,1591,2077,2120]
[0,1591,1736,2120]
[0,1984,2077,2120]
[0,329,1294,1617,2120]
[0,636,1119,1591,1736,1984,2120]
[0,1591,1758,1937,2077,2120]
[0,329,636,1617,2120]
[0,329,1617,2120]
[0,636,1119,1591,2120]
[0,1617,1984,2120]
[0,1637,2120]
[0,329,636,1294,1617,1984,2120]
[0,313,636,1119,1591,1736,2120]
[0,1105,1294,1591,2120]
[0,636,1591,2077,2120]
[0,1243,1591,2120]
[0,329,636,1105,1294,1591,1937,2120]
[0,329,636,1105,1294,1591,2120]
[0,313,636,1119,1617,2120]
[0,313,636,1617,2120]
[0,329,636,1591,1758,2120]
[0,329,1119,2120]
[0,1617,2120]
[0,313,636,1591,1736,1984,2120]
[0,329,636,1294,1617,2120]
[0,1591,1984,2120]
[0,1984,2120]
[0,329,636,1617,1984,2120]
[0,313,636,1119,1243,1591,2120]
[0,1119,1243,1591,1736,2120]
[0,636,1119,1243,1591,1736,1984,2120]
[0,1294,1591,1937,2120]
[0,636,1294,1591,2120]
[0,329,636,1078,1294,1591,2120]
[0,329,636,1591,2053,2120]
[0,329,636,1105,1294,1591,2053,2120]
[0,329,636,1078,1294,1591,1758,2053,2120]
[0,329,636,1078,1294,1617,2120]
[0,1591,1736,1984,2077,2120]
[0,826,2120]
[0,1119,1243,1591,2120]
[0,636,1591,2120]
[0,329,636,1078,1294,1617,1984,2120]
[0,1591,1984,2077,2120]
[0,329,636,1105,1294,1591,1758,1937,2120]
[0,313,636,1119,1243,1591,1736,2120]
[0,636,1105,1294,1591,1758,1937,2120]
[0,313,636,1617,1984,2120]
[0,329,636,1591,2120]
[0,636,1119,1591,1736,2120]
[0,1591,2053,2120]
[0,826,1637,2120]
[0,329,636,1294,1591,2053,2120]
[0,313,636,1591,1736,2120]
[0,1591,1758,2120]
[0,313,636,1119,1243,1591,2077,2120]
[0,1119,1243,1591,1736,1984,2077,2120]
[0,1294,1617,2120]
[0,313,636,1119,1243,1591,1736,2077,2120]
[0,329,636,1078,1294,1591,1758,2120]
[0,636,1119,1243,1591,2120]
[0,313,636,1078,1294,1617,2120]
[0,636,1119,1591,2077,2120]
[0,313,636,1119,1591,2120]
[0,1591,2077,2120]
[0,1105,1294,1591,2053,2120]
[0,313,636,1591,2120]
[0,1591,2120]
[0,329,636,1294,1591,1758,2120]
[0,313,636,1294,1617,2120]
[0,1591,1736,1984,2120]
[0,329,636,1294,1591,2120]
[0,636,1591,2053,2120]
[0,1119,1243,1591,1736,1984,2120]
[0,636,1591,1736,1984,2120]
[0,636,1591,1736,2120]
[0,313,636,1294,1617,1984,2120]
[0,1937,2077,2120]
[0,1105,1294,1591,1758,1937,2120]
[0,313,636,1119,1243,1591,1736,1984,2120]
[0,313,1617,2120]
