[0,958,1270,1652,1810]
[0,424,707,862,992,1157,1355,1810]
[0,785,869,1157,1355,1652,1810]
[0,424,656,869,958,1157,1355,1652,1810]
[0,424,869,1157,1355,1810]
[0,869,958,1157,1270,1652,1810]
[0,681,869,992,1157,1270,1355,1652,1810]
[0,424,862,992,1157,1355,1652,1810]
[0,862,992,1157,1355,1810]
[0,714,958,1270,1810]
[0,1157,1355,1652,1810]
[0,714,958,1270,1694,1810]
[0,707,1157,1355,1810]
[0,1157,1355,1810]
[0,656,958,1270,1810]
[0,1157,1694,1810]
[0,1157,1270,1652,1810]
[0,424,656,869,958,1157,1270,1355,1652,1810]
[0,424,656,785,869,958,1157,1270,1355,1652,1741,1810]
[0,424,869,1157,1810]
[0,869,1270,1810]
[0,424,862,992,1157,1270,1355,1694,1810]
[0,424,707,992,1157,1355,1810]
[0,424,656,785,869,958,1157,1270,1355,1652,1810]
[0,862,992,1157,1355,1694,1810]
[0,656,1157,1652,1810]
[0,424,707,1157,1810]
[0,869,1810]
[0,869,958,1157,1270,1810]
[0,424,869,958,1157,1270,1355,1652,1810]
[0,862,992,1157,1270,1694,1810]
[0,869,1157,1270,1810]
[0,1157,1810]
[0,656,785,869,958,1157,1355,1652,1810]
[0,424,862,992,1157,1270,1355,1652,1810]
[0,785,869,992,1157,1355,1652,1810]
[0,869,958,1157,1355,1652,1810]
[0,656,785,869,958,1157,1270,1355,1652,1810]
[0,992,1270,1810]
[0,869,1694,1810]
[0,714,1157,1694,1810]
[0,656,958,1270,1652,1810]
[0,424,707,862,992,1157,1355,1652,1810]
[0,869,958,1157,1355,1810]
[0,862,1157,1355,1810]
[0,656,958,1355,1810]
[0,869,1157,1270,1652,1810]
[0,869,1157,1355,1810]
[0,424,862,1157,1355,1652,1810]
[0,869,958,1157,1270,1355,1652,1741,1810]
[0,656,785,869,958,1157,1355,1652,1741,1810]
[0,424,707,992,1157,1355,1652,1810]
[0,424,1157,1810]
[0,656,1157,1810]
[0,656,958,1157,1355,1810]
[0,656,1157,1355,1652,1810]
[0,785,869,958,1157,1355,1652,1810]
[0,862,992,1270,1694,1810]
[0,656,1157,1270,1652,1810]
[0,714,1157,1270,1694,1810]
[0,785,869,992,1157,1270,1355,1652,1810]
[0,424,707,862,992,1157,1270,1355,1652,1810]
[0,656,785,869,958,1157,1270,1355,1652,1741,1810]
[0,862,1157,1355,1652,1810]
[0,424,656,958,1355,1810]
[0,424,869,958,1157,1355,1652,1810]
[0,681,869,1157,1355,1810]
[0,707,1157,1355,1652,1810]
[0,714,1157,1810]
[0,958,1270,1810]
[0,424,869,1157,1355,1652,1810]
[0,424,862,992,1157,1355,1694,1810]
[0,424,707,1157,1355,1652,1810]
[0,869,1157,1355,1652,1810]
[0,1157,1355,1694,1810]
[0,656,958,1157,1270,1652,1810]
[0,1157,1270,1694,1810]
[0,1157,1652,1810]
[0,656,869,958,1157,1355,1652,1810]
[0,681,869,992,1157,1355,1652,1810]
[0,424,862,992,1157,1355,1810]
[0,681,785,869,992,1157,1270,1355,1652,1810]
[0,656,1157,1355,1810]
[0,424,656,958,1157,1355,1652,1810]
[0,862,992,1157,1355,1652,1810]
[0,681,869,1157,1355,1652,1810]
[0,1694,1810]
[0,992,1810]
[0,869,992,1157,1355,1652,1810]
[0,707,1157,1810]
[0,424,707,1157,1355,1810]
[0,862,1157,1810]
[0,869,958,1157,1270,1355,1652,1810]
[0,958,1355,1810]
[0,714,958,1810]
[0,424,862,1157,1810]
[0,869,1157,1810]
[0,424,656,958,1157,1355,1810]
[0,656,869,958,1157,1270,1355,1652,1810]
[0,656,958,1157,1355,1652,1810]
[0,862,1157,1694,1810]
[0,424,707,862,992,1157,1355,1694,1810]
[0,869,1270,1694,1810]
[0,869,1157,1652,1810]
[0,1157,1270,1810]
[0,869,992,1157,1270,1355,1652,1810]
[0,862,1157,1355,1694,1810]
[0,714,958,1157,1270,1694,1810]
[0,958,1810]
[0,862,1157,1270,1694,1810]
[0,862,992,1157,1270,1355,1694,1810]
[0,862,992,1270,1810]
[0,869,958,1157,1355,1652,1741,1810]
[0,862,992,1157,1270,1355,1652,1810]
[0,424,707,862,992,1157,1270,1355,1694,1810]
[0,424,862,1157,1355,1810]
