[0,876,1433,1651]
[0,1284,1433,1519,1651]
[0,105,326,1284,1433,1519,1651]
[0,105,326,569,1284,1433,1651]
[0,998,1284,1433,1651]
[0,105,198,876,998,1284,1433,1519,1651]
[0,233,1417,1651]
[0,105,916,1284,1433,1519,1651]
[0,569,1284,1433,1651]
[0,688,916,1284,1651]
[0,916,1442,1651]
[0,105,876,998,1284,1433,1519,1651]
[0,105,1284,1442,1651]
[0,916,1284,1442,1651]
[0,998,1284,1651]
[0,105,688,1433,1651]
[0,105,326,688,916,1284,1442,1651]
[0,326,569,1651]
[0,876,998,1284,1433,1519,1651]
[0,876,998,1651]
[0,688,916,1284,1433,1651]
[0,326,688,916,1651]
[0,105,1651]
[0,876,998,1284,1651]
[0,688,1651]
[0,326,688,916,1284,1433,1651]
[0,326,569,1433,1651]
[0,569,1651]
[0,105,1284,1433,1519,1651]
[0,1284,1651]
[0,688,1442,1651]
[0,1284,1442,1651]
[0,105,876,998,1284,1433,1651]
[0,326,569,1284,1433,1651]
[0,326,688,916,1284,1651]
[0,105,1433,1651]
[0,105,326,569,1284,1433,1519,1651]
[0,916,1284,1651]
[0,326,688,916,1442,1651]
[0,105,198,876,998,1284,1433,1651]
[0,105,326,1284,1433,1651]
[0,916,1651]
[0,1433,1651]
[0,688,1433,1651]
[0,1442,1651]
[0,876,998,1284,1433,1651]
[0,876,1651]
[0,105,876,1433,1651]
[0,105,1284,1433,1651]
[0,105,688,916,1284,1433,1519,1651]
[0,105,688,916,1433,1651]
[0,916,1284,1433,1651]
[0,688,916,1442,1651]
[0,326,688,1651]
[0,326,916,1284,1651]
[0,569,1433,1651]
[0,1417,1651]
[0,105,326,688,916,1284,1433,1651]
[0,688,916,1284,1442,1651]
[0,105,688,916,1284,1442,1651]
[0,688,916,1433,1651]
[0,326,688,916,1284,1442,1651]
[0,105,916,1284,1442,1651]
[0,326,1284,1651]
[0,105,326,688,916,1284,1433,1519,1651]
[0,105,688,916,1284,1433,1651]
[0,326,1284,1433,1651]
[0,105,916,1284,1433,1651]
[0,688,916,1651]
[0,1284,1433,1651]
