[0,754,1082,1712,2020]
[0,527,986,1172,2020]
[0,120,754,1712,2020]
[0,120,521,1082,1745,2020]
[0,105,413,521,986,1082,1622,2020]
[0,605,1302,1712,2020]
[0,521,986,1302,1745,2020]
[0,120,436,605,1302,2020]
[0,521,1302,2020]
[0,413,594,1082,1712,2020]
[0,413,754,1082,2020]
[0,413,594,754,1082,1712,2020]
[0,120,413,754,1712,2020]
[0,105,521,1622,2020]
[0,527,1172,2020]
[0,120,605,1302,2020]
[0,105,521,1303,1622,2020]
[0,413,594,1082,2020]
[0,120,413,594,754,1082,1712,2020]
[0,120,416,605,1302,2020]
[0,105,413,521,986,1082,2020]
[0,754,986,1302,1712,2020]
[0,120,413,594,1082,2020]
[0,120,521,986,1302,1745,2020]
[0,105,413,521,1754,2020]
[0,521,1082,1745,2020]
[0,413,754,1082,1712,2020]
[0,413,594,754,986,1302,1712,2020]
[0,120,413,754,1302,1712,2020]
[0,120,413,594,754,972,1082,1712,2020]
[0,120,413,594,1082,1712,2020]
[0,120,754,972,1082,1712,2020]
[0,105,413,521,1082,1622,2020]
[0,105,521,986,1303,1622,2020]
[0,521,2020]
[0,413,521,1622,2020]
[0,754,2020]
[0,413,1082,1712,2020]
[0,413,521,1754,2020]
[0,521,1303,1622,2020]
[0,521,986,1302,2020]
[0,105,413,521,1082,2020]
[0,120,754,1082,1712,2020]
[0,1302,2020]
[0,521,1622,2020]
[0,521,1745,2020]
[0,120,413,527,986,1172,2020]
[0,120,413,1082,1712,2020]
[0,120,521,1745,2020]
[0,413,754,1712,2020]
[0,120,416,605,1302,1712,2020]
[0,1273,2020]
[0,120,413,754,986,1302,1712,2020]
[0,527,2020]
[0,594,1082,2020]
[0,105,521,605,1622,2020]
[0,105,413,521,986,1082,1754,2020]
[0,413,521,1082,2020]
[0,413,527,1172,2020]
[0,413,521,986,1082,2020]
[0,605,1302,1745,2020]
[0,605,1302,2020]
[0,105,413,521,2020]
[0,120,413,754,1082,1712,2020]
[0,413,521,1082,1754,2020]
[0,413,754,1302,1712,2020]
[0,120,413,594,754,986,1302,1712,2020]
[0,413,754,1302,2020]
[0,521,1082,2020]
[0,754,1302,1712,2020]
[0,413,754,986,1302,1712,2020]
[0,754,1082,2020]
[0,413,521,1082,1622,2020]
[0,521,605,1622,2020]
[0,416,605,1302,2020]
[0,754,1302,2020]
[0,120,1082,2020]
[0,105,521,605,1303,1622,2020]
[0,1082,1712,2020]
[0,521,1082,1622,2020]
[0,120,972,1082,1712,2020]
[0,120,1302,2020]
[0,521,1082,1754,2020]
[0,1053,1745,2020]
[0,105,413,521,1622,2020]
[0,120,413,754,972,1082,1712,2020]
[0,105,413,521,1082,1754,2020]
[0,416,605,1302,1712,2020]
[0,413,521,2020]
[0,120,527,986,1172,2020]
[0,413,1082,2020]
[0,436,605,1302,2020]
[0,413,754,2020]
[0,521,986,1303,1622,2020]
[0,120,436,605,1302,1745,2020]
[0,436,605,1302,1745,2020]
[0,521,1754,2020]
[0,120,413,1082,2020]
[0,1082,2020]
[0,120,1082,1712,2020]
[0,1172,2020]
[0,413,527,2020]
[0,594,1082,1712,2020]
[0,120,521,1302,1745,2020]
[0,521,1302,1745,2020]
[0,1053,2020]
[0,413,527,986,1172,2020]
[0,754,1712,2020]
