[0,289,931,1309,1394,1762,2019]
[0,102,289,931,1309,1394,1762,2019]
[0,260,317,2019]
[0,289,1309,1762,2019]
[0,260,317,910,1309,1394,2019]
[0,931,1309,2019]
[0,317,910,1309,1882,2019]
[0,910,1309,1394,2019]
[0,317,1309,1394,2019]
[0,289,1309,1394,1762,2019]
[0,317,931,1309,2019]
[0,910,975,1309,1394,1882,2019]
[0,910,975,1309,1394,2019]
[0,289,931,1309,1762,2019]
[0,260,317,931,1309,1394,2019]
[0,289,1309,1394,2019]
[0,317,910,1309,1394,1882,2019]
[0,260,317,1309,2019]
[0,102,289,931,1309,2019]
[0,317,931,1309,1394,1882,2019]
[0,910,1309,1882,2019]
[0,317,931,1309,1394,2019]
[0,910,1309,1394,1882,2019]
[0,289,1309,2019]
[0,594,931,1309,2019]
[0,102,289,931,1309,1394,1882,2019]
[0,260,317,1309,1394,2019]
[0,289,1309,1394,1882,2019]
[0,260,317,910,975,1309,1394,1882,2019]
[0,289,931,1309,1394,1882,2019]
[0,260,317,910,975,1309,1394,2019]
[0,102,289,931,1309,1762,2019]
[0,289,910,1309,2019]
[0,931,1309,1394,1882,2019]
[0,910,1309,2019]
[0,317,931,1309,1882,2019]
[0,289,1309,1882,2019]
[0,289,594,931,1309,2019]
[0,289,931,1309,1882,2019]
[0,317,1309,2019]
[0,317,910,975,1309,1394,1882,2019]
[0,1309,1698,2019]
[0,317,2019]
[0,931,1309,1394,2019]
[0,317,910,1309,1394,2019]
[0,317,910,1309,2019]
[0,1309,2019]
[0,260,317,910,1309,1394,1882,2019]
[0,260,317,931,1309,1394,1882,2019]
[0,317,910,975,1309,1394,2019]
[0,1309,1394,2019]
[0,102,289,931,1309,1882,2019]
[0,289,931,1309,2019]
[0,931,1309,1882,2019]
