[0,675,1180]
[0,238,1180]
[0,238,507,559,726,1180]
[0,238,474,675,726,1180]
[0,507,726,1180]
[0,238,474,559,675,726,1180]
[0,238,559,726,1180]
[0,507,675,1180]
[0,238,559,1180]
[0,238,474,675,1180]
[0,675,726,1180]
[0,507,559,675,726,1180]
[0,559,1180]
[0,238,416,559,726,1180]
[0,507,559,726,1180]
[0,474,1180]
[0,507,1180]
[0,238,507,559,1180]
[0,238,675,726,1180]
[0,726,1180]
[0,238,474,559,726,1180]
[0,474,559,1180]
[0,507,675,726,1180]
[0,507,559,1180]
[0,238,507,559,675,726,1180]
[0,238,474,559,1180]
[0,238,675,1180]
