[0,255,723,1875]
[0,255,1875]
[0,255,619,723,1144,1284,1793,1875]
[0,723,1793,1875]
[0,255,619,723,1144,1284,1366,1875]
[0,333,619,723,1102,1284,1366,1793,1875]
[0,333,619,723,1102,1284,1875]
[0,267,1793,1875]
[0,1144,1875]
[0,1102,1875]
[0,723,1284,1875]
[0,267,723,1284,1793,1875]
[0,255,619,1102,1284,1875]
[0,1144,1284,1366,1875]
[0,619,1144,1875]
[0,619,1793,1875]
[0,267,723,1793,1875]
[0,1793,1875]
[0,333,619,1102,1284,1875]
[0,619,1102,1875]
[0,267,723,1875]
[0,723,1875]
[0,1144,1284,1875]
[0,1102,1284,1366,1875]
[0,255,723,1793,1875]
[0,255,619,723,1144,1284,1875]
[0,333,619,1102,1284,1366,1875]
[0,619,1102,1284,1366,1875]
[0,333,619,723,1102,1284,1366,1875]
[0,619,1102,1284,1875]
[0,255,619,723,1144,1284,1366,1793,1875]
[0,267,723,1284,1875]
[0,333,619,1102,1875]
[0,267,1875]
[0,255,1144,1875]
[0,255,619,723,1102,1284,1366,1875]
[0,255,723,1284,1793,1875]
[0,255,1144,1284,1875]
[0,619,1875]
[0,255,619,723,1102,1284,1875]
[0,255,619,1144,1875]
[0,255,723,1284,1875]
[0,255,619,1144,1284,1366,1875]
[0,333,619,723,1102,1284,1793,1875]
[0,255,619,1102,1875]
[0,723,1284,1793,1875]
[0,1102,1284,1875]
[0,255,619,1102,1284,1366,1875]
[0,255,1793,1875]
[0,255,1144,1284,1366,1875]
[0,255,619,1144,1284,1875]
