[0,475,634,770,856,1180]
[0,405,770,985,1180]
[0,475,634,985,1180]
[0,475,985,1180]
[0,475,677,770,1091,1180]
[0,108,405,770,856,985,1091,1180]
[0,108,677,770,856,985,1180]
[0,340,1180]
[0,108,770,856,1180]
[0,108,475,677,770,985,1091,1180]
[0,475,677,770,1180]
[0,405,475,856,985,1091,1180]
[0,108,463,677,770,856,1180]
[0,108,770,1091,1180]
[0,108,405,770,856,1180]
[0,108,475,634,1180]
[0,108,856,1180]
[0,108,463,677,770,856,985,1180]
[0,475,634,770,985,1180]
[0,677,770,856,985,1091,1180]
[0,463,1180]
[0,475,677,770,985,1091,1180]
[0,108,463,677,985,1180]
[0,770,1091,1180]
[0,108,475,677,770,1091,1180]
[0,108,770,856,985,1180]
[0,108,770,1180]
[0,108,475,677,770,985,1180]
[0,108,475,1180]
[0,108,463,770,1180]
[0,475,985,1091,1180]
[0,405,475,1180]
[0,405,770,985,1091,1180]
[0,108,193,770,856,985,1180]
[0,108,677,770,985,1180]
[0,782,1180]
[0,108,726,985,1180]
[0,405,475,634,1180]
[0,770,985,1180]
[0,463,677,770,1180]
[0,108,1180]
[0,677,770,985,1091,1180]
[0,108,475,985,1091,1180]
[0,108,475,1091,1180]
[0,463,770,1180]
[0,108,193,475,677,770,856,985,1091,1180]
[0,726,856,985,1180]
[0,340,856,1180]
[0,108,405,770,856,985,1180]
[0,856,1180]
[0,405,475,677,770,856,985,1091,1180]
[0,405,463,770,1180]
[0,405,770,856,985,1091,1180]
[0,108,193,405,475,677,770,856,985,1091,1180]
[0,475,634,770,1180]
[0,108,193,770,856,985,1091,1180]
[0,108,475,677,1180]
[0,405,475,634,770,856,1180]
[0,726,1180]
[0,475,1091,1180]
[0,108,405,770,1180]
[0,463,677,1180]
[0,108,475,634,770,856,985,1180]
[0,108,475,677,985,1180]
[0,405,463,1180]
[0,108,475,634,770,1180]
[0,108,782,1180]
[0,985,1091,1180]
[0,108,677,770,1180]
[0,463,677,770,856,1180]
[0,108,405,475,634,770,856,1180]
[0,475,677,1180]
[0,108,475,677,770,856,985,1091,1180]
[0,108,405,770,985,1091,1180]
[0,108,463,677,770,1180]
[0,405,463,677,770,1180]
[0,405,475,985,1091,1180]
[0,108,405,463,677,770,856,1180]
[0,405,463,677,770,856,1180]
[0,405,475,770,856,985,1091,1180]
[0,475,856,985,1091,1180]
[0,856,985,1180]
[0,475,677,770,985,1180]
[0,108,405,475,677,770,856,985,1091,1180]
[0,475,856,985,1180]
[0,985,1180]
[0,770,856,1180]
[0,108,770,856,985,1091,1180]
[0,770,856,985,1180]
[0,108,475,856,985,1180]
[0,405,475,634,770,1180]
[0,475,677,985,1180]
[0,108,475,856,985,1091,1180]
[0,677,770,985,1180]
[0,108,475,770,1180]
[0,108,193,405,770,856,985,1091,1180]
[0,108,726,856,985,1180]
[0,108,405,770,985,1180]
[0,108,193,770,856,1180]
[0,677,770,1180]
[0,405,770,1180]
[0,108,770,985,1180]
[0,770,856,985,1091,1180]
[0,108,463,677,770,985,1180]
[0,770,985,1091,1180]
[0,108,193,405,770,856,1180]
[0,475,634,1180]
[0,108,475,634,770,856,1180]
[0,108,405,475,634,770,856,985,1180]
[0,108,475,677,770,1180]
[0,475,770,1180]
[0,108,985,1180]
[0,108,463,985,1180]
[0,108,405,463,677,770,856,985,1180]
[0,770,1180]
[0,475,1180]
[0,726,985,1180]
[0,108,193,405,770,856,985,1180]
[0,677,770,856,1180]
[0,108,475,634,770,985,1180]
[0,108,475,985,1180]
[0,463,677,985,1180]
[0,634,770,1180]
[0,475,677,770,856,985,1091,1180]
[0,108,463,1180]
[0,405,475,1091,1180]
[0,463,985,1180]
[0,108,475,770,856,985,1091,1180]
[0,108,770,985,1091,1180]
[0,405,770,1091,1180]
