[0,257,1279,1779,2189]
[0,123,257,1180,1279,2189]
[0,1180,1279,1470,2090,2189]
[0,257,1001,1279,1470,1656,2189]
[0,1180,1279,2189]
[0,123,2189]
[0,257,2189]
[0,257,774,1001,1180,1279,1470,1656,2189]
[0,154,257,1279,2189]
[0,154,257,1279,1470,1656,2189]
[0,1087,2189]
[0,257,774,1001,1279,1470,2090,2189]
[0,1180,1279,1470,1656,2189]
[0,154,257,1180,1279,1470,2189]
[0,1209,1656,2189]
[0,257,1087,1321,1671,2090,2189]
[0,257,1209,1656,2189]
[0,257,1209,2189]
[0,257,1321,2189]
[0,154,257,1180,1279,1470,1656,2189]
[0,257,1279,1470,2189]
[0,257,1180,1279,2189]
[0,1656,2189]
[0,1209,2189]
[0,1279,1470,1656,2189]
[0,257,1087,1671,2189]
[0,257,634,1001,1279,2189]
[0,257,1001,1279,2189]
[0,257,774,1001,1279,2189]
[0,257,634,1001,1279,1470,2090,2189]
[0,257,634,1001,1279,1470,2189]
[0,257,1001,1279,1470,2189]
[0,257,1180,1279,1470,2090,2189]
[0,634,1279,2189]
[0,257,1001,1279,2090,2189]
[0,1279,2189]
[0,123,257,2189]
[0,1001,1279,1470,2090,2189]
[0,257,1279,1470,1656,2189]
[0,154,2189]
[0,257,1180,1279,1470,1656,2189]
[0,257,774,1001,1279,1470,2189]
[0,123,257,1279,2189]
[0,257,1209,2090,2189]
[0,1087,1671,2189]
[0,1001,1279,1470,1656,2189]
[0,257,1209,1656,2090,2189]
[0,1001,1279,2189]
[0,154,257,2189]
[0,257,1087,1671,2090,2189]
[0,257,1087,2090,2189]
[0,123,257,1279,1470,2189]
[0,257,774,1001,1279,1470,1656,2189]
[0,123,257,1087,2189]
[0,1279,1470,2090,2189]
[0,1279,1779,2189]
[0,123,257,1180,1279,1470,2189]
[0,257,1279,2189]
[0,257,1001,1180,1279,1470,2090,2189]
[0,257,1279,2090,2189]
[0,1671,2189]
[0,257,1087,1321,1671,2189]
[0,1180,1279,1470,2189]
[0,257,1001,1279,1470,2090,2189]
[0,257,1087,2189]
[0,1001,1279,1470,2189]
[0,257,1279,1470,2090,2189]
[0,154,257,1180,1279,2189]
[0,257,774,1001,1180,1279,1470,2090,2189]
[0,257,1001,1180,1279,1470,1656,2189]
[0,634,1001,1279,2189]
[0,154,257,1279,1470,2189]
[0,1321,2189]
[0,1279,1470,2189]
