[0,294,517,605,748,1002,1160,1632]
[0,294,517,748,1632]
[0,715,1016,1160,1632]
[0,517,715,1016,1632]
[0,246,517,748,1070,1160,1632]
[0,294,517,605,715,1016,1160,1632]
[0,517,1016,1160,1632]
[0,147,294,517,605,715,1016,1160,1632]
[0,448,517,1160,1632]
[0,448,517,1002,1160,1632]
[0,147,294,448,517,715,1016,1160,1632]
[0,748,1002,1632]
[0,517,1070,1179,1632]
[0,147,294,448,517,1016,1160,1632]
[0,294,448,517,1070,1160,1632]
[0,147,294,448,517,605,748,1002,1160,1632]
[0,147,294,517,1632]
[0,517,1002,1160,1632]
[0,517,605,715,1016,1160,1632]
[0,448,517,605,748,1002,1160,1632]
[0,517,715,1160,1632]
[0,147,294,448,517,605,715,1016,1160,1632]
[0,147,294,448,517,1002,1160,1632]
[0,294,517,1016,1632]
[0,147,294,517,1160,1632]
[0,517,1016,1632]
[0,517,605,748,1002,1160,1632]
[0,246,517,748,1160,1632]
[0,517,715,1016,1160,1632]
[0,748,1002,1160,1632]
[0,448,517,715,1016,1160,1632]
[0,448,517,1632]
[0,517,1632]
[0,294,748,1632]
[0,517,748,1002,1160,1632]
[0,517,748,1002,1632]
[0,294,448,517,605,715,1016,1160,1632]
[0,294,517,715,1016,1632]
[0,246,517,1179,1632]
[0,147,294,517,1016,1632]
[0,715,1632]
[0,748,1632]
[0,147,294,517,1070,1160,1632]
[0,448,517,1016,1160,1632]
[0,147,294,517,715,1016,1632]
[0,147,294,517,748,1002,1160,1632]
[0,1179,1632]
[0,246,517,748,1179,1632]
[0,294,448,517,1016,1160,1632]
[0,147,294,517,605,748,1002,1160,1632]
[0,517,1160,1632]
[0,448,517,748,1002,1160,1632]
[0,147,294,448,517,605,748,1002,1070,1160,1632]
[0,294,517,748,1002,1160,1632]
[0,294,448,517,1002,1160,1632]
[0,517,715,1070,1160,1632]
[0,294,517,715,1016,1160,1632]
[0,294,517,1070,1160,1632]
[0,294,517,748,1002,1632]
[0,246,517,748,1070,1179,1632]
[0,246,517,1632]
[0,715,1016,1632]
[0,147,294,517,1002,1160,1632]
[0,246,517,1160,1632]
[0,246,517,1070,1160,1632]
[0,294,517,1632]
[0,517,1179,1632]
[0,147,294,448,517,748,1002,1160,1632]
[0,147,294,517,715,1016,1160,1632]
[0,294,517,1002,1160,1632]
[0,448,517,1070,1160,1632]
[0,147,294,448,517,748,1002,1070,1160,1632]
[0,294,448,517,605,748,1002,1160,1632]
[0,1070,1179,1632]
[0,517,1070,1160,1632]
[0,448,517,605,715,1016,1160,1632]
[0,147,294,448,517,1070,1160,1632]
[0,147,294,517,1016,1160,1632]
[0,246,517,1070,1179,1632]
[0,294,517,1016,1160,1632]
[0,294,517,1160,1632]
[0,294,748,1002,1632]
