[0,548,832,1197]
[0,434,548,785,1051,1197]
[0,548,834,1197]
[0,548,900,1197]
[0,548,834,1051,1197]
[0,434,548,634,832,1051,1197]
[0,434,548,832,1014,1197]
[0,434,548,634,756,1014,1197]
[0,832,1197]
[0,548,1197]
[0,548,756,1051,1197]
[0,834,1197]
[0,434,548,634,756,834,1014,1197]
[0,434,548,634,785,834,1014,1197]
[0,434,548,834,1014,1197]
[0,548,785,1197]
[0,434,548,785,1197]
[0,548,1014,1197]
[0,434,548,634,785,834,1051,1197]
[0,434,548,832,1051,1197]
[0,434,548,634,756,1051,1197]
[0,434,548,1197]
[0,832,1014,1197]
[0,1014,1197]
[0,434,548,634,756,834,1051,1197]
[0,434,548,756,1014,1197]
[0,785,1051,1197]
[0,785,1197]
[0,434,548,756,1051,1197]
[0,832,1051,1197]
[0,458,900,1197]
[0,434,548,834,1051,1197]
[0,756,1014,1197]
[0,548,756,1197]
[0,434,548,756,1197]
[0,548,785,1014,1197]
[0,834,1014,1197]
[0,834,1051,1197]
[0,1051,1197]
[0,756,1197]
[0,548,832,1014,1197]
[0,434,548,634,785,1014,1197]
[0,548,785,1051,1197]
[0,434,548,634,785,1051,1197]
[0,434,548,634,832,1014,1197]
[0,548,832,1051,1197]
[0,434,548,785,1014,1197]
[0,548,756,1014,1197]
[0,458,1197]
[0,548,834,1014,1197]
