[0,212,485,620,807,1263,1447,1616,1694,1875]
[0,212,620,807,1263,1447,1616,1875]
[0,1517,1616,1875]
[0,212,485,620,807,1263,1447,1616,1875]
[0,807,1263,1517,1616,1694,1875]
[0,807,1263,1616,1694,1875]
[0,807,1694,1875]
[0,807,1263,1517,1616,1875]
[0,212,620,807,1550,1616,1694,1875]
[0,212,1298,1875]
[0,212,620,807,1875]
[0,807,1616,1694,1875]
[0,807,1875]
[0,212,807,1447,1875]
[0,212,807,1263,1517,1633,1875]
[0,212,485,620,807,1447,1616,1875]
[0,212,620,807,1263,1550,1616,1694,1875]
[0,807,1263,1616,1875]
[0,212,1616,1875]
[0,212,620,807,1447,1875]
[0,212,807,1616,1694,1875]
[0,212,620,807,1447,1616,1875]
[0,212,620,807,1263,1447,1616,1694,1875]
[0,212,807,1447,1616,1694,1875]
[0,212,1298,1633,1875]
[0,722,1298,1633,1875]
[0,807,1389,1633,1875]
[0,528,1875]
[0,212,807,1263,1616,1875]
[0,807,1263,1875]
[0,212,807,1389,1633,1875]
[0,212,807,1263,1875]
[0,212,807,1263,1517,1616,1875]
[0,807,1517,1616,1694,1875]
[0,1298,1875]
[0,620,807,1447,1616,1875]
[0,212,485,620,807,1447,1616,1694,1875]
[0,485,620,807,1447,1616,1694,1875]
[0,212,807,1694,1875]
[0,212,620,807,1263,1875]
[0,212,807,1263,1633,1875]
[0,807,1550,1616,1875]
[0,722,1298,1875]
[0,1447,1616,1875]
[0,212,807,1875]
[0,212,807,1447,1616,1875]
[0,212,620,807,1694,1875]
[0,1550,1616,1875]
[0,807,1550,1875]
[0,212,1875]
[0,807,1447,1875]
[0,212,722,1298,1633,1875]
[0,212,807,1550,1616,1694,1875]
[0,1298,1633,1875]
[0,212,620,807,1263,1616,1694,1875]
[0,1616,1875]
[0,485,620,807,1447,1616,1875]
[0,528,1616,1875]
[0,1517,1616,1694,1875]
[0,212,807,1263,1517,1616,1694,1875]
[0,212,1616,1694,1875]
[0,807,1447,1616,1694,1875]
[0,212,620,807,1263,1616,1875]
[0,620,807,1447,1875]
[0,212,620,807,1447,1616,1694,1875]
[0,212,620,807,1616,1694,1875]
[0,807,1447,1616,1875]
[0,620,807,1447,1616,1694,1875]
[0,1616,1694,1875]
[0,212,807,1263,1447,1616,1875]
[0,722,1875]
[0,807,1517,1616,1875]
[0,212,807,1263,1616,1694,1875]
[0,807,1517,1875]
[0,807,1550,1616,1694,1875]
[0,807,1389,1875]
[0,807,1263,1633,1875]
[0,212,807,1263,1447,1616,1694,1875]
