[0,537,805,1016,1530,1678,1911]
[0,561,805,1204,1662,1911]
[0,192,561,805,1016,1530,1911]
[0,192,748,1911]
[0,200,805,1016,1530,1911]
[0,200,561,805,1016,1530,1911]
[0,192,561,805,1204,1483,1662,1911]
[0,561,805,1016,1530,1640,1911]
[0,537,1530,1911]
[0,192,748,1204,1530,1911]
[0,537,1911]
[0,805,1678,1911]
[0,200,561,805,1016,1911]
[0,200,537,805,1016,1911]
[0,805,1530,1911]
[0,561,805,1016,1911]
[0,192,561,805,1911]
[0,561,805,1911]
[0,561,805,1016,1662,1911]
[0,805,1016,1678,1911]
[0,192,561,805,1016,1483,1662,1911]
[0,748,1911]
[0,537,805,1016,1911]
[0,805,1016,1530,1678,1911]
[0,192,561,805,1204,1662,1911]
[0,192,561,805,1016,1483,1640,1911]
[0,537,875,1530,1911]
[0,192,561,805,1016,1530,1640,1911]
[0,537,805,1678,1911]
[0,805,1911]
[0,805,1016,1530,1911]
[0,537,805,1204,1530,1911]
[0,875,1911]
[0,805,1640,1911]
[0,805,1662,1911]
[0,537,805,1530,1678,1911]
[0,805,1204,1662,1911]
[0,200,561,805,1016,1530,1640,1911]
[0,537,805,1016,1678,1911]
[0,805,1204,1530,1911]
[0,200,537,805,1016,1530,1678,1911]
[0,805,1204,1911]
[0,805,1016,1530,1640,1911]
[0,537,805,1911]
[0,192,561,805,1204,1911]
[0,537,805,1204,1530,1678,1911]
[0,561,805,1530,1911]
[0,561,805,1016,1530,1911]
[0,561,805,1662,1911]
[0,748,1530,1911]
[0,805,1016,1911]
[0,1530,1640,1911]
[0,200,537,805,1016,1678,1911]
[0,192,561,805,1016,1662,1911]
[0,192,561,805,1016,1640,1911]
[0,537,875,1911]
[0,748,1204,1911]
[0,537,805,1204,1911]
[0,200,805,1016,1530,1640,1911]
[0,805,1530,1640,1911]
[0,1530,1911]
[0,561,805,1640,1911]
[0,200,805,1016,1911]
[0,561,805,1204,1911]
[0,561,805,1016,1640,1911]
[0,192,561,805,1016,1911]
[0,748,1204,1530,1911]
[0,192,748,1204,1911]
