[0,170,934,1419,1613,1920,2956]
[0,749,1419,2504,2956]
[0,1613,1920,2956]
[0,523,1199,2576,2956]
[0,2829,2956]
[0,170,934,1419,1613,1920,2192,2504,2829,2956]
[0,471,934,1419,1920,2956]
[0,1920,2956]
[0,471,934,1419,1633,1920,2956]
[0,749,2192,2956]
[0,170,749,1419,1613,1920,2192,2504,2829,2956]
[0,934,1920,2956]
[0,749,1613,2956]
[0,471,934,1419,1920,2192,2504,2956]
[0,749,1419,2829,2956]
[0,525,934,1419,2192,2504,2956]
[0,749,1613,1920,2192,2504,2956]
[0,749,2956]
[0,369,2504,2956]
[0,471,854,1419,1633,1920,2956]
[0,854,2956]
[0,1732,2576,2956]
[0,471,854,1419,2956]
[0,934,1419,1613,1920,2192,2504,2956]
[0,749,2504,2956]
[0,1419,1613,1920,2956]
[0,471,934,1419,2956]
[0,934,1419,1613,1920,2504,2956]
[0,1613,1920,2192,2504,2956]
[0,471,934,1419,1633,2956]
[0,1613,2504,2956]
[0,369,525,934,1419,2956]
[0,471,934,1419,1633,1920,2504,2956]
[0,525,934,1419,2504,2956]
[0,170,749,1419,1613,1920,2192,2504,2956]
[0,471,934,1419,1920,2504,2956]
[0,749,1920,2956]
[0,1613,2956]
[0,854,1419,2504,2956]
[0,1419,2956]
[0,523,1199,2956]
[0,854,1419,1859,2956]
[0,749,1419,1613,1920,2504,2956]
[0,749,2829,2956]
[0,749,1419,1613,1920,2192,2504,2956]
[0,369,525,934,1419,2504,2956]
[0,471,854,1419,1920,2956]
[0,170,934,1419,1613,1920,2504,2956]
[0,523,2956]
[0,2576,2956]
[0,749,1613,2504,2956]
[0,854,1419,1920,2956]
[0,471,854,2956]
[0,525,934,2956]
[0,749,1419,2192,2504,2829,2956]
[0,1613,1920,2504,2956]
[0,934,2956]
[0,854,1419,2829,2956]
[0,854,1419,1859,2504,2829,2956]
[0,170,934,1419,1613,1920,2192,2504,2956]
[0,854,1419,1859,2504,2956]
[0,854,1419,2956]
[0,749,1613,1920,2504,2956]
[0,749,1419,2504,2829,2956]
[0,934,1419,1613,2956]
[0,934,1419,2504,2956]
[0,934,1419,2192,2504,2956]
[0,934,1419,1920,2504,2956]
[0,749,1419,1920,2192,2504,2956]
[0,749,1419,2956]
[0,749,1613,1920,2956]
[0,525,934,1419,2956]
[0,471,934,1419,1633,1920,2192,2504,2956]
[0,1419,1613,2956]
[0,471,854,1419,1633,2956]
[0,749,1419,1920,2192,2504,2829,2956]
[0,934,1419,1613,1920,2956]
[0,934,1419,1920,2956]
[0,749,1419,2192,2504,2956]
[0,1732,2956]
[0,2192,2956]
[0,749,1419,1613,1920,2956]
[0,369,525,934,1419,2192,2504,2956]
[0,934,1419,1920,2192,2504,2956]
[0,854,1419,1859,2829,2956]
[0,471,854,1419,1633,1920,2829,2956]
[0,620,934,1419,2829,2956]
[0,934,1419,2956]
[0,1199,2956]
[0,471,934,1419,2192,2504,2956]
[0,471,934,1419,2504,2956]
[0,2504,2956]
[0,620,934,1419,2956]
