[0,564,634,700,871,918,960,1046]
[0,247,383,564,700,871,1046]
[0,383,564,871,1046]
[0,383,564,634,700,871,918,960,1046]
[0,383,564,1046]
[0,247,871,1046]
[0,564,700,871,1046]
[0,383,564,634,700,871,960,1046]
[0,700,871,960,1046]
[0,634,700,871,918,960,1046]
[0,383,564,700,871,960,1046]
[0,564,1046]
[0,247,1046]
[0,634,1046]
[0,564,700,871,960,1046]
[0,564,634,700,871,1046]
[0,564,871,1046]
[0,247,700,871,1046]
[0,247,383,564,634,700,871,918,960,1046]
[0,247,383,564,700,871,960,1046]
[0,700,871,1046]
[0,564,634,700,871,960,1046]
[0,634,700,871,1046]
[0,634,700,871,960,1046]
[0,383,564,700,871,1046]
[0,247,383,564,634,700,871,960,1046]
[0,871,1046]
[0,634,871,1046]
