[0,79,137,405,560,665,715,922]
[0,137,405,560,665,715,922]
[0,137,255,405,922]
[0,137,274,405,560,665,922]
[0,137,298,405,560,922]
[0,137,922]
[0,137,274,405,560,922]
[0,137,405,665,715,922]
[0,405,715,922]
[0,79,137,405,560,665,922]
[0,79,137,255,405,560,665,707,922]
[0,405,922]
[0,79,137,255,405,560,665,922]
[0,137,255,405,560,665,707,922]
[0,405,560,922]
[0,137,405,715,922]
[0,255,405,715,922]
[0,255,405,560,665,707,922]
[0,79,137,255,405,560,922]
[0,137,255,405,560,665,922]
[0,274,922]
[0,79,137,405,560,922]
[0,137,255,405,560,665,715,922]
[0,255,405,665,715,922]
[0,79,137,255,405,560,665,715,922]
[0,137,405,922]
[0,137,255,405,560,922]
[0,255,405,922]
[0,274,675,922]
[0,137,405,560,922]
[0,255,405,560,922]
[0,255,405,560,665,715,922]
[0,137,274,405,560,665,715,922]
[0,255,405,560,665,922]
[0,137,405,560,665,922]
