[0,45,216,338,797,922]
[0,476,621,792,922]
[0,216,338,476,543,621,715,792,922]
[0,338,476,543,797,922]
[0,476,621,922]
[0,476,922]
[0,45,797,922]
[0,216,922]
[0,797,922]
[0,216,338,476,543,797,922]
[0,621,922]
[0,216,338,476,543,715,792,922]
[0,216,338,476,797,922]
[0,216,338,476,621,922]
[0,570,922]
[0,338,476,922]
[0,476,797,922]
[0,216,621,922]
[0,338,476,621,792,922]
[0,45,216,792,922]
[0,216,797,922]
[0,216,570,792,922]
[0,338,476,797,922]
[0,216,570,922]
[0,338,476,621,922]
[0,45,792,922]
[0,338,476,543,792,922]
[0,216,627,922]
[0,792,922]
[0,476,543,797,922]
[0,216,338,476,543,792,922]
[0,476,543,922]
[0,45,216,338,792,922]
[0,216,338,383,476,543,715,792,922]
[0,216,338,476,792,922]
[0,45,216,338,383,476,543,715,792,922]
[0,216,338,621,715,797,922]
[0,476,792,922]
[0,627,922]
[0,216,792,922]
[0,216,338,797,922]
[0,216,338,383,476,543,792,922]
[0,45,216,338,476,792,922]
[0,45,216,338,476,543,797,922]
[0,543,922]
[0,45,216,338,383,476,543,621,715,792,922]
[0,476,543,792,922]
[0,216,338,476,715,792,922]
[0,338,476,792,922]
[0,45,216,338,621,797,922]
[0,216,338,792,922]
[0,338,922]
[0,216,338,476,621,792,922]
[0,45,216,338,476,543,792,922]
[0,45,216,338,621,715,797,922]
[0,216,338,621,797,922]
[0,216,621,797,922]
[0,216,338,383,476,543,621,715,792,922]
[0,45,216,338,383,476,543,792,922]
[0,216,338,476,621,715,792,922]
[0,45,216,797,922]
