[0,915,2019]
[0,476,1317,1572,2019]
[0,277,881,1317,2019]
[0,277,881,1317,1572,2019]
[0,277,881,1572,2019]
[0,277,476,734,1317,1572,2019]
[0,476,734,1572,2019]
[0,277,1317,2019]
[0,277,915,1759,2019]
[0,277,734,881,1757,2019]
[0,734,881,1326,1572,2019]
[0,277,476,734,881,1111,1317,1572,2019]
[0,277,476,734,881,1572,2019]
[0,734,881,1757,2019]
[0,476,1326,1572,2019]
[0,476,881,2019]
[0,277,476,881,1757,2019]
[0,1317,2019]
[0,881,1368,2019]
[0,277,476,881,1111,1317,1757,2019]
[0,476,1572,2019]
[0,546,1368,2019]
[0,277,476,1317,1572,2019]
[0,1757,2019]
[0,277,476,734,881,1326,1572,2019]
[0,277,881,1111,1317,1757,2019]
[0,277,476,881,1111,1317,1572,2019]
[0,277,476,734,881,1111,1317,1572,1757,2019]
[0,277,881,1111,1317,1572,2019]
[0,277,476,881,1317,1757,2019]
[0,881,1317,2019]
[0,881,1757,2019]
[0,881,1326,1572,2019]
[0,881,1572,2019]
[0,277,476,1326,1572,2019]
[0,915,1759,2019]
[0,277,881,1368,2019]
[0,277,476,1572,2019]
[0,476,734,1326,1572,2019]
[0,851,1757,2019]
[0,851,2019]
[0,1368,2019]
[0,277,1326,2019]
[0,277,1317,1572,2019]
[0,277,881,1317,1757,2019]
[0,277,881,1757,2019]
[0,734,881,1572,2019]
[0,277,476,734,881,1317,1572,2019]
[0,1326,2019]
[0,277,476,734,881,1111,1317,1572,1757,1902,2019]
[0,277,476,2019]
[0,277,881,2019]
[0,277,476,734,1326,1572,2019]
[0,277,476,734,881,2019]
[0,277,476,881,1572,2019]
[0,1572,2019]
[0,476,2019]
[0,881,2019]
[0,1759,2019]
[0,277,1326,1572,2019]
[0,734,881,2019]
[0,277,476,881,1317,1572,2019]
[0,546,2019]
[0,1317,1572,2019]
[0,476,734,1317,1572,2019]
[0,277,915,2019]
[0,1326,1572,2019]
[0,277,476,881,2019]
[0,476,734,881,2019]
[0,277,476,881,1111,1317,1572,1757,2019]
[0,277,2019]
