[0,425,602,1230,2020]
[0,47,602,745,1214,1471,1957,2020]
[0,342,946,2020]
[0,425,602,745,1214,1471,2020]
[0,425,602,1214,1471,2020]
[0,1471,2020]
[0,744,1471,2020]
[0,425,602,1214,2020]
[0,342,425,602,745,1230,2020]
[0,602,745,1214,1471,1957,2020]
[0,745,1319,2020]
[0,425,602,745,2020]
[0,342,425,602,745,1230,1471,2020]
[0,342,425,602,745,1214,2020]
[0,342,602,745,1214,1471,1957,2020]
[0,342,744,1037,1471,1957,2020]
[0,744,2020]
[0,342,946,1471,1957,2020]
[0,342,744,1214,2020]
[0,744,1037,2020]
[0,602,745,1230,1471,1957,2020]
[0,342,1230,1471,1957,2020]
[0,342,744,946,1214,1471,1957,2020]
[0,602,745,2020]
[0,1037,1471,2020]
[0,602,745,1214,1471,2020]
[0,342,602,1230,1471,2020]
[0,342,1230,1471,2020]
[0,342,745,1319,1957,2020]
[0,47,342,425,602,745,1230,1471,1957,2020]
[0,342,602,1230,2020]
[0,342,425,602,745,1214,1471,1957,2020]
[0,602,1214,1471,2020]
[0,47,342,425,602,745,1214,1471,1957,2020]
[0,342,602,1214,2020]
[0,425,602,1230,1471,2020]
[0,342,1037,1471,2020]
[0,425,602,745,1230,1471,2020]
[0,342,425,602,745,1214,1471,2020]
[0,946,1471,2020]
[0,602,1230,2020]
[0,342,1230,2020]
[0,1319,2020]
[0,602,745,1230,2020]
[0,47,342,602,745,1230,1471,1957,2020]
[0,602,1214,2020]
[0,1037,2020]
[0,342,602,745,1230,1471,2020]
[0,342,602,745,1214,1471,2020]
[0,602,745,1214,2020]
[0,342,745,1319,2020]
[0,1230,2020]
[0,946,2020]
[0,602,745,1230,1471,2020]
[0,342,745,1957,2020]
[0,342,425,602,1214,2020]
[0,744,946,1214,1471,1957,2020]
[0,342,946,1471,2020]
[0,342,745,2020]
[0,744,1214,1471,2020]
[0,744,1037,1957,2020]
[0,342,425,602,745,2020]
[0,425,602,745,1230,2020]
[0,1214,2020]
[0,47,342,602,745,1214,1471,1957,2020]
[0,342,946,1957,2020]
[0,342,744,946,1214,1471,2020]
[0,342,602,1214,1471,2020]
[0,342,1319,2020]
[0,342,744,1037,1471,2020]
[0,745,2020]
[0,342,425,602,745,1230,1471,1957,2020]
[0,744,946,1214,1471,2020]
[0,602,1230,1471,2020]
[0,342,602,745,1230,1471,1957,2020]
[0,47,602,745,1230,1471,1957,2020]
[0,425,602,2020]
[0,342,744,1037,2020]
[0,602,2020]
[0,744,1214,2020]
[0,425,602,745,1214,2020]
[0,342,744,1037,1957,2020]
[0,342,744,1214,1471,2020]
[0,342,1037,2020]
