[0,905,1465]
[0,857,989,1413,1465]
[0,265,530,857,989,1277,1413,1465]
[0,265,401,905,989,1210,1277,1413,1465]
[0,265,401,709,905,989,1210,1277,1413,1465]
[0,930,1210,1277,1413,1465]
[0,265,401,1210,1277,1465]
[0,989,1210,1277,1413,1465]
[0,265,905,989,1210,1277,1413,1465]
[0,1413,1465]
[0,265,401,857,989,1210,1277,1413,1465]
[0,265,1277,1465]
[0,265,905,1277,1465]
[0,265,530,1413,1465]
[0,265,401,709,905,989,1210,1465]
[0,401,989,1210,1277,1465]
[0,265,1248,1465]
[0,930,1248,1465]
[0,265,857,989,1210,1465]
[0,265,401,930,1210,1277,1413,1465]
[0,265,401,930,1210,1465]
[0,401,989,1210,1465]
[0,265,401,857,989,1210,1465]
[0,265,401,1210,1277,1413,1465]
[0,265,930,1210,1465]
[0,530,1465]
[0,930,1465]
[0,265,401,989,1210,1465]
[0,265,1210,1465]
[0,930,1210,1465]
[0,989,1210,1277,1465]
[0,265,401,709,989,1210,1465]
[0,265,989,1210,1465]
[0,265,530,1465]
[0,265,401,930,1210,1277,1465]
[0,265,401,1277,1465]
[0,265,401,905,989,1210,1465]
[0,1210,1277,1465]
[0,265,1210,1277,1413,1465]
[0,905,989,1210,1277,1413,1465]
[0,1248,1413,1465]
[0,401,989,1465]
[0,265,401,857,989,1210,1277,1465]
[0,930,1248,1413,1465]
[0,989,1210,1465]
[0,265,709,989,1465]
[0,265,401,709,905,989,1210,1277,1465]
[0,265,857,989,1210,1277,1465]
[0,905,989,1210,1465]
[0,857,989,1465]
[0,1277,1465]
[0,709,989,1465]
[0,265,530,989,1465]
[0,265,709,989,1210,1465]
[0,905,989,1465]
[0,1210,1277,1413,1465]
[0,265,989,1465]
[0,857,989,1210,1277,1465]
[0,265,905,989,1210,1277,1465]
[0,265,857,989,1210,1277,1413,1465]
[0,857,989,1210,1277,1413,1465]
[0,905,989,1210,1277,1465]
[0,1248,1465]
[0,265,1210,1277,1465]
[0,265,401,1465]
[0,265,930,1210,1277,1413,1465]
[0,857,989,1210,1465]
[0,265,401,905,989,1210,1277,1465]
[0,265,905,1465]
[0,265,1248,1413,1465]
[0,265,857,989,1413,1465]
[0,265,857,989,1465]
[0,265,401,930,1465]
[0,265,401,989,1210,1277,1465]
[0,265,989,1413,1465]
[0,905,1277,1465]
[0,265,530,857,989,1277,1465]
[0,265,401,989,1210,1277,1413,1465]
[0,265,530,989,1277,1465]
[0,1210,1465]
[0,530,989,1465]
[0,265,530,989,1277,1413,1465]
[0,265,1413,1465]
[0,989,1413,1465]
[0,265,905,989,1210,1465]
[0,989,1465]
[0,265,1465]
[0,265,530,857,989,1465]
[0,265,530,857,989,1413,1465]
[0,265,930,1465]
[0,401,989,1210,1277,1413,1465]
[0,265,530,989,1413,1465]
[0,265,930,1210,1277,1465]
[0,930,1210,1277,1465]
