[0,84,316,562,616,1046]
[0,84,362,410,566,616,826,913,1046]
[0,84,562,834,1046]
[0,616,826,1046]
[0,84,410,566,616,826,1046]
[0,410,566,826,1046]
[0,616,726,913,1046]
[0,84,410,562,616,834,913,1046]
[0,362,1046]
[0,410,616,826,913,1046]
[0,84,362,826,913,1046]
[0,562,1046]
[0,84,362,410,562,616,834,913,1046]
[0,84,323,562,616,834,1046]
[0,84,410,562,1046]
[0,84,316,362,410,562,616,726,834,913,1046]
[0,362,566,908,1046]
[0,558,616,826,913,1046]
[0,84,826,913,1046]
[0,84,362,410,566,616,726,826,913,1046]
[0,84,323,562,616,834,913,1046]
[0,84,410,566,1046]
[0,410,566,826,913,1046]
[0,826,1046]
[0,84,410,562,616,834,1046]
[0,84,323,562,616,726,1046]
[0,84,558,616,826,913,1046]
[0,84,410,562,834,1046]
[0,726,913,1046]
[0,84,410,566,826,1046]
[0,84,1046]
[0,410,616,726,1046]
[0,84,323,566,726,913,1046]
[0,84,362,410,826,913,1046]
[0,558,826,1046]
[0,323,566,1046]
[0,84,362,566,1046]
[0,84,323,562,726,834,913,1046]
[0,410,566,616,1046]
[0,84,410,566,616,726,1046]
[0,84,362,410,562,616,726,834,913,1046]
[0,826,913,1046]
[0,362,826,1046]
[0,84,616,726,913,1046]
[0,84,323,562,834,913,1046]
[0,410,566,1046]
[0,84,323,566,726,834,913,1046]
[0,84,316,362,410,562,616,834,913,1046]
[0,323,562,834,1046]
[0,726,1046]
[0,84,316,362,562,616,1046]
[0,410,562,834,1046]
[0,84,410,562,726,834,913,1046]
[0,410,566,726,826,913,1046]
[0,84,826,1046]
[0,410,562,616,1046]
[0,410,726,1046]
[0,84,362,410,616,726,826,913,1046]
[0,84,616,826,913,1046]
[0,410,562,726,1046]
[0,410,562,726,913,1046]
[0,84,323,566,726,1046]
[0,562,834,1046]
[0,616,726,826,1046]
[0,362,566,1046]
[0,84,323,562,726,1046]
[0,84,566,726,1046]
[0,84,410,566,616,1046]
[0,566,908,1046]
[0,84,566,1046]
[0,84,410,566,726,1046]
[0,358,1046]
[0,558,1046]
[0,558,616,1046]
[0,410,616,826,1046]
[0,410,566,726,826,1046]
[0,84,562,616,1046]
[0,84,323,562,1046]
[0,84,726,1046]
[0,316,562,1046]
[0,84,323,562,834,1046]
[0,84,362,410,616,826,913,1046]
[0,84,323,562,616,1046]
[0,84,562,726,1046]
[0,323,566,726,913,1046]
[0,84,362,410,562,616,834,1046]
[0,84,410,566,616,726,826,913,1046]
[0,566,826,1046]
[0,84,410,562,726,913,1046]
[0,84,362,410,562,616,1046]
[0,358,616,1046]
[0,323,562,1046]
[0,84,410,616,826,913,1046]
[0,84,410,566,826,913,1046]
[0,84,316,362,410,562,616,1046]
[0,616,826,913,1046]
[0,558,616,826,1046]
[0,84,410,566,726,826,913,1046]
[0,84,362,558,826,913,1046]
[0,410,562,1046]
[0,84,410,562,616,1046]
[0,566,1046]
[0,616,726,1046]
[0,84,410,562,726,1046]
[0,362,826,913,1046]
[0,323,562,726,913,1046]
[0,323,566,726,1046]
[0,84,410,616,726,826,913,1046]
[0,410,566,726,1046]
[0,84,410,562,834,913,1046]
[0,558,826,913,1046]
[0,616,913,1046]
[0,84,323,562,726,913,1046]
[0,616,726,826,913,1046]
[0,566,616,1046]
[0,84,362,566,908,1046]
[0,566,726,1046]
[0,323,562,726,1046]
[0,616,1046]
[0,84,562,1046]
[0,362,558,826,913,1046]
[0,84,558,826,913,1046]
[0,84,362,558,616,826,913,1046]
[0,562,616,1046]
[0,84,316,362,410,562,616,834,1046]
[0,410,616,726,826,1046]
[0,84,410,566,726,826,1046]
[0,562,726,1046]
[0,84,616,726,826,913,1046]
[0,84,616,726,1046]
[0,84,410,562,616,726,834,913,1046]
[0,362,558,826,1046]
[0,84,362,410,566,616,726,1046]
[0,84,323,562,616,726,834,913,1046]
[0,84,316,562,1046]
[0,410,616,726,826,913,1046]
[0,84,410,566,616,826,913,1046]
