[0,1012,2352,2554]
[0,693,1993,2554]
[0,263,637,2142,2449,2554]
[0,263,693,1056,1993,2142,2554]
[0,263,1056,2449,2554]
[0,263,693,1056,1993,2142,2449,2554]
[0,263,637,794,1514,1993,2554]
[0,263,637,1056,1993,2142,2554]
[0,263,637,2142,2554]
[0,263,637,794,1514,1993,2142,2554]
[0,263,637,1514,1993,2554]
[0,263,637,794,1056,1993,2142,2554]
[0,637,2142,2554]
[0,263,637,1056,1256,1514,2449,2554]
[0,263,693,1993,2142,2554]
[0,263,794,1514,1993,2554]
[0,263,1056,1993,2554]
[0,693,1056,1993,2554]
[0,263,637,1514,2554]
[0,693,2554]
[0,263,794,1993,2142,2554]
[0,263,693,1056,2449,2554]
[0,263,637,1056,2554]
[0,637,1514,2554]
[0,263,693,1056,1993,2554]
[0,637,1056,1993,2554]
[0,263,637,794,1056,1993,2554]
[0,263,693,1056,2554]
[0,794,2449,2554]
[0,1012,2554]
[0,263,1056,2554]
[0,263,637,1056,1256,1514,1993,2449,2554]
[0,263,637,1056,1256,2554]
[0,263,637,1256,1514,2554]
[0,263,693,1056,1993,2449,2554]
[0,637,1056,2554]
[0,263,1012,2352,2554]
[0,263,637,1056,1993,2554]
[0,1056,2352,2554]
[0,263,1056,1993,2449,2554]
[0,263,1056,1256,2449,2554]
[0,263,637,794,1993,2142,2554]
[0,263,637,1056,1256,1514,2554]
[0,263,794,1514,1993,2142,2449,2554]
[0,794,1993,2554]
[0,794,1514,1993,2554]
[0,263,637,794,1514,1993,2142,2449,2554]
[0,263,637,1993,2554]
[0,1056,1993,2554]
[0,1056,2103,2554]
[0,263,794,1993,2449,2554]
[0,263,637,1056,1256,1993,2142,2554]
[0,263,637,794,1993,2554]
[0,263,637,2554]
[0,263,693,1993,2142,2449,2554]
[0,263,637,1256,1514,1993,2554]
[0,263,1056,2352,2554]
[0,263,1056,1256,2554]
[0,263,637,1056,1993,2142,2449,2554]
[0,263,794,1514,1993,2142,2554]
[0,263,637,1993,2142,2554]
[0,263,637,1993,2142,2449,2554]
[0,263,637,794,1056,1993,2142,2449,2554]
[0,263,637,1056,1256,1514,1993,2142,2554]
[0,263,637,1056,1256,1993,2554]
[0,263,1056,2103,2554]
[0,263,637,1056,1256,1514,1993,2142,2449,2554]
[0,263,794,1993,2142,2449,2554]
[0,263,794,1056,1993,2554]
[0,1514,2554]
[0,637,1514,1993,2554]
[0,1009,2554]
[0,263,794,2449,2554]
[0,263,637,1056,1256,1993,2142,2449,2554]
[0,1056,2554]
[0,263,794,1993,2554]
[0,263,693,2449,2554]
[0,263,693,2554]
[0,794,2554]
[0,263,637,1056,2449,2554]
[0,263,637,1056,1256,1514,1993,2554]
[0,263,693,1993,2554]
[0,693,1056,2554]
[0,1056,2449,2554]
[0,263,1012,2554]
[0,2352,2554]
[0,1009,2103,2554]
[0,263,794,2554]
[0,263,637,2449,2554]
[0,263,693,1993,2449,2554]
[0,263,637,794,1993,2142,2449,2554]
[0,637,2554]
[0,263,637,1056,1256,2449,2554]
[0,637,1993,2554]
