[0,417,1009,1180]
[0,262,417,1009,1180]
[0,54,126,262,439,542,1180]
[0,126,262,417,1055,1180]
[0,126,262,439,542,1180]
[0,54,126,262,439,1180]
[0,54,126,262,417,1180]
[0,262,417,754,1009,1180]
[0,254,1180]
[0,126,262,439,542,1055,1180]
[0,54,126,262,439,542,1055,1180]
[0,417,770,1055,1180]
[0,126,262,417,542,754,1009,1180]
[0,417,754,1009,1180]
[0,125,262,417,1180]
[0,54,126,262,417,770,1055,1180]
[0,126,262,439,1009,1055,1180]
[0,262,439,770,1055,1180]
[0,417,770,1180]
[0,262,1055,1180]
[0,262,417,770,1180]
[0,125,262,439,770,1055,1180]
[0,125,262,439,770,1180]
[0,54,126,262,439,1009,1055,1180]
[0,54,126,262,417,542,754,1180]
[0,54,126,262,417,542,1055,1180]
[0,417,754,1180]
[0,262,417,754,1180]
[0,126,262,1180]
[0,54,126,262,439,1055,1180]
[0,126,262,417,1009,1180]
[0,126,262,417,1180]
[0,126,262,439,1180]
[0,126,262,439,1055,1180]
[0,126,262,1055,1180]
[0,125,262,417,542,770,1055,1180]
[0,254,1009,1180]
[0,126,262,417,1009,1055,1180]
[0,126,262,417,542,770,1055,1180]
[0,262,417,770,1055,1180]
[0,125,262,1180]
[0,439,770,1032,1180]
[0,54,126,262,417,542,1180]
[0,54,126,262,439,542,1009,1055,1180]
[0,126,262,417,542,1180]
[0,54,126,262,417,542,770,1055,1180]
[0,54,126,262,417,542,754,1009,1055,1180]
[0,262,439,770,1032,1180]
[0,54,126,262,417,542,754,1009,1180]
[0,439,1055,1180]
[0,262,439,1055,1180]
[0,54,126,262,417,542,1009,1055,1180]
[0,262,417,542,770,1055,1180]
[0,126,439,1180]
[0,54,126,262,417,1009,1055,1180]
[0,126,262,1009,1055,1180]
[0,125,262,439,770,1032,1180]
[0,417,542,770,1055,1180]
[0,417,1180]
[0,439,1180]
[0,125,262,417,770,1180]
[0,262,417,1180]
[0,262,439,1180]
[0,54,126,262,417,770,1180]
[0,126,262,417,770,1180]
[0,126,262,417,754,1009,1180]
[0,439,770,1180]
[0,262,439,770,1180]
[0,262,1180]
[0,125,262,439,1180]
[0,126,262,417,770,1055,1180]
[0,126,262,417,754,1180]
[0,126,262,417,542,754,1180]
[0,439,770,1055,1180]
[0,125,262,417,770,1055,1180]
[0,54,126,262,417,1055,1180]
[0,126,262,417,542,1055,1180]
