[0,138,439,1296,1699,2145,2211]
[0,439,1645,2211]
[0,439,716,1296,1503,2211]
[0,1296,1699,2211]
[0,439,1296,1645,2211]
[0,1090,1296,2211]
[0,1296,1503,2211]
[0,1645,2211]
[0,138,439,1090,1296,2211]
[0,138,439,716,1296,1371,1503,2145,2211]
[0,138,1296,1699,2211]
[0,439,1090,1296,1503,2211]
[0,439,1435,1699,2211]
[0,138,439,1090,1296,1371,1699,2145,2211]
[0,138,439,1296,1699,2211]
[0,439,1090,1296,2211]
[0,138,439,1296,1503,2211]
[0,439,1503,2211]
[0,439,1435,2211]
[0,138,439,716,1296,1371,1503,2211]
[0,439,1296,2211]
[0,138,439,1296,1371,1503,2145,2211]
[0,138,439,1699,2211]
[0,1296,1371,1699,2211]
[0,439,1435,2145,2211]
[0,439,1296,1503,2211]
[0,1435,2145,2211]
[0,439,716,1296,2211]
[0,138,439,1296,2145,2211]
[0,138,439,1090,1296,1371,1503,2211]
[0,1435,2211]
[0,138,439,1503,1699,2211]
[0,138,439,1296,2211]
[0,138,1435,2211]
[0,138,439,1090,1296,1503,2211]
[0,1371,2211]
[0,1503,2145,2211]
[0,439,1699,2145,2211]
[0,1296,2211]
[0,439,1435,1699,2145,2211]
[0,138,439,1435,2145,2211]
[0,138,439,1503,2145,2211]
[0,138,1296,2211]
[0,439,1371,2145,2211]
[0,138,1296,1371,1699,2211]
[0,138,1296,1371,1503,2211]
[0,1296,1645,2145,2211]
[0,138,439,1503,1699,2145,2211]
[0,138,439,716,1296,2211]
[0,138,439,1090,1296,1371,1503,2145,2211]
[0,1296,1371,2211]
[0,439,1503,1699,2211]
[0,138,439,1699,2145,2211]
[0,138,439,1296,1371,1699,2211]
[0,138,1296,1503,2211]
[0,138,439,1296,1371,1503,2211]
[0,439,1090,1296,1699,2211]
[0,1296,2145,2211]
[0,439,1699,2211]
[0,439,1371,2211]
[0,138,439,716,1296,1503,2211]
[0,138,439,1435,2211]
[0,1296,1371,1503,2211]
[0,138,439,1503,2211]
[0,1371,2145,2211]
[0,138,439,1090,1296,1699,2211]
[0,439,1296,1699,2211]
[0,439,1503,2145,2211]
[0,1296,1645,2211]
[0,138,439,1090,1296,1371,1699,2211]
[0,1699,2211]
[0,1503,2211]
[0,439,1296,1645,2145,2211]
