[0,136,187,534,645,848,1358,1419]
[0,136,187,525,645,1358,1419]
[0,41,136,187,525,645,1358,1419]
[0,136,187,524,645,848,1358,1419]
[0,187,534,645,848,1419]
[0,187,524,692,1419]
[0,187,251,525,645,1419]
[0,187,534,645,1419]
[0,187,524,692,1358,1419]
[0,136,187,251,525,645,848,1358,1419]
[0,136,187,251,534,645,1358,1419]
[0,187,848,1419]
[0,645,848,1419]
[0,187,1419]
[0,187,524,645,848,1358,1419]
[0,187,251,525,645,848,1419]
[0,187,251,534,645,1419]
[0,41,136,187,524,645,1358,1419]
[0,524,645,1419]
[0,187,525,645,1419]
[0,187,525,645,848,1419]
[0,187,251,534,645,848,1419]
[0,187,251,525,645,848,1358,1419]
[0,534,1419]
[0,41,136,187,534,645,1358,1419]
[0,136,187,534,1419]
[0,187,525,645,848,1358,1419]
[0,187,534,645,848,1358,1419]
[0,187,1358,1419]
[0,136,187,1419]
[0,41,187,524,692,1358,1419]
[0,136,187,251,525,645,1358,1419]
[0,187,524,645,1358,1419]
[0,848,1419]
[0,187,534,1419]
[0,525,645,1419]
[0,524,1419]
[0,136,187,534,645,1358,1419]
[0,645,1419]
[0,41,136,187,524,645,848,1358,1419]
[0,187,251,534,645,848,1358,1419]
[0,136,187,524,1419]
[0,136,187,525,645,1419]
[0,187,525,1419]
[0,41,136,187,534,645,848,1358,1419]
[0,41,136,187,251,534,645,848,1358,1419]
[0,534,645,1419]
[0,1358,1419]
[0,41,136,187,525,645,848,1358,1419]
[0,187,524,645,1419]
[0,136,187,534,645,1419]
[0,41,136,187,251,525,645,1358,1419]
[0,136,187,524,645,1419]
[0,136,187,251,534,645,848,1358,1419]
[0,187,534,645,1358,1419]
[0,136,187,525,645,848,1358,1419]
[0,187,524,1419]
[0,136,187,524,645,1358,1419]
[0,187,524,645,848,1419]
[0,187,251,525,645,1358,1419]
[0,41,136,187,251,534,645,1358,1419]
[0,525,1419]
[0,136,187,525,1419]
[0,187,645,848,1419]
[0,187,525,645,1358,1419]
[0,187,251,534,645,1358,1419]
[0,41,136,187,251,525,645,848,1358,1419]
