[0,235,479,922]
[0,230,297,353,507,811,866,922]
[0,115,235,479,707,866,922]
[0,235,507,922]
[0,235,297,448,599,922]
[0,599,922]
[0,230,297,353,507,732,811,866,922]
[0,115,230,620,732,922]
[0,115,230,297,620,732,811,866,922]
[0,115,230,297,353,620,732,811,866,922]
[0,230,297,353,922]
[0,235,707,866,922]
[0,235,707,922]
[0,115,230,732,922]
[0,235,297,353,866,922]
[0,235,297,811,866,922]
[0,448,732,866,922]
[0,230,297,732,866,922]
[0,230,297,732,811,866,922]
[0,235,297,448,922]
[0,235,297,353,507,599,866,922]
[0,235,922]
[0,235,297,922]
[0,230,297,353,507,732,866,922]
[0,235,297,507,599,866,922]
[0,479,922]
[0,116,922]
[0,448,732,922]
[0,250,922]
[0,230,507,922]
[0,866,922]
[0,115,235,507,811,922]
[0,507,599,922]
[0,235,297,507,599,811,866,922]
[0,230,507,811,922]
[0,230,922]
[0,235,479,707,922]
[0,235,732,922]
[0,235,297,353,448,599,811,866,922]
[0,235,448,922]
[0,507,922]
[0,250,811,922]
[0,235,297,732,866,922]
[0,235,297,448,599,866,922]
[0,235,297,599,922]
[0,230,620,732,922]
[0,230,297,811,866,922]
[0,115,235,507,922]
[0,115,235,479,707,922]
[0,235,811,922]
[0,230,297,811,922]
[0,235,479,707,866,922]
[0,230,297,866,922]
[0,707,922]
[0,235,297,353,811,866,922]
[0,230,297,620,732,866,922]
[0,230,297,353,507,922]
[0,235,297,353,507,599,922]
[0,230,297,922]
[0,115,230,297,620,732,866,922]
[0,235,448,599,922]
[0,235,297,507,599,922]
[0,230,297,353,507,811,922]
[0,116,448,732,866,922]
[0,230,297,507,922]
[0,235,507,811,922]
[0,230,297,620,732,811,866,922]
[0,235,297,599,811,866,922]
[0,235,599,922]
[0,230,297,507,811,866,922]
[0,235,507,599,922]
[0,620,732,922]
[0,297,922]
[0,230,297,353,620,732,866,922]
[0,116,448,732,922]
[0,230,732,922]
[0,235,297,353,507,599,811,866,922]
[0,230,297,507,732,922]
[0,230,297,507,811,922]
[0,235,297,448,599,811,866,922]
[0,235,297,732,922]
[0,235,297,866,922]
[0,235,297,811,922]
[0,235,297,599,866,922]
[0,116,297,922]
[0,115,230,297,353,620,732,866,922]
[0,115,230,297,620,732,922]
[0,230,811,922]
[0,235,297,353,448,866,922]
[0,116,297,866,922]
[0,230,297,353,620,732,811,866,922]
[0,707,866,922]
[0,230,507,732,922]
[0,235,297,507,811,866,922]
[0,235,297,353,448,599,866,922]
[0,732,922]
[0,811,922]
[0,235,297,448,866,922]
[0,448,922]
[0,235,297,353,448,811,866,922]
[0,230,297,507,732,866,922]
[0,230,297,620,732,922]
[0,115,230,922]
[0,732,866,922]
[0,116,866,922]
[0,235,297,507,811,922]
[0,230,297,732,922]
