[0,137,270,963,1273,2189]
[0,137,1119,2189]
[0,137,270,676,963,1119,1273,1824,2144,2189]
[0,137,270,418,2189]
[0,963,1119,2189]
[0,137,270,676,1006,1119,2144,2189]
[0,676,963,1119,1273,2144,2189]
[0,270,1273,2189]
[0,270,2189]
[0,137,270,676,1006,1119,2189]
[0,137,676,963,1119,1273,1824,2189]
[0,137,676,1006,1119,1273,2144,2189]
[0,137,270,418,1273,2189]
[0,137,270,418,550,676,1006,1119,2189]
[0,676,963,1119,1273,2189]
[0,270,418,1119,2189]
[0,137,270,418,550,676,1006,1273,2189]
[0,270,418,1273,2189]
[0,137,270,418,550,963,1273,2189]
[0,137,270,418,550,676,1119,2189]
[0,137,270,676,1119,2189]
[0,418,550,2189]
[0,137,270,418,550,1006,1119,2144,2189]
[0,137,270,418,550,963,1273,2144,2189]
[0,676,2144,2189]
[0,270,418,963,1273,2189]
[0,270,418,550,1273,2189]
[0,676,963,1273,2189]
[0,550,1119,2189]
[0,137,270,676,963,1273,2144,2189]
[0,963,1273,1824,2189]
[0,137,270,418,550,1006,1273,2189]
[0,676,1273,1824,2189]
[0,676,1006,1119,2189]
[0,676,963,1119,1273,1824,2189]
[0,137,270,418,1006,1273,2189]
[0,270,1006,1273,2189]
[0,963,1119,2144,2189]
[0,676,1006,1273,2189]
[0,1006,1119,2189]
[0,270,418,550,2189]
[0,137,270,963,1273,1824,2189]
[0,137,270,2189]
[0,270,418,2189]
[0,137,270,418,550,676,1006,1119,2144,2189]
[0,137,676,1006,1119,2189]
[0,676,2189]
[0,676,1006,1119,2144,2189]
[0,137,270,676,963,1119,1273,1824,2189]
[0,137,676,963,1273,1824,2189]
[0,137,270,418,550,1119,2189]
[0,137,270,676,963,1119,1273,2189]
[0,270,418,550,1273,2144,2189]
[0,137,270,1273,1824,2189]
[0,270,963,1273,2189]
[0,137,676,1006,1119,1273,2189]
[0,418,1119,2189]
[0,1006,1119,2144,2189]
[0,270,1273,1824,2189]
[0,676,963,1273,1824,2189]
[0,137,676,1006,1119,2144,2189]
[0,418,550,1006,1119,2189]
[0,550,2189]
[0,418,1273,2189]
[0,137,270,676,963,1273,1824,2189]
[0,137,1119,2144,2189]
[0,676,1273,2144,2189]
[0,137,270,676,963,1273,2189]
[0,418,550,1006,1119,2144,2189]
[0,137,270,418,1119,2189]
[0,963,1273,2189]
[0,1273,2144,2189]
[0,676,1119,2189]
[0,137,270,418,550,676,1006,1119,1273,2144,2189]
[0,676,1273,2189]
[0,137,270,676,1006,1273,2189]
[0,270,418,550,1006,1119,2189]
[0,137,676,2189]
[0,270,418,550,1006,1273,2189]
[0,676,963,1119,2189]
[0,137,676,963,1273,2189]
[0,270,963,1273,1824,2189]
[0,137,270,963,1273,2144,2189]
[0,270,1273,2144,2189]
[0,137,270,418,963,1273,2189]
[0,676,963,1119,1273,1824,2144,2189]
[0,137,270,676,963,1119,1273,2144,2189]
[0,1119,2189]
[0,137,270,418,550,676,963,1273,2189]
[0,270,418,550,1006,1119,2144,2189]
[0,270,418,550,1119,2189]
[0,137,270,418,550,1273,2144,2189]
[0,1273,2189]
[0,137,270,418,550,676,1006,1119,1273,2189]
[0,676,963,1119,2144,2189]
[0,137,270,1273,2144,2189]
[0,137,676,1119,2189]
[0,137,270,1119,2189]
[0,1273,1824,2189]
[0,137,676,1119,2144,2189]
[0,137,270,418,550,1006,1119,2189]
[0,137,270,1273,2189]
[0,137,270,418,550,676,963,1273,2144,2189]
[0,137,676,963,1119,1273,2189]
[0,676,1119,2144,2189]
[0,676,963,1273,2144,2189]
[0,1006,1273,2189]
[0,1119,2144,2189]
[0,270,418,550,2144,2189]
[0,137,270,676,1006,1119,1273,2144,2189]
[0,137,676,1006,1273,2189]
[0,550,1006,1119,2189]
[0,137,270,418,550,2189]
[0,270,418,1006,1273,2189]
[0,137,270,418,550,1273,2189]
[0,137,270,676,1006,1119,1273,2189]
[0,418,550,1119,2189]
