[0,893,1013,1648,1901,2019]
[0,893,2019]
[0,624,1190,2019]
[0,624,1190,1434,1648,2019]
[0,1595,1648,1901,2019]
[0,624,2019]
[0,727,1434,1648,2019]
[0,624,1434,2019]
[0,727,893,1013,1648,1901,2019]
[0,893,1013,1595,1648,2019]
[0,600,1190,1901,2019]
[0,1595,1648,2019]
[0,893,1595,2019]
[0,727,1013,1648,2019]
[0,893,1434,1648,2019]
[0,1590,2019]
[0,1434,1648,1901,2019]
[0,893,1013,1595,1648,1901,2019]
[0,600,1190,1434,1648,2019]
[0,727,1013,1434,1648,1901,2019]
[0,893,1595,1648,2019]
[0,624,1434,1648,2019]
[0,1648,1901,2019]
[0,600,1434,1648,1901,2019]
[0,727,893,1013,1434,1648,1901,2019]
[0,727,1013,1648,1901,2019]
[0,893,1013,1434,1648,2019]
[0,893,1434,2019]
[0,727,2019]
[0,727,1434,1648,1901,2019]
[0,1434,1648,2019]
[0,727,893,1013,1648,2019]
[0,893,1013,1901,2019]
[0,727,893,1013,1595,1648,1901,2019]
[0,727,1595,1648,1901,2019]
[0,727,1901,2019]
[0,624,1190,1434,1648,1901,2019]
[0,727,893,1013,2019]
[0,624,1190,1434,2019]
[0,727,1013,1434,1648,2019]
[0,1190,1901,2019]
[0,600,1190,2019]
[0,1648,2019]
[0,624,1434,1648,1901,2019]
[0,600,1434,2019]
[0,1190,2019]
[0,600,2019]
[0,1434,2019]
[0,727,1013,2019]
[0,600,1190,1648,2019]
[0,727,1013,1901,2019]
[0,727,1595,1901,2019]
[0,1013,2019]
[0,1013,1648,2019]
[0,600,1190,1434,2019]
[0,893,1013,1434,1648,1901,2019]
[0,600,1190,1434,1648,1901,2019]
[0,727,1013,1434,2019]
[0,727,1595,2019]
[0,893,1013,1648,2019]
[0,1434,1901,2019]
[0,727,893,1013,1434,1648,2019]
[0,893,1013,2019]
[0,600,1434,1648,2019]
[0,893,1013,1595,2019]
[0,893,1013,1434,2019]
[0,727,1434,2019]
[0,624,1190,1648,2019]
[0,600,1190,1648,1901,2019]
[0,727,1013,1595,1648,1901,2019]
[0,624,1190,1901,2019]
[0,1901,2019]
[0,1595,2019]
