[0,322,726,871,979,1046]
[0,273,542,1046]
[0,472,726,1046]
[0,322,726,1046]
[0,273,472,542,726,902,979,1046]
[0,472,871,1046]
[0,273,786,1046]
[0,54,273,472,542,726,871,979,1046]
[0,273,322,472,540,726,902,979,1046]
[0,273,472,542,902,979,1046]
[0,322,726,871,1046]
[0,472,540,902,979,1046]
[0,102,273,472,542,902,1046]
[0,273,542,902,1046]
[0,102,273,322,472,540,726,902,979,1046]
[0,273,322,472,542,726,902,979,1046]
[0,54,273,472,726,871,979,1046]
[0,472,540,726,902,979,1046]
[0,273,902,1046]
[0,273,322,902,1046]
[0,542,1046]
[0,273,322,472,540,902,1046]
[0,273,472,540,902,1046]
[0,102,273,472,540,726,902,979,1046]
[0,273,472,542,726,902,1046]
[0,273,1046]
[0,102,542,902,1046]
[0,54,273,472,726,902,979,1046]
[0,542,871,1046]
[0,322,542,1046]
[0,273,322,472,542,902,1046]
[0,472,726,871,1046]
[0,273,472,726,902,979,1046]
[0,273,472,542,902,1046]
[0,273,472,540,726,902,979,1046]
[0,322,542,902,1046]
[0,472,726,902,979,1046]
[0,322,540,1046]
[0,273,322,542,902,1046]
[0,726,1046]
[0,54,273,472,726,1046]
[0,102,273,472,540,726,902,1046]
[0,726,871,979,1046]
[0,273,322,726,902,1046]
[0,472,542,902,979,1046]
[0,273,322,542,1046]
[0,273,472,726,871,979,1046]
[0,871,1046]
[0,273,322,472,542,726,871,1046]
[0,273,322,726,871,979,1046]
[0,273,472,540,902,979,1046]
[0,273,322,540,902,1046]
[0,54,273,472,726,940,1046]
[0,102,273,472,542,726,902,979,1046]
[0,322,540,902,1046]
[0,726,940,1046]
[0,102,273,472,726,902,1046]
[0,322,871,1046]
[0,472,726,940,1046]
[0,273,472,726,1046]
[0,472,1046]
[0,273,472,871,1046]
[0,273,322,726,902,979,1046]
[0,472,542,902,1046]
[0,54,1046]
[0,273,322,472,540,902,979,1046]
[0,102,273,322,472,542,902,979,1046]
[0,726,902,1046]
[0,273,726,1046]
[0,540,1046]
[0,273,871,1046]
[0,273,322,472,542,902,979,1046]
[0,273,472,540,726,902,1046]
[0,540,902,1046]
[0,472,542,871,1046]
[0,322,1046]
[0,273,322,871,1046]
[0,102,273,472,542,902,979,1046]
[0,273,542,871,1046]
[0,726,871,1046]
[0,472,540,902,1046]
[0,726,902,979,1046]
[0,472,542,1046]
[0,102,273,542,902,1046]
[0,273,472,542,726,871,1046]
[0,542,902,1046]
[0,273,322,472,542,726,871,979,1046]
[0,472,726,902,1046]
[0,273,540,902,1046]
[0,54,273,322,472,542,726,871,979,1046]
[0,786,1046]
[0,273,472,1046]
[0,940,1046]
[0,273,472,726,940,1046]
[0,273,322,472,542,871,1046]
[0,54,786,1046]
[0,102,273,322,472,542,726,902,979,1046]
[0,273,472,542,871,1046]
[0,322,726,940,1046]
[0,54,273,1046]
[0,472,540,726,902,1046]
[0,273,322,542,871,1046]
[0,273,472,542,726,871,979,1046]
[0,273,472,726,871,1046]
[0,273,540,1046]
[0,322,726,902,979,1046]
[0,102,273,472,542,726,902,1046]
[0,273,322,726,871,1046]
[0,273,322,1046]
[0,902,1046]
[0,273,472,726,902,1046]
[0,322,542,871,1046]
[0,322,726,902,1046]
