[0,186,317,596,1046]
[0,317,596,759,1046]
[0,186,317,1046]
[0,126,317,524,596,759,939,1046]
[0,596,827,1046]
[0,596,939,1046]
[0,133,317,524,596,939,1046]
[0,186,317,524,596,759,807,939,1046]
[0,186,317,524,596,759,939,1046]
[0,524,827,1046]
[0,186,317,596,939,1046]
[0,126,317,596,939,1046]
[0,186,317,939,1046]
[0,317,596,939,1046]
[0,260,317,596,939,1046]
[0,317,596,759,939,1046]
[0,260,317,524,596,759,939,1046]
[0,317,524,596,939,1046]
[0,133,317,596,759,1046]
[0,260,317,939,1046]
[0,186,317,759,1046]
[0,133,317,1046]
[0,317,524,596,759,939,1046]
[0,126,317,524,596,759,807,939,1046]
[0,133,317,524,596,759,939,1046]
[0,126,317,596,759,939,1046]
[0,260,317,524,596,939,1046]
[0,126,317,524,596,939,1046]
[0,596,759,939,1046]
[0,133,317,759,1046]
[0,524,596,939,1046]
[0,186,317,596,759,939,1046]
[0,133,317,596,1046]
[0,524,1046]
[0,133,317,596,939,1046]
[0,317,759,1046]
[0,317,1046]
[0,317,596,1046]
[0,133,317,939,1046]
[0,759,1046]
[0,126,317,596,1046]
[0,126,317,759,1046]
[0,596,1046]
[0,126,317,1046]
[0,260,317,524,596,759,807,939,1046]
[0,596,759,1046]
[0,317,939,1046]
[0,186,317,596,759,1046]
[0,827,1046]
[0,939,1046]
[0,126,317,939,1046]
[0,186,317,524,596,939,1046]
[0,133,317,596,759,939,1046]
[0,126,317,596,759,1046]
