[0,492,822,1255,1377,1656,1754,1899,2020]
[0,104,492,822,1329,1754,1886,2020]
[0,104,492,822,1104,1754,1886,2020]
[0,822,1255,2020]
[0,492,822,1754,1899,2020]
[0,1255,2020]
[0,104,492,822,1255,1656,1754,1886,2020]
[0,492,822,1104,1733,2020]
[0,492,822,1255,2020]
[0,492,822,1255,1377,1754,2020]
[0,349,492,822,1255,1754,1886,2020]
[0,104,492,822,1255,1754,1886,2020]
[0,492,1754,2020]
[0,1656,1754,1886,2020]
[0,92,492,822,1104,1329,1656,1754,1899,2020]
[0,492,822,1329,1754,1899,2020]
[0,822,1329,1656,1754,2020]
[0,92,492,822,1329,1733,1899,2020]
[0,349,492,822,1255,2020]
[0,92,492,822,1104,1733,1899,2020]
[0,92,492,822,1255,1377,1656,1754,1899,2020]
[0,1255,1656,1754,1886,2020]
[0,492,822,1754,2020]
[0,492,822,1329,1733,1899,2020]
[0,822,1329,2020]
[0,1329,2020]
[0,822,1754,1886,2020]
[0,1255,1754,2020]
[0,492,822,1104,1754,2020]
[0,492,822,1255,1754,1886,2020]
[0,349,492,822,1255,1377,1656,1754,1899,2020]
[0,822,1329,1754,1886,2020]
[0,492,822,1329,2020]
[0,104,492,822,1329,1754,2020]
[0,492,1255,1754,2020]
[0,349,492,822,1255,1377,1754,1899,2020]
[0,1329,1656,1754,2020]
[0,492,822,1104,1754,1899,2020]
[0,92,492,822,1329,1656,1754,1899,2020]
[0,822,1255,1377,2020]
[0,492,1255,2020]
[0,1754,1886,2020]
[0,822,1733,2020]
[0,822,2020]
[0,349,492,822,1255,1754,2020]
[0,492,822,1104,1329,1656,1754,1899,2020]
[0,1656,1754,2020]
[0,492,822,1733,2020]
[0,492,822,1255,1754,2020]
[0,492,822,1104,1329,1754,1899,2020]
[0,822,1329,1754,2020]
[0,492,822,1754,1886,2020]
[0,492,822,1329,1733,2020]
[0,349,492,822,1255,1656,1754,1886,2020]
[0,492,822,1255,1377,1754,1899,2020]
[0,822,1329,1656,1754,1886,2020]
[0,1329,1754,2020]
[0,1329,1754,1886,2020]
[0,492,822,1255,1377,2020]
[0,822,1754,2020]
[0,492,1329,2020]
[0,492,822,1329,1754,1886,2020]
[0,1754,2020]
[0,349,492,822,1255,1377,1754,2020]
[0,492,822,1104,1733,1899,2020]
[0,492,822,1329,1754,2020]
[0,492,822,1255,1656,1754,1886,2020]
[0,104,492,822,1329,1656,1754,1886,2020]
[0,1255,1754,1886,2020]
[0,822,1255,1754,2020]
[0,492,822,1329,1656,1754,1899,2020]
[0,822,1255,1754,1886,2020]
[0,492,822,1329,1656,1754,1886,2020]
[0,492,822,2020]
[0,492,822,1329,1656,1754,2020]
[0,492,822,1104,1754,1886,2020]
[0,492,822,1104,1329,1754,2020]
[0,822,1255,1656,1754,1886,2020]
[0,1329,1656,1754,1886,2020]
[0,822,1104,2020]
[0,492,822,1733,1899,2020]
[0,1104,2020]
[0,492,2020]
[0,1733,2020]
[0,92,492,822,1329,1754,2020]
[0,492,822,1104,2020]
[0,1255,1377,2020]
