[0,412,990,1103,1343]
[0,250,428,568,990,1103,1343]
[0,250,428,565,990,1103,1343]
[0,250,428,565,1103,1343]
[0,1103,1343]
[0,168,250,428,565,990,1103,1343]
[0,168,412,990,1103,1343]
[0,412,1343]
[0,250,428,565,679,1103,1343]
[0,250,428,990,1343]
[0,250,1103,1343]
[0,250,990,1103,1343]
[0,250,428,565,990,1343]
[0,250,428,867,1103,1343]
[0,250,428,565,679,867,990,1103,1343]
[0,168,250,428,565,679,990,1103,1253,1343]
[0,168,412,1103,1343]
[0,250,428,565,1343]
[0,168,250,428,990,1103,1343]
[0,412,1103,1343]
[0,168,250,1103,1343]
[0,250,428,565,679,990,1103,1343]
[0,990,1103,1343]
[0,168,250,1343]
[0,250,428,565,990,1103,1253,1343]
[0,250,867,1103,1343]
[0,990,1343]
[0,250,428,990,1103,1343]
[0,565,1343]
[0,250,1343]
[0,250,990,1343]
[0,250,428,565,679,867,990,1103,1253,1343]
[0,250,514,1103,1343]
[0,168,250,428,565,679,867,990,1103,1253,1343]
[0,250,428,568,990,1103,1253,1343]
[0,250,565,990,1343]
[0,250,428,568,1103,1343]
[0,250,428,565,679,1343]
[0,250,428,1343]
[0,250,428,565,867,1103,1343]
[0,514,1343]
[0,168,412,1343]
[0,168,250,990,1103,1343]
[0,250,428,1103,1343]
[0,250,428,565,679,990,1103,1253,1343]
[0,250,514,1343]
[0,250,428,568,1343]
[0,565,990,1343]
[0,168,250,428,565,679,990,1103,1343]
[0,250,428,565,679,867,1103,1343]
