[0,327,1130,1423,2019]
[0,1388,2019]
[0,1806,2019]
[0,327,655,908,1130,1409,1806,2019]
[0,153,327,1806,2019]
[0,908,2019]
[0,861,1130,1423,2019]
[0,153,861,1130,1423,2019]
[0,153,1806,2019]
[0,153,908,1652,2019]
[0,327,690,908,1130,1423,2019]
[0,153,908,1806,2019]
[0,1423,2019]
[0,327,1130,1423,1806,2019]
[0,908,1130,1409,2019]
[0,327,2019]
[0,153,327,655,908,1130,1409,1806,2019]
[0,327,908,1130,1423,2019]
[0,327,1409,2019]
[0,153,908,2019]
[0,683,908,2019]
[0,683,2019]
[0,153,327,690,908,1130,1423,2019]
[0,327,861,1130,1423,1806,2019]
[0,153,327,908,1130,1423,2019]
[0,327,655,908,1130,1409,2019]
[0,153,861,1130,1423,1806,2019]
[0,327,690,908,1130,1423,1806,2019]
[0,861,1130,1423,1806,2019]
[0,1130,1423,1806,2019]
[0,153,327,683,908,1005,1423,1806,2019]
[0,908,1409,1806,2019]
[0,655,908,1130,1409,2019]
[0,327,683,908,1423,2019]
[0,153,327,683,908,1806,2019]
[0,153,327,683,908,1423,1806,2019]
[0,1423,1806,2019]
[0,327,861,1130,1423,2019]
[0,153,327,908,1130,1409,1806,2019]
[0,690,908,1130,1423,1806,2019]
[0,327,683,1423,2019]
[0,327,683,1806,2019]
[0,1409,1806,2019]
[0,683,908,1806,2019]
[0,683,908,1423,2019]
[0,908,1130,1423,2019]
[0,327,1423,2019]
[0,327,1806,2019]
[0,153,1388,2019]
[0,327,683,908,2019]
[0,908,1130,1409,1806,2019]
[0,1652,2019]
[0,655,2019]
[0,153,327,1423,2019]
[0,153,1652,2019]
[0,908,1652,2019]
[0,153,327,655,908,1005,1130,1409,1806,2019]
[0,153,1423,2019]
[0,908,1806,2019]
[0,655,908,1130,1409,1806,2019]
[0,327,683,2019]
[0,1130,1423,2019]
[0,153,908,1130,1409,2019]
[0,327,1130,1409,2019]
[0,153,327,861,1130,1423,1806,2019]
[0,327,655,1409,2019]
[0,683,1423,2019]
[0,327,908,1130,1409,1806,2019]
[0,153,327,1130,1423,2019]
[0,1409,2019]
[0,327,908,1130,1409,2019]
[0,153,327,683,908,1005,1806,2019]
[0,690,908,1130,1423,2019]
[0,153,1409,1806,2019]
[0,327,655,908,1409,2019]
[0,327,683,908,1423,1806,2019]
[0,327,683,908,1806,2019]
[0,655,908,1409,2019]
[0,153,908,1409,1806,2019]
[0,908,1409,2019]
[0,1130,1409,2019]
[0,153,908,1130,1409,1806,2019]
[0,153,327,655,908,1130,1409,2019]
[0,153,327,1130,1423,1806,2019]
[0,153,327,683,1806,2019]
[0,153,327,908,1130,1409,2019]
[0,153,327,690,908,1130,1423,1806,2019]
[0,655,1409,2019]
[0,327,908,2019]
[0,153,908,1130,1423,2019]
