[0,930,2759]
[0,78,334,587,930,1122,2759]
[0,78,514,587,930,1005,2759]
[0,514,930,1005,2759]
[0,78,514,930,1005,2759]
[0,930,1122,2759]
[0,971,2759]
[0,78,930,1122,2759]
[0,930,1005,2759]
[0,78,930,1005,2759]
[0,334,930,1122,2759]
[0,78,334,930,1122,2759]
[0,514,587,930,1122,2759]
[0,334,930,1005,2759]
[0,78,334,930,1005,2759]
[0,514,930,1122,2759]
[0,78,930,2759]
[0,334,587,930,1122,2759]
[0,971,1545,2759]
[0,78,514,930,2759]
[0,514,930,2759]
[0,78,514,930,1122,2759]
[0,334,587,930,2759]
[0,78,334,514,587,930,1122,2759]
[0,78,514,587,930,1122,2759]
[0,334,971,2759]
[0,78,334,930,2759]
[0,514,587,930,1005,2759]
[0,334,930,2759]
[0,1005,2759]
