[0,416,640,1074,1264]
[0,416,640,1264]
[0,363,494,1074,1151,1264]
[0,150,361,605,1074,1151,1264]
[0,148,605,712,1264]
[0,640,917,1264]
[0,148,605,1074,1151,1264]
[0,150,605,1074,1264]
[0,150,363,494,1151,1264]
[0,361,605,1074,1264]
[0,148,361,605,712,1074,1151,1264]
[0,605,712,1151,1264]
[0,150,363,494,605,1264]
[0,150,363,494,605,712,1074,1151,1264]
[0,605,1264]
[0,150,363,494,1074,1151,1264]
[0,363,605,1264]
[0,150,361,605,1074,1264]
[0,494,1151,1264]
[0,640,1264]
[0,150,605,1264]
[0,150,363,494,605,712,1151,1264]
[0,148,361,605,1151,1264]
[0,148,605,1074,1264]
[0,494,1074,1151,1264]
[0,148,605,1151,1264]
[0,605,712,1074,1151,1264]
[0,640,1074,1264]
[0,361,605,1264]
[0,363,494,1264]
[0,363,605,1074,1264]
[0,150,605,712,1264]
[0,605,1151,1264]
[0,150,361,605,1264]
[0,148,605,712,1074,1151,1264]
[0,148,605,1264]
[0,150,605,1074,1151,1264]
[0,150,363,605,712,1264]
[0,150,363,494,1264]
[0,150,363,605,712,1151,1264]
[0,150,494,1264]
[0,150,605,712,1151,1264]
[0,150,361,416,605,1074,1151,1264]
[0,363,494,1151,1264]
[0,150,605,1151,1264]
[0,605,712,1264]
[0,148,361,605,712,1151,1264]
[0,150,361,605,712,1151,1264]
[0,416,640,917,1151,1264]
[0,148,605,712,1151,1264]
[0,148,361,605,1264]
[0,605,1074,1151,1264]
[0,148,361,416,605,1074,1151,1264]
[0,361,605,1074,1151,1264]
[0,416,640,917,1264]
[0,150,361,605,1151,1264]
[0,150,363,605,1074,1264]
[0,150,363,605,1151,1264]
[0,150,363,605,1264]
[0,150,363,494,605,1151,1264]
[0,148,361,416,605,712,1074,1151,1264]
[0,605,1074,1264]
[0,148,361,605,1074,1151,1264]
[0,148,361,605,1074,1264]
[0,150,361,605,712,1074,1151,1264]
[0,361,416,605,1074,1151,1264]
[0,150,363,605,1074,1151,1264]
[0,494,1264]
[0,640,1151,1264]
[0,150,361,605,712,1264]
[0,150,605,712,1074,1151,1264]
[0,416,640,917,1054,1151,1264]
[0,150,361,416,605,712,1074,1151,1264]
[0,148,361,605,712,1264]
[0,640,917,1151,1264]
[0,150,363,605,712,1074,1151,1264]
