[0,763,878,1810]
[0,330,515,786,1486,1810]
[0,88,160,335,515,763,878,1810]
[0,335,515,878,1810]
[0,330,515,878,1810]
[0,515,786,1486,1810]
[0,330,786,1810]
[0,786,1810]
[0,515,1810]
[0,330,878,1810]
[0,335,515,763,878,1810]
[0,330,786,1486,1810]
[0,878,1810]
[0,515,878,1810]
[0,330,515,1810]
[0,330,515,763,878,1810]
[0,160,335,515,763,878,1810]
[0,335,515,1810]
[0,335,878,1810]
[0,515,763,1810]
[0,786,1486,1810]
[0,515,763,878,1810]
[0,160,335,515,878,1810]
[0,330,515,786,1810]
[0,335,515,763,1810]
