[0,307,769,894,1427]
[0,284,598,894,1205,1427]
[0,284,598,1205,1427]
[0,598,1427]
[0,769,894,1330,1427]
[0,284,894,1427]
[0,894,1205,1427]
[0,307,894,1427]
[0,307,769,894,1151,1205,1330,1427]
[0,307,769,894,1151,1427]
[0,307,1427]
[0,284,769,894,1151,1427]
[0,284,894,1151,1427]
[0,769,1151,1205,1427]
[0,769,1205,1427]
[0,1205,1427]
[0,769,1427]
[0,284,598,894,1427]
[0,598,894,1427]
[0,769,894,1151,1205,1427]
[0,284,598,1427]
[0,284,769,894,1151,1205,1427]
[0,769,894,1151,1427]
[0,769,894,1427]
[0,894,1427]
[0,284,769,1205,1427]
[0,769,894,1151,1330,1427]
[0,769,894,1151,1205,1330,1427]
[0,769,1151,1427]
[0,284,1205,1427]
[0,284,769,894,1205,1427]
[0,1151,1205,1427]
[0,284,598,769,894,1205,1427]
[0,284,769,894,1151,1330,1427]
[0,284,769,894,1151,1205,1330,1427]
[0,284,1427]
[0,307,769,894,1151,1330,1427]
[0,284,769,1427]
[0,307,894,1151,1427]
[0,284,769,894,1427]
[0,598,1205,1427]
[0,769,894,1205,1427]
