[0,548,795,1096,2235,2824]
[0,795,1096,1884,2235,2494,2824]
[0,161,795,1096,1885,2588,2824]
[0,206,1095,1885,2824]
[0,2009,2824]
[0,161,548,795,1096,2235,2588,2824]
[0,795,2009,2588,2824]
[0,161,795,1291,1884,2009,2494,2824]
[0,161,548,795,1096,1885,2588,2824]
[0,795,1096,2588,2824]
[0,161,795,1096,2824]
[0,161,795,1291,1884,2009,2824]
[0,1095,2056,2824]
[0,795,2009,2824]
[0,206,1095,2056,2824]
[0,1291,2824]
[0,206,2824]
[0,161,795,1096,2235,2824]
[0,548,795,1096,1884,2235,2494,2824]
[0,161,548,795,1291,1884,2009,2235,2494,2824]
[0,795,1096,2235,2494,2824]
[0,161,795,1291,1884,2009,2588,2824]
[0,795,1885,2824]
[0,548,795,2824]
[0,795,2824]
[0,795,1096,1884,2235,2824]
[0,548,795,2235,2494,2824]
[0,795,1884,2235,2824]
[0,161,795,2009,2824]
[0,795,1291,2235,2824]
[0,548,795,1291,1884,2235,2494,2824]
[0,161,2824]
[0,206,1095,1885,2588,2824]
[0,161,795,1291,1884,2009,2235,2494,2729,2824]
[0,2056,2824]
[0,161,795,1096,2235,2494,2824]
[0,161,795,1291,1884,2009,2588,2729,2824]
[0,795,1291,2235,2494,2824]
[0,795,2056,2824]
[0,206,1095,2824]
[0,795,1291,1884,2235,2494,2824]
[0,548,2824]
[0,161,795,1096,2235,2588,2824]
[0,795,1291,1884,2235,2824]
[0,161,795,1291,1884,2009,2235,2494,2824]
[0,2235,2494,2824]
[0,161,548,795,1291,1884,2009,2235,2494,2729,2824]
[0,161,795,2009,2588,2824]
[0,1095,1885,2824]
[0,161,795,1884,2009,2824]
[0,161,548,795,1291,1884,2235,2494,2824]
[0,795,1884,2824]
[0,548,795,1096,2235,2494,2824]
[0,548,795,1291,2235,2494,2824]
[0,161,548,795,1096,1884,2235,2494,2824]
[0,161,795,1291,1884,2009,2494,2729,2824]
[0,161,795,1291,2009,2824]
[0,161,795,2235,2494,2824]
[0,548,795,1096,1885,2824]
[0,548,795,1096,2235,2588,2824]
[0,161,795,2824]
[0,795,1291,2009,2494,2824]
[0,161,795,1291,2009,2588,2824]
[0,1885,2824]
[0,2235,2824]
[0,1095,2824]
[0,795,1291,2009,2824]
[0,795,2235,2494,2824]
[0,548,795,2235,2824]
[0,161,795,1291,2235,2494,2824]
[0,795,1096,2235,2824]
[0,795,1096,1885,2824]
[0,795,1291,2824]
[0,795,1291,2009,2588,2824]
[0,795,2235,2824]
[0,161,795,2009,2494,2824]
[0,2009,2494,2824]
[0,161,795,1291,1884,2235,2494,2824]
[0,2009,2588,2824]
[0,1095,1885,2588,2824]
[0,548,795,1096,1885,2588,2824]
[0,795,1096,2235,2588,2824]
[0,548,795,1096,2588,2824]
[0,1096,2824]
[0,161,795,1291,2824]
[0,795,1096,1885,2588,2824]
[0,1884,2824]
[0,161,548,795,1096,2235,2494,2824]
[0,795,2009,2494,2824]
[0,161,795,2235,2824]
[0,161,795,1291,2009,2494,2824]
[0,795,1096,2824]
[0,161,795,1096,2588,2824]
[0,548,795,1096,2824]
