[0,437,1046]
[0,262,437,566,916,1046]
[0,262,437,916,1046]
[0,262,437,566,1046]
[0,116,400,1046]
[0,288,437,1046]
[0,116,288,400,566,626,916,1046]
[0,116,400,566,752,916,1046]
[0,262,437,566,626,916,1046]
[0,288,400,566,626,1046]
[0,288,437,916,1046]
[0,288,437,566,1046]
[0,626,916,1046]
[0,400,752,1046]
[0,262,400,916,1046]
[0,262,400,1046]
[0,626,1046]
[0,262,437,1046]
[0,288,353,400,916,1046]
[0,353,1046]
[0,116,400,916,1046]
[0,288,437,566,626,916,1046]
[0,116,288,400,566,626,752,916,1046]
[0,288,400,566,916,1046]
[0,288,400,566,626,916,1046]
[0,116,400,566,916,1046]
[0,400,566,752,1046]
[0,116,288,353,400,566,626,752,916,1046]
[0,288,437,566,626,1046]
[0,288,437,566,916,1046]
[0,400,566,752,916,1046]
[0,353,916,1046]
[0,916,1046]
[0,116,288,353,400,566,916,1046]
[0,400,916,1046]
[0,288,353,400,566,916,1046]
[0,400,566,1046]
[0,288,400,916,1046]
[0,288,400,566,1046]
[0,116,288,400,566,752,916,1046]
[0,288,353,400,566,626,916,1046]
[0,116,288,400,566,916,1046]
[0,116,626,916,1046]
[0,262,437,566,626,1046]
[0,288,400,1046]
[0,400,566,916,1046]
[0,116,288,353,400,566,626,916,1046]
[0,400,1046]
