[0,243,753,1465]
[0,186,243,1239,1465]
[0,991,1465]
[0,186,243,291,1465]
[0,186,243,991,1239,1465]
[0,243,1127,1239,1465]
[0,243,991,1239,1465]
[0,1193,1465]
[0,243,1193,1465]
[0,243,753,1239,1465]
[0,186,243,1127,1239,1465]
[0,186,243,1465]
[0,753,1465]
[0,243,753,1127,1239,1465]
[0,186,243,296,753,1127,1239,1465]
[0,991,1239,1465]
[0,186,243,296,1127,1239,1465]
[0,1239,1465]
[0,243,1239,1465]
[0,243,1465]
[0,186,243,291,1127,1239,1465]
[0,186,243,753,1127,1239,1465]
[0,186,243,291,1239,1465]
[0,243,991,1465]
