[0,1056,1180]
[0,554,1180]
[0,283,500,1180]
[0,145,283,500,1180]
[0,145,283,500,1090,1180]
[0,277,500,1090,1180]
[0,329,554,1180]
[0,145,277,500,1180]
[0,145,283,500,872,1180]
[0,369,500,1180]
[0,369,500,995,1180]
[0,277,500,872,1090,1180]
[0,145,277,369,500,1090,1180]
[0,145,277,369,500,689,872,1090,1180]
[0,283,369,500,1090,1180]
[0,277,500,689,872,1180]
[0,500,872,1090,1180]
[0,145,277,500,872,1180]
[0,145,277,369,500,872,1180]
[0,277,500,872,1180]
[0,283,500,1090,1180]
[0,349,554,1180]
[0,145,283,500,995,1180]
[0,145,277,369,500,689,872,1180]
[0,283,500,872,1180]
[0,369,500,872,1090,1180]
[0,145,277,500,1090,1180]
[0,145,283,369,500,995,1090,1180]
[0,554,872,1180]
[0,145,283,369,500,1090,1180]
[0,329,554,1056,1180]
[0,277,500,1180]
[0,349,554,1090,1180]
[0,145,283,369,500,872,1090,1180]
[0,283,500,995,1180]
[0,349,554,872,1180]
[0,145,283,500,689,872,1180]
[0,145,283,500,872,1090,1180]
[0,1090,1180]
[0,349,500,1090,1180]
[0,145,283,500,995,1090,1180]
[0,500,1180]
[0,500,1090,1180]
[0,500,872,1180]
[0,500,995,1180]
[0,145,283,369,500,689,872,1090,1180]
[0,349,554,1056,1180]
[0,500,995,1090,1180]
[0,349,554,872,1090,1180]
[0,349,500,1180]
[0,145,277,369,500,1180]
[0,145,277,369,500,872,1090,1180]
[0,145,283,500,689,872,1090,1180]
[0,145,277,500,689,872,1180]
[0,369,500,872,1180]
[0,369,500,1090,1180]
[0,145,277,500,872,1090,1180]
[0,283,500,689,872,1180]
[0,369,500,995,1090,1180]
