[0,296,357,1217,1327]
[0,106,197,296,357,436,630,884,1217,1274,1327]
[0,357,675,1217,1327]
[0,296,357,675,1217,1274,1327]
[0,129,357,1327]
[0,357,436,675,804,1217,1327]
[0,296,357,436,630,804,1217,1274,1327]
[0,106,197,296,357,1327]
[0,296,357,630,804,1217,1327]
[0,296,357,436,675,804,1217,1274,1327]
[0,106,357,1217,1327]
[0,106,197,296,357,436,804,1217,1327]
[0,357,1327]
[0,106,357,436,804,1217,1327]
[0,106,197,296,357,675,1217,1274,1327]
[0,106,197,296,357,436,630,804,1217,1327]
[0,106,357,436,630,884,1217,1327]
[0,884,1217,1327]
[0,357,675,804,1327]
[0,106,357,436,675,884,1217,1327]
[0,106,296,357,436,630,804,1217,1327]
[0,357,630,804,1217,1327]
[0,357,884,1327]
[0,296,357,436,1217,1327]
[0,106,197,296,357,436,804,1217,1274,1327]
[0,106,357,630,804,1217,1327]
[0,106,197,357,436,884,1217,1327]
[0,197,296,884,1217,1327]
[0,106,357,884,1217,1327]
[0,106,197,357,1327]
[0,106,197,296,357,675,804,1217,1327]
[0,106,357,436,884,1217,1327]
[0,106,197,296,357,675,884,1217,1274,1327]
[0,106,197,357,436,1217,1327]
[0,296,357,436,804,1217,1327]
[0,106,197,357,436,630,804,1217,1327]
[0,106,357,630,1217,1327]
[0,106,197,296,357,436,630,884,1217,1327]
[0,197,1327]
[0,106,357,675,884,1217,1327]
[0,804,1327]
[0,106,197,884,1217,1327]
[0,106,197,296,357,436,884,1217,1274,1327]
[0,296,357,675,804,1217,1274,1327]
[0,106,884,1217,1327]
[0,106,197,296,357,436,1217,1327]
[0,106,197,296,357,436,675,804,1217,1274,1327]
[0,106,197,296,357,1217,1327]
[0,197,357,1217,1327]
[0,106,197,296,357,675,884,1217,1327]
[0,106,197,296,357,436,675,884,1217,1274,1327]
[0,106,197,357,630,884,1217,1327]
[0,1217,1327]
[0,129,357,804,1217,1327]
[0,296,357,675,804,1217,1327]
[0,296,357,436,630,804,1217,1327]
[0,106,197,357,884,1217,1327]
[0,106,296,357,436,630,804,1217,1274,1327]
[0,357,1217,1274,1327]
[0,106,197,357,630,804,1217,1327]
[0,675,884,1217,1327]
[0,106,197,296,357,884,1217,1274,1327]
[0,296,357,1327]
[0,296,357,436,1217,1274,1327]
[0,106,197,296,357,436,884,1217,1327]
[0,675,884,1327]
[0,357,804,1327]
[0,296,357,436,804,1217,1274,1327]
[0,1217,1274,1327]
[0,197,884,1327]
[0,106,197,1217,1327]
[0,106,197,357,675,804,1217,1327]
[0,106,197,1327]
[0,106,197,296,357,436,1217,1274,1327]
[0,357,630,804,1327]
[0,106,296,357,630,804,1217,1274,1327]
[0,357,675,804,1217,1327]
[0,106,357,804,1217,1327]
[0,106,197,357,436,804,1217,1327]
[0,106,357,436,630,804,1217,1327]
[0,129,357,1217,1327]
[0,357,630,1217,1327]
[0,357,630,884,1217,1327]
[0,357,436,630,804,1217,1327]
[0,106,357,1327]
[0,197,357,1327]
[0,296,357,1217,1274,1327]
[0,106,197,296,357,436,675,884,1217,1327]
[0,106,357,436,675,804,1217,1327]
[0,106,197,357,436,675,804,1217,1327]
[0,106,197,296,884,1217,1327]
[0,106,197,296,357,436,630,804,1217,1274,1327]
[0,357,630,884,1327]
[0,197,296,357,1217,1274,1327]
[0,197,296,357,1327]
[0,106,197,357,436,630,884,1217,1327]
[0,106,197,296,357,884,1217,1327]
[0,106,197,357,1217,1327]
[0,296,357,630,1217,1274,1327]
[0,129,357,804,1327]
[0,296,357,436,675,804,1217,1327]
[0,357,630,1327]
[0,296,357,675,1217,1327]
[0,106,296,357,630,804,1217,1327]
[0,106,197,357,804,1217,1327]
[0,357,436,804,1217,1327]
[0,106,197,296,357,1217,1274,1327]
[0,106,197,357,436,675,884,1217,1327]
[0,106,197,296,357,436,675,804,1217,1327]
[0,357,675,884,1327]
[0,296,357,630,804,1217,1274,1327]
[0,106,357,436,1217,1327]
[0,357,804,1217,1327]
[0,106,357,675,1217,1327]
[0,129,357,436,804,1217,1327]
[0,106,357,675,804,1217,1327]
[0,357,1217,1327]
[0,197,884,1217,1327]
[0,296,357,630,1217,1327]
[0,357,675,1327]
[0,106,197,357,675,1217,1327]
[0,106,197,357,675,884,1217,1327]
[0,106,197,296,357,675,1217,1327]
[0,197,296,357,1217,1327]
[0,197,1217,1327]
[0,884,1327]
[0,106,197,296,357,675,804,1217,1274,1327]
[0,357,675,884,1217,1327]
[0,357,436,1217,1327]
[0,357,884,1217,1327]
[0,106,357,630,884,1217,1327]
