[0,876,1573,2824]
[0,876,2002,2824]
[0,263,1531,2217,2824]
[0,222,739,976,1570,2824]
[0,263,876,2002,2217,2824]
[0,739,2824]
[0,2002,2824]
[0,263,739,2824]
[0,1573,2824]
[0,263,739,2002,2824]
[0,222,739,976,1570,2002,2217,2824]
[0,876,1573,2046,2824]
[0,876,1542,2217,2824]
[0,1542,2824]
[0,263,1531,2824]
[0,263,876,1542,2217,2824]
[0,263,2002,2824]
[0,263,739,976,2002,2824]
[0,739,976,1570,2217,2824]
[0,1570,2824]
[0,976,1570,2217,2824]
[0,263,1570,2824]
[0,263,1542,2002,2217,2824]
[0,263,739,1570,2824]
[0,263,739,976,1570,1862,2002,2217,2824]
[0,739,1570,2217,2824]
[0,263,876,1542,2002,2217,2824]
[0,222,739,976,1570,2217,2824]
[0,739,2002,2824]
[0,263,739,976,1369,2002,2824]
[0,263,739,1570,2217,2824]
[0,263,876,1573,2046,2824]
[0,876,2824]
[0,263,876,2824]
[0,263,739,976,1369,2002,2217,2824]
[0,263,739,1531,2217,2824]
[0,739,1676,2002,2824]
[0,876,1542,2824]
[0,263,739,2002,2217,2824]
[0,222,1570,2824]
[0,1531,2217,2824]
[0,976,1570,2824]
[0,926,2824]
[0,263,926,2824]
[0,263,739,976,1531,1832,2002,2217,2824]
[0,1531,2824]
[0,1542,2217,2824]
[0,739,1570,2824]
[0,263,876,1573,2824]
[0,263,739,1531,2824]
[0,222,739,976,1570,1862,2002,2217,2824]
[0,739,976,1531,2824]
[0,2002,2217,2824]
[0,263,739,1676,2002,2824]
[0,1542,2002,2217,2824]
[0,222,739,1570,2824]
[0,263,1570,2217,2824]
[0,263,876,2002,2824]
[0,739,1369,2002,2824]
[0,263,739,976,1531,2217,2824]
[0,739,1369,1676,2002,2824]
[0,739,976,1570,2824]
[0,311,2002,2824]
[0,263,1542,2217,2824]
[0,263,739,976,2002,2217,2824]
[0,263,739,976,1531,2002,2217,2824]
[0,263,739,976,1531,2824]
[0,263,739,1369,1676,2002,2824]
[0,263,739,976,1369,1676,2002,2217,2824]
[0,976,1531,2824]
[0,263,739,976,1570,2217,2824]
[0,739,1531,2217,2824]
[0,263,739,1369,2002,2824]
[0,739,2002,2217,2824]
[0,876,2002,2217,2824]
[0,739,1531,2824]
[0,263,739,976,1570,2824]
[0,263,739,976,1570,2002,2217,2824]
[0,263,739,976,1369,1676,2002,2824]
[0,1570,2217,2824]
