[0,885,1791,2124,2728,2956]
[0,114,554,2124,2956]
[0,135,453,1069,2956]
[0,554,1069,2209,2956]
[0,885,1069,1791,2124,2728,2956]
[0,2124,2728,2956]
[0,554,1069,1791,2209,2956]
[0,597,1069,1791,2124,2956]
[0,885,1148,2209,2956]
[0,885,1813,2209,2728,2956]
[0,885,1148,1813,2209,2728,2956]
[0,114,554,1069,2124,2728,2956]
[0,554,885,1069,1791,2124,2728,2956]
[0,453,885,1148,2209,2956]
[0,114,453,885,1148,1791,2124,2728,2956]
[0,885,2124,2956]
[0,114,554,2209,2956]
[0,114,554,1069,2956]
[0,135,554,885,1069,2209,2728,2956]
[0,114,597,2124,2728,2956]
[0,885,1148,2124,2728,2956]
[0,912,1813,2728,2956]
[0,453,1069,1813,2209,2728,2956]
[0,453,885,1148,1813,2209,2956]
[0,453,1148,2124,2956]
[0,885,1148,1791,2124,2956]
[0,114,597,1069,1791,2124,2728,2956]
[0,453,2124,2956]
[0,114,554,1069,1791,2209,2728,2956]
[0,453,885,1069,1813,2209,2728,2956]
[0,885,2209,2956]
[0,885,2209,2728,2956]
[0,597,1069,2124,2728,2956]
[0,135,453,2209,2728,2956]
[0,453,885,1148,2124,2728,2956]
[0,885,1069,1813,2209,2728,2956]
[0,885,1069,2209,2956]
[0,135,554,1069,2209,2728,2956]
[0,2124,2956]
[0,554,885,1069,2209,2728,2956]
[0,453,885,1148,1791,2124,2728,2956]
[0,554,1069,1813,2209,2956]
[0,554,1069,1813,2209,2728,2956]
[0,554,1069,2124,2728,2956]
[0,453,885,1069,2209,2728,2956]
[0,885,1148,1791,2124,2728,2956]
[0,114,554,885,1069,2209,2728,2956]
[0,453,885,1069,2209,2956]
[0,885,1148,2124,2956]
[0,554,1069,1791,2124,2956]
[0,453,2956]
[0,114,885,1148,2124,2956]
[0,453,1148,2209,2728,2956]
[0,135,554,885,1069,1813,2209,2728,2956]
[0,912,2209,2956]
[0,114,554,2209,2728,2956]
[0,554,2209,2728,2956]
[0,453,1148,2209,2956]
[0,1813,2956]
[0,554,1069,1791,2124,2728,2956]
[0,554,2124,2728,2956]
[0,453,2209,2956]
[0,453,1069,2956]
[0,135,453,1069,2209,2728,2956]
[0,453,885,1148,1791,2124,2956]
[0,554,885,1069,1813,2209,2728,2956]
[0,1148,2124,2956]
[0,135,453,885,1069,1813,2209,2728,2956]
[0,597,2124,2728,2956]
[0,135,453,885,1148,1813,2209,2728,2956]
[0,885,1148,2209,2728,2956]
[0,114,453,885,1148,2124,2728,2956]
[0,885,1791,2124,2956]
[0,597,885,1069,1791,2124,2517,2728,2956]
[0,135,453,2956]
[0,135,453,1069,1813,2209,2728,2956]
[0,597,1069,1791,2124,2517,2728,2956]
[0,453,885,1148,1813,2209,2728,2956]
[0,114,597,1069,2124,2728,2956]
[0,135,453,885,1069,2209,2956]
[0,135,453,2209,2956]
[0,912,2956]
[0,453,1069,2209,2956]
[0,453,1069,1813,2956]
[0,597,1069,1791,2124,2728,2956]
[0,554,885,1069,1791,2124,2517,2728,2956]
[0,114,554,1069,2209,2728,2956]
[0,1148,2209,2956]
[0,453,1791,2124,2956]
[0,885,1069,2209,2728,2956]
[0,554,2124,2956]
[0,885,1069,2124,2956]
[0,114,554,885,1069,1791,2124,2728,2956]
[0,597,885,1069,1791,2124,2728,2956]
[0,114,597,2124,2956]
[0,554,1069,1791,2209,2728,2956]
[0,453,2209,2728,2956]
[0,885,1813,2209,2956]
[0,135,2956]
[0,135,554,2209,2728,2956]
[0,135,453,1069,2209,2956]
[0,114,554,885,1069,2124,2728,2956]
[0,114,554,885,1069,1791,2209,2728,2956]
[0,885,2956]
[0,554,885,1069,1791,2209,2728,2956]
[0,554,885,1069,2124,2728,2956]
[0,453,1069,1813,2209,2956]
[0,453,1069,2209,2728,2956]
[0,135,453,1148,2209,2728,2956]
[0,453,885,1148,2209,2728,2956]
[0,453,1148,1813,2209,2956]
[0,114,597,885,1069,1791,2124,2728,2956]
[0,554,1069,2124,2956]
[0,597,2124,2956]
[0,554,1069,2209,2728,2956]
[0,453,1069,1813,2728,2956]
[0,2209,2728,2956]
[0,114,453,885,1148,2124,2956]
[0,135,453,885,1069,2209,2728,2956]
[0,597,1069,2124,2956]
[0,453,885,1148,2124,2956]
[0,554,2209,2956]
[0,912,1813,2956]
[0,114,554,2124,2728,2956]
[0,1069,2209,2956]
[0,1069,1813,2956]
[0,114,597,885,1069,1791,2124,2517,2728,2956]
[0,554,1069,2956]
[0,453,1148,1791,2124,2956]
[0,1813,2728,2956]
[0,885,1069,2124,2728,2956]
[0,554,1069,1791,2124,2517,2728,2956]
[0,885,2124,2728,2956]
[0,885,1148,1813,2209,2956]
[0,114,554,885,1069,1791,2124,2517,2728,2956]
[0,1069,1813,2728,2956]
[0,554,2956]
[0,2209,2956]
[0,1069,2956]
[0,1148,2956]
[0,135,453,885,1148,2209,2728,2956]
[0,1069,2728,2956]
[0,135,554,2209,2956]
