[0,373,556,894,997]
[0,106,373,556,716,898,997]
[0,106,373,556,716,997]
[0,373,556,997]
[0,423,556,894,935,997]
[0,106,423,556,716,898,997]
[0,106,373,556,716,836,898,997]
[0,60,423,556,716,836,894,997]
[0,60,423,556,716,894,997]
[0,423,556,716,836,898,997]
[0,132,363,423,556,716,836,894,997]
[0,132,423,556,716,997]
[0,106,373,556,997]
[0,423,716,997]
[0,106,373,556,894,997]
[0,373,997]
[0,132,423,556,894,997]
[0,106,423,556,716,997]
[0,423,556,836,894,997]
[0,373,556,898,997]
[0,423,894,997]
[0,106,373,556,898,997]
[0,106,373,997]
[0,373,894,997]
[0,60,423,556,716,836,894,935,997]
[0,363,423,556,716,836,898,997]
[0,60,423,556,716,898,997]
[0,132,423,556,716,894,997]
[0,60,423,556,716,836,898,997]
[0,363,423,556,716,894,997]
[0,106,423,556,898,997]
[0,894,997]
[0,106,423,556,997]
[0,423,997]
[0,127,423,894,997]
[0,373,556,716,997]
[0,60,363,423,556,716,836,894,997]
[0,132,423,556,716,836,894,997]
[0,373,898,997]
[0,106,423,556,716,836,898,997]
[0,423,556,716,997]
[0,423,556,716,894,997]
[0,127,423,997]
[0,60,363,423,556,716,894,997]
[0,60,423,556,894,935,997]
[0,898,997]
[0,132,423,556,997]
[0,60,423,556,894,997]
[0,60,363,423,556,716,836,898,997]
[0,373,891,997]
[0,106,373,556,716,894,997]
[0,60,423,556,836,894,997]
[0,423,556,894,997]
[0,423,556,716,898,997]
[0,132,363,423,556,716,894,997]
[0,106,363,423,556,716,836,898,997]
[0,423,556,898,997]
[0,132,363,423,556,894,997]
[0,60,423,556,836,894,935,997]
[0,891,997]
[0,60,423,556,898,997]
[0,423,556,716,836,894,997]
[0,423,556,997]
