[0,213,898,987,1205,1651]
[0,987,1651]
[0,213,898,1205,1302,1651]
[0,213,898,987,1205,1302,1520,1651]
[0,213,1205,1651]
[0,213,898,1302,1520,1651]
[0,991,1651]
[0,213,987,1651]
[0,718,1205,1651]
[0,718,1651]
[0,898,987,1205,1302,1520,1651]
[0,213,898,1520,1651]
[0,213,898,987,1038,1205,1302,1520,1651]
[0,213,718,987,1205,1651]
[0,213,898,987,1205,1302,1651]
[0,589,1205,1651]
[0,213,898,1205,1651]
[0,213,898,1302,1651]
[0,718,987,1205,1651]
[0,898,987,1205,1302,1651]
[0,213,991,1651]
[0,898,1651]
[0,589,898,987,1205,1651]
[0,898,1302,1520,1651]
[0,898,1520,1651]
[0,898,1302,1651]
[0,589,987,1205,1651]
[0,213,898,987,1038,1205,1302,1601,1651]
[0,213,898,987,1205,1302,1601,1651]
[0,213,898,1651]
[0,898,1205,1302,1520,1651]
[0,213,718,987,1205,1520,1651]
[0,898,1205,1651]
[0,898,987,1651]
[0,898,987,1205,1651]
[0,213,1651]
[0,589,1651]
[0,213,898,1205,1302,1520,1651]
[0,898,1205,1302,1651]
[0,213,898,987,1038,1205,1302,1651]
[0,1205,1651]
[0,589,987,1205,1601,1651]
