[0,358,554,1249]
[0,55,247,310,358,554,931,1068,1121,1249]
[0,247,358,554,1068,1167,1249]
[0,358,931,1068,1249]
[0,55,247,358,554,931,1068,1121,1174,1249]
[0,310,358,1149,1249]
[0,358,1121,1249]
[0,55,247,310,358,554,1121,1174,1249]
[0,310,358,931,1249]
[0,358,554,1167,1249]
[0,55,247,310,358,554,1174,1249]
[0,55,358,554,931,1068,1121,1249]
[0,358,554,931,1068,1121,1249]
[0,358,1068,1249]
[0,55,247,358,554,1174,1249]
[0,247,358,554,1121,1249]
[0,358,1167,1249]
[0,55,247,310,358,554,1121,1249]
[0,358,554,1068,1249]
[0,55,310,358,554,931,1249]
[0,55,358,554,931,1068,1167,1249]
[0,358,554,931,1068,1249]
[0,358,1149,1249]
[0,247,310,358,554,1167,1249]
[0,358,931,1249]
[0,55,247,358,554,1121,1249]
[0,247,358,554,931,1068,1174,1249]
[0,55,247,358,554,931,1068,1121,1249]
[0,1174,1249]
[0,55,247,310,358,554,1068,1121,1249]
[0,55,358,554,1068,1121,1249]
[0,247,358,931,1249]
[0,55,358,554,931,1068,1249]
[0,358,554,931,1249]
[0,247,358,1249]
[0,55,247,358,554,1068,1167,1249]
[0,310,358,1121,1249]
[0,55,247,310,358,554,1068,1167,1249]
[0,310,358,1167,1249]
[0,247,358,554,931,1121,1249]
[0,247,1249]
[0,310,358,554,931,1249]
[0,310,358,554,1149,1249]
[0,55,310,358,554,931,1068,1167,1249]
[0,55,247,310,358,554,931,1068,1121,1167,1249]
[0,247,358,554,1249]
[0,310,358,554,1068,1121,1249]
[0,55,247,310,358,554,931,1068,1167,1249]
[0,1149,1249]
[0,358,554,1174,1249]
[0,931,1249]
[0,55,358,931,1068,1249]
[0,55,358,554,931,1249]
[0,358,931,1149,1249]
[0,247,358,1121,1249]
[0,247,358,554,1174,1249]
[0,358,554,1121,1249]
[0,358,1174,1249]
[0,55,310,358,554,1167,1249]
[0,247,358,1174,1249]
[0,247,310,358,554,1174,1249]
[0,554,1249]
[0,247,358,1068,1249]
[0,358,1249]
[0,247,358,1167,1249]
[0,358,554,931,1068,1167,1249]
[0,247,358,554,1068,1249]
[0,358,554,931,1121,1249]
[0,247,358,554,1167,1249]
[0,247,310,358,554,1121,1249]
[0,358,554,1149,1249]
[0,55,247,310,358,554,1167,1249]
[0,55,247,358,554,1068,1121,1174,1249]
[0,310,358,554,1174,1249]
[0,55,247,358,554,931,1121,1249]
[0,358,554,1068,1121,1249]
[0,55,247,358,554,931,1068,1174,1249]
[0,310,358,554,1121,1249]
[0,55,358,554,931,1121,1249]
[0,247,358,554,931,1174,1249]
[0,55,247,358,554,1167,1249]
[0,1121,1249]
[0,55,247,358,554,931,1174,1249]
[0,55,247,310,358,554,931,1068,1121,1174,1249]
[0,55,247,358,554,931,1068,1167,1249]
[0,247,358,554,931,1249]
[0,55,247,358,554,1068,1121,1249]
[0,247,358,554,931,1068,1249]
[0,55,358,554,1121,1249]
[0,55,310,358,554,1068,1121,1249]
[0,55,358,554,1068,1167,1249]
[0,55,310,358,554,1068,1167,1249]
[0,358,554,1068,1167,1249]
[0,247,358,554,931,1068,1167,1249]
[0,1068,1249]
[0,310,358,554,1167,1249]
[0,55,310,358,554,931,1068,1121,1249]
[0,1167,1249]
[0,310,358,1174,1249]
[0,55,247,310,358,554,1068,1121,1174,1249]
[0,55,358,554,1167,1249]
[0,55,247,358,554,1121,1174,1249]
[0,55,247,310,358,554,1068,1121,1167,1249]
