[0,732,1352,2759]
[0,655,968,1603,2301,2759]
[0,171,587,756,1352,1622,2301,2759]
[0,171,732,1352,1622,2301,2681,2759]
[0,1352,1603,2759]
[0,587,756,1352,1622,2301,2759]
[0,1352,2041,2759]
[0,655,1352,2759]
[0,756,968,1352,1603,1959,2301,2759]
[0,171,655,1352,1622,2301,2759]
[0,756,968,1154,1352,1603,1959,2301,2759]
[0,1154,1352,1603,1959,2301,2759]
[0,171,732,1352,2041,2301,2759]
[0,1352,1622,2301,2759]
[0,1603,1959,2301,2759]
[0,968,2759]
[0,2041,2442,2759]
[0,587,756,1352,2301,2759]
[0,655,968,1603,1959,2301,2759]
[0,655,968,2301,2759]
[0,655,886,1352,1622,2301,2759]
[0,968,1154,1352,1603,2301,2759]
[0,968,1154,1352,1603,2759]
[0,1345,2041,2442,2759]
[0,1345,2041,2759]
[0,1352,1603,2301,2759]
[0,655,968,1603,2759]
[0,1352,1603,1959,2301,2759]
[0,171,655,886,1352,1622,2301,2759]
[0,1959,2301,2759]
[0,171,655,756,968,1154,1352,1603,1959,2301,2759]
[0,2301,2759]
[0,732,2759]
[0,171,587,756,1154,1352,1622,2301,2759]
[0,968,1603,1959,2301,2759]
[0,655,968,2759]
[0,968,2301,2759]
[0,1154,1352,2301,2759]
[0,1154,1352,2301,2681,2759]
[0,968,1603,2759]
[0,1154,1352,1603,2301,2759]
[0,633,1302,2301,2759]
[0,587,2301,2759]
[0,1154,1352,1603,2759]
[0,171,587,1154,1352,1622,2301,2759]
[0,655,968,1154,1352,1603,1959,2301,2759]
[0,2041,2759]
[0,968,1603,2301,2759]
[0,587,1352,1622,2301,2759]
[0,633,2301,2759]
[0,171,732,1154,1352,2041,2301,2681,2759]
[0,732,1154,1352,2041,2301,2759]
[0,968,1154,1352,1603,1959,2301,2759]
[0,655,756,968,1154,1352,1603,1959,2301,2759]
[0,1352,2301,2759]
[0,171,655,886,1154,1352,1622,2301,2681,2759]
[0,171,732,1154,1352,1622,2301,2759]
[0,655,968,1352,1603,1959,2301,2759]
[0,1352,2041,2442,2759]
[0,171,732,1154,1352,2041,2301,2759]
[0,655,886,1154,1352,1622,2301,2759]
[0,732,1352,2041,2442,2759]
[0,171,732,1352,1622,2301,2759]
[0,655,1352,2301,2759]
[0,732,1352,2041,2301,2759]
[0,587,1352,2301,2759]
[0,171,587,1352,1622,2301,2759]
[0,655,968,1352,1603,2301,2759]
[0,655,1352,1622,2301,2759]
[0,655,968,1154,1352,1603,2301,2759]
[0,968,1352,1603,1959,2301,2759]
[0,633,2759]
[0,655,2759]
[0,587,2759]
[0,171,732,1352,2041,2301,2681,2759]
[0,171,732,1154,1352,1622,2301,2681,2759]
[0,732,1154,1352,1622,2301,2759]
[0,655,968,1352,1603,2759]
[0,1603,2301,2759]
[0,171,587,756,920,1154,1352,1622,2301,2759]
[0,1302,2759]
[0,587,756,2301,2759]
[0,655,968,1154,1352,1603,2759]
[0,171,655,968,1154,1352,1603,1959,2301,2759]
[0,587,1154,1352,1622,2301,2759]
[0,732,1352,1622,2301,2759]
[0,1603,2759]
[0,587,756,2759]
[0,732,1352,2301,2759]
[0,1352,2759]
[0,732,1352,2041,2759]
[0,587,1352,2759]
[0,655,2301,2759]
[0,633,1302,2759]
[0,171,655,886,1154,1352,1622,2301,2759]
