[0,1317,1379,1540,1618,1911]
[0,220,1379,1540,1618,1911]
[0,220,1540,1618,1911]
[0,1379,1540,1618,1911]
[0,972,1379,1540,1911]
[0,1367,1540,1911]
[0,42,220,1379,1540,1618,1911]
[0,1317,1618,1911]
[0,42,220,1379,1540,1911]
[0,220,972,1317,1379,1540,1618,1911]
[0,972,1540,1911]
[0,42,1911]
[0,1379,1540,1911]
[0,220,1911]
[0,220,972,1540,1618,1911]
[0,112,1911]
[0,946,1911]
[0,112,1379,1540,1911]
[0,42,220,1911]
[0,112,972,1317,1379,1540,1618,1911]
[0,42,972,1379,1540,1911]
[0,112,1367,1540,1911]
[0,112,946,1367,1540,1911]
[0,42,220,972,1540,1911]
[0,220,972,1540,1911]
[0,220,1540,1911]
[0,112,1317,1379,1540,1618,1911]
[0,220,972,1317,1540,1618,1911]
[0,946,1540,1911]
[0,112,946,1540,1911]
[0,972,1317,1618,1911]
[0,972,1317,1540,1618,1911]
[0,1540,1911]
[0,220,972,1317,1618,1911]
[0,112,972,1317,1540,1618,1911]
[0,972,1317,1911]
[0,972,1911]
[0,42,972,1911]
[0,42,1540,1911]
[0,42,1379,1540,1911]
[0,42,112,1317,1379,1540,1618,1911]
[0,220,1317,1379,1540,1618,1911]
[0,42,112,972,1317,1379,1540,1618,1911]
[0,42,972,1540,1911]
[0,42,220,972,1317,1379,1540,1618,1911]
[0,1317,1911]
[0,112,1540,1911]
[0,972,1540,1618,1911]
[0,220,1618,1911]
[0,42,220,1317,1379,1540,1618,1911]
[0,972,1317,1379,1540,1618,1911]
[0,42,220,1540,1911]
[0,946,1367,1540,1911]
[0,220,1379,1540,1911]
[0,112,1379,1540,1618,1911]
[0,112,972,1317,1618,1911]
[0,1540,1618,1911]
[0,220,1317,1618,1911]
[0,1618,1911]
[0,42,220,1540,1618,1911]
