[0,186,861,1002,1175,1465]
[0,186,1110,1359,1465]
[0,1002,1465]
[0,880,1002,1175,1465]
[0,880,1110,1465]
[0,861,1002,1175,1465]
[0,186,608,689,880,1002,1359,1465]
[0,1002,1359,1465]
[0,186,600,689,861,1002,1359,1465]
[0,1110,1359,1465]
[0,186,424,634,861,1002,1465]
[0,186,689,861,1002,1465]
[0,186,608,689,880,1002,1110,1175,1359,1465]
[0,880,1002,1465]
[0,649,1110,1465]
[0,186,600,689,861,1002,1175,1359,1465]
[0,186,600,689,861,1002,1110,1175,1359,1465]
[0,186,1002,1465]
[0,186,880,1002,1110,1175,1359,1465]
[0,186,424,634,1002,1465]
[0,385,1175,1465]
[0,649,1465]
[0,186,608,689,880,1002,1175,1359,1465]
[0,861,1002,1110,1175,1359,1465]
[0,186,849,1110,1465]
[0,1175,1465]
[0,880,1002,1359,1465]
[0,186,689,880,1002,1110,1175,1359,1465]
[0,186,649,1110,1465]
[0,424,1465]
[0,186,880,1002,1175,1465]
[0,186,689,861,1002,1175,1359,1465]
[0,186,649,1110,1359,1465]
[0,689,1002,1175,1465]
[0,1002,1175,1465]
[0,186,880,1002,1175,1359,1465]
[0,861,1002,1175,1359,1465]
[0,689,1002,1465]
[0,1359,1465]
[0,186,689,861,1002,1110,1175,1359,1465]
[0,186,880,1002,1465]
[0,186,880,1002,1359,1465]
[0,186,689,880,1002,1175,1359,1465]
[0,186,1002,1175,1465]
[0,186,634,861,1002,1465]
[0,186,689,880,1002,1465]
[0,880,1002,1175,1359,1465]
[0,186,689,880,1002,1175,1465]
[0,186,689,1002,1465]
[0,186,880,1110,1359,1465]
[0,424,649,1110,1465]
[0,186,424,649,1110,1465]
[0,186,1110,1465]
[0,424,1110,1465]
[0,385,1465]
[0,849,1110,1465]
[0,186,861,1002,1359,1465]
[0,186,689,880,1002,1359,1465]
[0,186,424,649,1110,1359,1465]
[0,186,849,1110,1359,1465]
[0,186,634,861,1002,1359,1465]
[0,424,634,1002,1465]
[0,861,1002,1359,1465]
[0,186,689,1002,1175,1465]
[0,861,1002,1465]
[0,186,424,634,861,1002,1359,1465]
[0,424,880,1110,1465]
[0,186,861,1002,1465]
[0,186,861,1002,1110,1175,1359,1465]
[0,186,1465]
[0,880,1002,1110,1175,1359,1465]
[0,186,689,861,1002,1175,1465]
[0,186,880,1110,1465]
[0,424,649,1465]
[0,186,1175,1465]
[0,186,634,1002,1465]
[0,186,861,1002,1175,1359,1465]
[0,1110,1465]
[0,634,1002,1465]
[0,186,689,861,1002,1359,1465]
