[0,1139,1427,2824]
[0,161,1256,1817,2824]
[0,161,1139,2824]
[0,1139,2056,2494,2824]
[0,161,706,1083,1256,2056,2476,2824]
[0,161,452,1256,2056,2476,2824]
[0,1256,2056,2476,2824]
[0,1066,1884,2824]
[0,415,1256,2056,2494,2824]
[0,161,415,1256,2056,2494,2824]
[0,1256,1817,2824]
[0,1256,2824]
[0,415,1256,2056,2476,2824]
[0,161,1139,2056,2824]
[0,452,1256,2056,2476,2824]
[0,161,1083,1256,2056,2476,2824]
[0,161,1256,2056,2494,2824]
[0,161,415,1256,2056,2476,2824]
[0,1139,2056,2824]
[0,1817,2824]
[0,234,1884,2476,2824]
[0,1139,2824]
[0,161,1066,1884,2476,2824]
[0,452,1256,2056,2824]
[0,1427,2824]
[0,161,1139,2056,2494,2824]
[0,706,1256,2056,2824]
[0,161,1884,2476,2824]
[0,161,2476,2824]
[0,234,2476,2824]
[0,1256,2056,2824]
[0,161,1256,2056,2476,2824]
[0,161,1256,2056,2824]
[0,415,1256,2056,2824]
[0,452,1083,1256,2056,2476,2824]
[0,234,2824]
[0,161,1473,1817,2824]
[0,161,452,1083,1256,2056,2476,2824]
[0,1083,1256,2056,2494,2824]
[0,2056,2494,2824]
[0,161,2824]
[0,161,1256,2824]
[0,161,415,1083,1256,2056,2494,2824]
[0,1473,1817,2824]
[0,415,1083,1256,2056,2494,2824]
[0,2056,2824]
[0,161,1817,2824]
[0,1884,2476,2824]
[0,706,1083,1256,2056,2476,2824]
[0,161,1139,1427,2824]
[0,161,415,1083,1256,2056,2476,2824]
[0,2476,2824]
[0,1256,2056,2494,2824]
[0,415,1083,1256,2056,2476,2824]
[0,1884,2824]
[0,1083,1256,2056,2476,2824]
[0,706,1256,2056,2476,2824]
[0,2056,2476,2824]
[0,1066,1884,2476,2824]
