[0,762,1145,1911]
[0,1499,1911]
[0,558,1145,1911]
[0,762,1059,1499,1707,1911]
[0,762,1059,1499,1731,1911]
[0,290,1145,1499,1731,1911]
[0,290,1911]
[0,442,1911]
[0,558,1145,1499,1731,1911]
[0,1145,1499,1762,1911]
[0,558,1145,1499,1911]
[0,1145,1499,1707,1911]
[0,558,1911]
[0,507,1145,1911]
[0,1145,1499,1911]
[0,1762,1911]
[0,1707,1911]
[0,507,1145,1499,1762,1911]
[0,762,1059,1145,1395,1499,1707,1911]
[0,1145,1499,1731,1911]
[0,1731,1911]
[0,1499,1707,1911]
[0,375,1911]
[0,507,1911]
[0,1059,1499,1707,1911]
[0,762,1059,1499,1911]
[0,290,1145,1499,1911]
[0,375,1731,1911]
[0,1059,1911]
[0,1059,1499,1731,1911]
[0,290,1731,1911]
[0,762,1145,1499,1707,1911]
[0,762,1145,1499,1911]
[0,762,1145,1499,1762,1911]
[0,762,1145,1499,1731,1911]
[0,1499,1762,1911]
[0,507,1145,1499,1911]
[0,1499,1731,1911]
[0,762,1911]
[0,1145,1911]
[0,762,1145,1395,1499,1707,1911]
[0,762,1059,1911]
[0,1059,1499,1911]
