[0,251,527,606,970,1046]
[0,251,558,776,1046]
[0,558,1046]
[0,251,527,606,1046]
[0,251,558,1046]
[0,527,1046]
[0,251,527,1046]
[0,146,245,343,527,776,1046]
[0,245,1046]
[0,146,527,606,970,1046]
[0,558,776,1046]
[0,146,527,606,776,1046]
[0,146,343,527,1046]
[0,146,343,527,776,1046]
[0,606,1046]
[0,146,245,343,527,606,776,829,970,1046]
[0,146,527,776,1046]
[0,146,245,343,527,606,970,1046]
[0,558,606,1046]
[0,146,343,527,606,970,1046]
[0,146,527,606,1046]
[0,146,245,343,527,1046]
[0,146,527,1046]
[0,146,245,343,527,606,1046]
[0,527,776,1046]
[0,146,245,343,527,606,776,970,1046]
[0,527,606,1046]
[0,146,343,527,606,1046]
[0,245,606,1046]
[0,146,245,343,527,606,776,1046]
[0,146,343,527,606,776,1046]
[0,343,527,776,1046]
[0,343,527,1046]
