[0,673,948,1478,1642]
[0,272,507,583,830,948,1642]
[0,272,507,644,948,1642]
[0,948,1426,1642]
[0,124,272,507,644,948,1642]
[0,583,987,1478,1642]
[0,507,948,1642]
[0,583,987,1642]
[0,272,673,948,1642]
[0,987,1478,1642]
[0,272,644,948,1642]
[0,272,583,987,1478,1642]
[0,673,948,1642]
[0,272,507,948,1642]
[0,272,673,948,1478,1642]
[0,948,1478,1642]
[0,272,583,948,1642]
[0,272,507,987,1642]
[0,507,987,1642]
[0,124,272,583,948,1478,1642]
[0,272,583,948,1478,1642]
[0,507,1407,1642]
[0,160,272,507,583,830,948,1642]
[0,272,507,830,948,1642]
[0,507,830,948,1642]
[0,272,583,987,1642]
[0,124,272,673,948,1478,1642]
[0,124,272,507,673,948,1478,1642]
[0,948,1642]
[0,583,948,1478,1642]
[0,272,507,673,948,1478,1642]
[0,272,507,673,948,1642]
[0,160,272,507,948,1642]
[0,272,1642]
[0,272,507,830,987,1642]
[0,644,948,1642]
[0,830,948,1642]
[0,507,1642]
[0,583,948,1642]
[0,160,272,507,830,948,1642]
[0,124,272,507,830,987,1642]
[0,124,272,644,948,1642]
[0,987,1642]
