[0,44,133,187,616,670,1197]
[0,44,133,187,526,1044,1197]
[0,133,187,616,670,1044,1197]
[0,187,503,1044,1197]
[0,187,503,670,1197]
[0,187,503,1197]
[0,187,526,616,670,1044,1197]
[0,187,432,526,1044,1127,1197]
[0,187,670,1197]
[0,187,616,670,1044,1197]
[0,526,1197]
[0,44,187,526,1044,1197]
[0,133,187,526,1197]
[0,616,1197]
[0,187,526,1044,1197]
[0,187,526,1013,1197]
[0,44,133,187,526,1197]
[0,44,133,187,616,1197]
[0,44,187,432,526,1044,1197]
[0,187,526,1197]
[0,133,187,616,1197]
[0,133,187,526,1044,1197]
[0,187,379,526,1044,1127,1197]
[0,503,1197]
[0,187,616,670,1197]
[0,187,526,1044,1127,1197]
[0,44,187,432,526,1044,1127,1197]
[0,616,670,1197]
[0,133,187,526,616,670,1044,1197]
[0,616,1044,1197]
[0,187,616,1197]
[0,187,616,1044,1197]
[0,133,187,503,1197]
[0,44,133,187,616,670,1044,1197]
[0,670,1197]
[0,44,187,526,1044,1127,1197]
[0,616,670,1044,1197]
[0,133,1197]
[0,44,187,379,526,1044,1127,1197]
[0,44,133,187,526,616,670,1044,1197]
[0,187,526,670,1044,1197]
[0,133,187,616,670,1197]
[0,187,379,526,1044,1197]
[0,187,432,526,1044,1197]
[0,133,187,1197]
[0,1044,1197]
[0,133,187,503,1044,1197]
[0,187,503,670,1044,1197]
[0,44,187,379,526,1044,1197]
