[0,614,811,953,1046]
[0,162,710,811,1046]
[0,211,544,614,710,811,1046]
[0,211,614,882,1046]
[0,710,1046]
[0,710,811,1046]
[0,410,614,811,1046]
[0,67,410,614,710,811,1046]
[0,211,614,811,953,1046]
[0,410,710,1046]
[0,67,211,544,614,811,953,1046]
[0,67,127,614,1046]
[0,67,162,410,614,710,811,953,1046]
[0,211,614,811,1046]
[0,211,544,614,811,1046]
[0,67,1046]
[0,67,162,410,710,811,1046]
[0,410,614,710,882,1046]
[0,544,614,811,953,1046]
[0,67,211,710,811,1046]
[0,67,544,614,710,811,893,953,1046]
[0,410,1046]
[0,67,544,614,1046]
[0,67,544,614,811,1046]
[0,544,614,710,811,953,1046]
[0,162,710,1046]
[0,67,127,211,544,614,710,811,893,953,1046]
[0,67,614,1046]
[0,67,544,614,710,811,953,1046]
[0,67,127,544,614,811,1046]
[0,614,882,1046]
[0,162,1046]
[0,67,410,614,811,1046]
[0,410,614,710,811,1046]
[0,67,544,614,811,953,1046]
[0,67,544,614,710,811,1046]
[0,67,410,614,1046]
[0,67,162,710,1046]
[0,67,211,614,1046]
[0,67,211,614,710,811,1046]
[0,211,544,710,1046]
[0,410,614,710,811,953,1046]
[0,410,710,811,1046]
[0,67,211,544,614,811,1046]
[0,614,1046]
[0,67,544,614,811,893,953,1046]
[0,211,410,614,1046]
[0,211,410,614,710,811,1046]
[0,67,127,544,614,811,953,1046]
[0,67,211,544,614,710,811,893,953,1046]
[0,67,211,614,882,1046]
[0,67,211,544,614,710,811,1046]
[0,882,1046]
[0,211,710,811,953,1046]
[0,67,710,811,1046]
[0,67,127,544,614,710,811,893,953,1046]
[0,544,710,1046]
[0,162,410,614,710,811,1046]
[0,544,614,710,811,1046]
[0,127,614,882,1046]
[0,811,1046]
[0,67,410,1046]
[0,211,614,1046]
[0,211,544,710,811,1046]
[0,211,710,811,1046]
[0,211,544,614,710,811,953,1046]
[0,211,614,710,811,1046]
[0,211,410,614,710,811,953,1046]
[0,211,410,710,1046]
[0,67,211,614,811,1046]
[0,211,544,614,811,953,1046]
[0,162,410,614,710,811,953,1046]
[0,211,410,710,811,1046]
[0,127,661,1046]
[0,67,162,710,811,1046]
[0,661,1046]
[0,162,410,710,811,1046]
[0,67,211,410,614,882,1046]
[0,67,211,544,614,811,893,953,1046]
[0,211,710,1046]
[0,67,162,410,614,710,811,1046]
[0,544,710,811,1046]
[0,67,410,710,811,1046]
[0,67,211,410,614,710,811,953,1046]
[0,67,614,811,1046]
[0,211,410,614,710,882,1046]
[0,544,710,811,953,1046]
[0,544,614,811,1046]
[0,67,211,1046]
[0,67,127,544,614,811,893,953,1046]
[0,544,614,1046]
[0,410,614,1046]
[0,211,1046]
[0,67,211,544,614,710,811,953,1046]
[0,67,127,1046]
[0,67,211,410,614,710,882,1046]
[0,211,410,614,882,1046]
[0,614,811,1046]
[0,127,1046]
[0,211,544,710,811,953,1046]
[0,410,614,882,1046]
[0,67,211,710,1046]
[0,67,127,544,614,1046]
[0,162,410,710,1046]
[0,67,162,1046]
[0,67,211,410,614,710,811,1046]
[0,67,811,1046]
