[0,1822,2376,2812]
[0,1217,1960,2376,2812]
[0,1822,2812]
[0,266,1149,1454,2018,2812]
[0,266,1149,1454,1822,2018,2812]
[0,1149,1454,1822,2812]
[0,1149,1934,2307,2812]
[0,266,1149,1454,1822,2812]
[0,266,1005,1149,1454,2307,2812]
[0,266,1149,1454,1822,2108,2812]
[0,266,1005,1149,1454,1822,1960,2376,2750,2812]
[0,266,2376,2812]
[0,266,1454,1822,2812]
[0,266,1454,1822,2376,2812]
[0,1149,1454,2018,2812]
[0,266,1149,1454,1822,1960,2376,2812]
[0,266,1149,1454,2812]
[0,1454,2812]
[0,1149,1454,1822,2018,2812]
[0,1960,2812]
[0,2376,2812]
[0,266,1005,1149,1454,1934,2307,2812]
[0,1149,1454,1960,2812]
[0,266,1149,1454,1960,2812]
[0,266,1149,1454,2376,2812]
[0,266,1149,1454,1822,2376,2812]
[0,266,1149,1454,1822,2108,2376,2812]
[0,266,1005,1149,1454,1822,1960,2376,2812]
[0,1026,1822,2812]
[0,1149,2018,2812]
[0,1149,1454,1934,2307,2812]
[0,266,1005,1149,1454,1822,2812]
[0,266,1217,2006,2812]
[0,1149,1822,2812]
[0,266,1005,1149,1454,1822,2108,2376,2812]
[0,266,1149,1454,1822,2018,2376,2812]
[0,1149,1454,2376,2812]
[0,266,1149,1454,1822,1960,2812]
[0,1149,1454,1822,2108,2812]
[0,2006,2812]
[0,266,1217,1960,2376,2812]
[0,266,1005,1149,1454,1822,2018,2812]
[0,266,1217,2376,2812]
[0,1149,1454,2812]
[0,266,1005,1149,1454,2812]
[0,1149,1454,1822,1960,2812]
[0,1149,1454,1822,2376,2812]
[0,1149,1454,1822,2108,2376,2812]
[0,266,1005,1149,1454,1822,2108,2812]
[0,266,1005,1149,1454,1822,2018,2376,2750,2812]
[0,2307,2812]
[0,1217,2376,2812]
[0,266,1005,1149,1454,1822,2018,2376,2812]
[0,1026,2812]
[0,266,1005,1149,1454,2376,2812]
[0,266,1005,1149,1454,2307,2750,2812]
[0,1149,1960,2812]
[0,1149,2376,2812]
[0,266,1005,1149,1454,1934,2307,2750,2812]
[0,1454,1822,2376,2812]
[0,1149,1454,2307,2812]
[0,266,1149,1454,2307,2812]
[0,1149,1822,2376,2812]
[0,1149,2812]
[0,1454,1822,2812]
[0,266,1005,1149,1454,1822,2376,2812]
[0,266,1005,1149,1454,1822,1960,2108,2376,2750,2812]
[0,266,1005,1149,1454,1822,1960,2108,2376,2812]
[0,1217,2006,2812]
[0,266,1149,1454,1934,2307,2812]
[0,1217,2812]
[0,1149,2307,2812]
[0,2018,2812]
[0,266,1454,2812]
