[0,1181,1343,2020]
[0,170,603,754,1181,1573,1754,2020]
[0,373,603,1181,1573,1754,2020]
[0,170,1041,1181,1573,1754,2020]
[0,170,754,1181,1573,2020]
[0,170,754,1041,1181,1573,2020]
[0,1184,1706,2020]
[0,754,1181,1573,2020]
[0,603,1181,1573,1754,2020]
[0,170,2020]
[0,170,754,1041,1181,1573,1707,2020]
[0,170,373,603,1181,1573,1754,2020]
[0,170,754,1181,1573,1754,2020]
[0,754,1573,2020]
[0,754,1181,2020]
[0,603,2020]
[0,373,1181,1573,1754,2020]
[0,170,754,1295,1706,2020]
[0,603,1573,2020]
[0,170,1181,1573,1707,2020]
[0,1181,1573,1707,2020]
[0,1184,2020]
[0,170,1181,1343,2020]
[0,170,754,1181,2020]
[0,754,1383,2020]
[0,754,1295,1706,2020]
[0,754,1295,2020]
[0,1181,1573,2020]
[0,373,1181,1573,2020]
[0,170,754,2020]
[0,170,373,603,754,1181,1573,1754,2020]
[0,170,754,1181,1343,2020]
[0,170,373,603,754,1041,1181,1573,1754,2020]
[0,754,1181,1573,1754,2020]
[0,170,603,754,1041,1181,1573,1754,2020]
[0,170,1041,1181,1573,1707,2020]
[0,1573,2020]
[0,1181,2020]
[0,170,1181,2020]
[0,754,2020]
[0,170,754,1706,2020]
[0,170,754,1041,1181,1573,1754,2020]
[0,603,1181,1573,2020]
[0,170,373,1181,1573,1754,2020]
[0,754,1706,2020]
[0,373,603,1181,1573,2020]
[0,170,1181,1573,2020]
[0,170,1181,1573,1754,2020]
[0,170,1041,1181,1573,2020]
[0,1181,1573,1754,2020]
