[0,245,667,778,896,1026,1327]
[0,245,896,1327]
[0,245,421,778,1026,1327]
[0,245,778,896,1026,1327]
[0,245,451,667,896,1026,1327]
[0,180,245,667,778,896,1026,1154,1242,1327]
[0,245,778,896,1211,1327]
[0,611,667,778,1327]
[0,180,245,667,778,1154,1327]
[0,245,451,667,778,1154,1327]
[0,778,1154,1327]
[0,180,245,451,667,778,1154,1327]
[0,896,1327]
[0,245,778,1154,1327]
[0,245,827,1327]
[0,245,451,896,1026,1327]
[0,667,778,1327]
[0,245,421,778,896,1211,1327]
[0,245,667,778,1154,1327]
[0,778,1026,1327]
[0,245,451,896,1327]
[0,245,421,667,778,896,1211,1327]
[0,245,451,896,1026,1154,1327]
[0,245,451,667,778,896,1026,1154,1242,1327]
[0,245,611,667,778,1327]
[0,245,421,667,778,896,1327]
[0,827,1327]
[0,180,245,611,667,778,896,1026,1154,1242,1327]
[0,245,421,667,778,1327]
[0,245,451,667,896,1026,1154,1327]
[0,245,667,778,896,1026,1154,1242,1327]
[0,180,245,451,667,778,1026,1154,1327]
[0,180,245,611,667,778,896,1026,1154,1327]
[0,180,245,611,667,778,1327]
[0,778,1327]
[0,245,421,778,896,1327]
[0,180,245,451,667,778,896,1026,1154,1327]
[0,245,667,778,896,1026,1154,1327]
[0,667,778,1154,1327]
[0,245,451,667,896,1327]
[0,245,778,896,1026,1154,1327]
[0,180,245,611,667,778,1026,1154,1327]
[0,180,245,611,667,778,1154,1327]
[0,245,667,778,1026,1154,1327]
[0,667,778,1026,1154,1327]
[0,180,245,667,778,1327]
[0,245,667,896,1327]
[0,245,451,778,896,1211,1327]
[0,245,451,667,778,1026,1154,1327]
[0,245,451,778,1327]
[0,245,778,1026,1327]
[0,180,245,667,778,896,1327]
[0,180,245,667,778,896,1026,1154,1327]
[0,245,778,1327]
[0,245,451,778,1026,1154,1327]
[0,180,245,667,778,896,1026,1327]
[0,245,778,896,1327]
[0,245,421,778,896,1026,1327]
[0,778,1026,1154,1327]
[0,245,451,778,1154,1327]
[0,245,451,667,778,1327]
[0,180,245,451,667,778,896,1026,1154,1242,1327]
[0,245,667,778,896,1327]
[0,245,421,667,778,896,1026,1327]
[0,245,421,778,1327]
[0,180,245,778,1327]
[0,245,667,778,1327]
[0,245,451,667,778,896,1026,1154,1327]
[0,180,245,451,667,778,1327]
[0,245,451,778,896,1327]
[0,180,245,667,778,1026,1154,1327]
[0,245,778,1026,1154,1327]
