[0,222,566,726,1046]
[0,50,1046]
[0,50,222,566,726,787,829,896,977,1046]
[0,50,222,566,726,829,977,1046]
[0,159,566,726,859,1046]
[0,566,787,896,1046]
[0,120,566,767,922,1046]
[0,384,566,726,829,1046]
[0,50,384,566,726,829,977,1046]
[0,222,566,726,829,977,1046]
[0,50,566,613,896,979,1046]
[0,176,566,787,896,1046]
[0,50,566,613,896,1046]
[0,50,566,613,726,896,979,1046]
[0,159,566,726,1046]
[0,159,1046]
[0,566,896,1046]
[0,176,566,726,896,979,1046]
[0,896,1046]
[0,176,566,1046]
[0,50,176,566,613,726,896,979,1046]
[0,384,566,726,1046]
[0,566,767,922,1046]
[0,50,566,896,979,1046]
[0,566,726,896,977,1046]
[0,566,896,979,1046]
[0,566,787,896,979,1046]
[0,50,176,566,787,896,979,1046]
[0,50,566,787,896,1046]
[0,50,566,726,896,977,1046]
[0,176,566,787,896,979,1046]
[0,566,726,896,979,1046]
[0,159,566,767,1046]
[0,50,222,566,726,896,977,1046]
[0,176,566,787,1046]
[0,50,566,726,1046]
[0,176,566,726,829,896,979,1046]
[0,50,176,566,613,787,829,896,979,1046]
[0,50,566,726,896,1046]
[0,566,787,1046]
[0,159,566,1046]
[0,566,613,1046]
[0,50,176,566,613,787,896,979,1046]
[0,50,222,566,726,829,896,977,1046]
[0,384,566,726,829,977,1046]
[0,50,896,979,1046]
[0,222,566,726,829,1046]
[0,50,566,726,829,1046]
[0,566,726,829,1046]
[0,50,566,787,896,979,1046]
[0,50,566,613,1046]
[0,50,222,566,726,896,1046]
[0,50,176,566,726,829,896,979,1046]
[0,176,566,726,859,1046]
[0,176,566,726,1046]
[0,50,176,566,726,896,979,1046]
[0,176,566,726,896,1046]
[0,566,1046]
[0,176,566,726,859,977,1046]
[0,50,176,566,726,859,977,1046]
[0,222,566,726,829,896,977,1046]
[0,159,566,767,922,1046]
[0,50,566,726,859,977,1046]
[0,50,566,896,1046]
[0,222,566,726,896,1046]
[0,50,222,566,726,829,1046]
[0,50,566,726,859,1046]
[0,566,726,859,1046]
[0,566,726,1046]
[0,50,176,566,613,726,787,829,896,979,1046]
[0,50,566,613,787,896,979,1046]
[0,222,566,726,896,977,1046]
[0,159,566,726,859,977,1046]
[0,50,176,566,613,726,829,896,979,1046]
[0,566,726,859,977,1046]
[0,566,726,896,1046]
[0,50,566,726,896,979,1046]
[0,384,566,1046]
[0,50,566,1046]
[0,222,566,1046]
[0,896,979,1046]
[0,50,384,566,726,829,1046]
[0,566,767,1046]
