[0,623,1209,1875]
[0,500,623,875,1002,1209,1281,1875]
[0,59,623,1875]
[0,500,623,1002,1209,1281,1875]
[0,59,585,1057,1875]
[0,59,500,623,875,1002,1209,1875]
[0,500,623,694,1002,1209,1875]
[0,59,500,623,694,1002,1209,1875]
[0,1002,1875]
[0,1057,1875]
[0,59,623,1002,1209,1875]
[0,59,1875]
[0,500,623,1002,1209,1875]
[0,623,875,1002,1209,1875]
[0,585,1057,1875]
[0,585,1002,1209,1875]
[0,585,1209,1875]
[0,500,623,875,1002,1209,1875]
[0,59,585,1002,1209,1875]
[0,500,1057,1875]
[0,59,1002,1875]
[0,59,500,623,1002,1209,1875]
[0,623,1002,1209,1875]
[0,1002,1209,1875]
[0,59,1002,1209,1875]
[0,500,623,1209,1875]
[0,623,1875]
[0,59,500,623,875,1002,1209,1281,1875]
[0,1209,1875]
