[0,348,1242,2759]
[0,98,348,2230,2759]
[0,348,625,984,1242,2328,2759]
[0,1893,2759]
[0,786,2759]
[0,348,1006,2759]
[0,1242,1893,2759]
[0,625,2759]
[0,348,1088,2102,2759]
[0,1088,1242,2759]
[0,1242,2102,2759]
[0,98,1242,2759]
[0,2328,2759]
[0,98,348,1006,1242,2328,2759]
[0,348,625,2230,2759]
[0,98,348,2328,2759]
[0,98,348,625,984,1242,2230,2759]
[0,348,1088,1242,2102,2759]
[0,348,1006,1242,2328,2759]
[0,625,1242,2230,2759]
[0,348,625,984,1242,2230,2759]
[0,348,1088,2328,2759]
[0,862,1242,2371,2759]
[0,327,1242,2371,2759]
[0,98,348,1088,1242,2102,2759]
[0,1242,2759]
[0,862,1242,2759]
[0,98,348,625,984,1242,2328,2759]
[0,1088,2328,2759]
[0,1818,2230,2759]
[0,98,1088,1242,2759]
[0,1242,1830,2759]
[0,348,1088,2759]
[0,625,1242,2759]
[0,1088,1242,2328,2759]
[0,625,2230,2759]
[0,862,2371,2759]
[0,949,2759]
[0,348,949,1242,2759]
[0,98,1006,1242,2759]
[0,348,1088,1242,2759]
[0,98,348,949,1242,2759]
[0,1242,1818,2230,2759]
[0,98,348,1006,1242,2759]
[0,348,2230,2759]
[0,98,2328,2759]
[0,98,348,625,1242,2230,2759]
[0,625,1893,2759]
[0,98,348,1088,1242,2328,2759]
[0,1242,2230,2759]
[0,949,1242,2759]
[0,2102,2759]
[0,1006,2759]
[0,949,2230,2759]
[0,348,2759]
[0,1242,1830,2102,2759]
[0,625,1242,2328,2759]
[0,1830,2102,2759]
[0,348,625,1242,2230,2759]
[0,98,1830,2759]
[0,98,348,949,1242,2230,2759]
[0,2230,2759]
[0,786,1242,1818,2230,2759]
[0,1088,1242,2102,2759]
[0,348,1006,1242,2759]
[0,862,2759]
[0,98,348,625,2328,2759]
[0,1088,2102,2759]
[0,98,2759]
[0,625,2328,2759]
[0,1006,2328,2759]
[0,98,348,2759]
[0,1830,2759]
[0,348,2328,2759]
[0,348,949,2230,2759]
[0,98,348,1088,1242,2759]
[0,98,348,625,1242,2328,2759]
[0,348,1088,1242,2328,2759]
[0,98,1242,2102,2759]
[0,786,2230,2759]
[0,327,1242,1830,2371,2759]
[0,1088,2759]
[0,949,1242,2230,2759]
[0,98,2102,2759]
[0,786,1242,2230,2759]
[0,1006,1242,2328,2759]
[0,98,1242,1830,2102,2759]
[0,2371,2759]
[0,348,625,1242,2328,2759]
[0,348,949,1242,2230,2759]
[0,98,348,1242,2759]
[0,1242,2371,2759]
[0,348,625,2328,2759]
[0,1242,1830,2371,2759]
[0,348,1006,2328,2759]
[0,1006,1242,2759]
[0,98,348,625,2230,2759]
