[0,356,952,1254,1431,2189]
[0,356,855,952,1705,2189]
[0,356,575,1254,1431,1705,2189]
[0,356,575,952,1254,1431,1705,2189]
[0,356,575,952,1254,1431,1705,2039,2189]
[0,356,855,1282,1461,1705,2039,2189]
[0,356,855,1705,2039,2189]
[0,356,575,855,1705,2189]
[0,356,575,855,1282,1461,1705,2189]
[0,356,575,855,1282,1705,2189]
[0,356,1254,2039,2117,2189]
[0,356,855,952,1254,2039,2117,2189]
[0,356,1664,2189]
[0,1254,2189]
[0,356,575,1254,1705,2189]
[0,575,1705,2189]
[0,356,855,1282,1705,2189]
[0,575,1485,2189]
[0,356,855,2039,2189]
[0,356,855,1368,1664,2039,2189]
[0,855,2189]
[0,356,575,855,1282,1705,2039,2189]
[0,356,1282,1461,1705,2189]
[0,356,1282,1705,2189]
[0,356,575,855,952,1282,1705,2189]
[0,356,855,1368,1664,2189]
[0,356,855,1485,2039,2189]
[0,855,1705,2189]
[0,356,575,855,952,1705,2039,2117,2189]
[0,356,575,855,1254,1705,2189]
[0,356,575,855,1254,1431,1705,2039,2189]
[0,356,1705,2189]
[0,356,575,855,1282,1461,1705,2039,2189]
[0,356,575,855,952,1254,1431,1705,2039,2117,2189]
[0,356,575,855,952,1254,1431,1705,2189]
[0,855,1485,2189]
[0,356,855,952,1254,1431,2039,2117,2189]
[0,356,575,855,1254,1431,1705,2189]
[0,356,855,2189]
[0,356,2039,2189]
[0,356,1705,2039,2117,2189]
[0,356,952,1254,2039,2117,2189]
[0,356,1254,1705,2189]
[0,1254,1705,2189]
[0,356,575,855,952,1254,1431,1705,2039,2189]
[0,356,855,952,1254,1431,2039,2189]
[0,356,952,1254,2189]
[0,356,855,952,1705,2039,2117,2189]
[0,356,855,1485,2189]
[0,356,575,855,952,1282,1461,1705,2189]
[0,356,1254,1431,1705,2189]
[0,1485,2189]
[0,356,2189]
[0,356,855,1705,2189]
[0,356,952,1254,1431,1705,2039,2189]
[0,855,1664,2189]
[0,356,575,855,952,1282,1461,1705,2039,2189]
[0,356,575,855,952,1705,2039,2189]
[0,356,952,1254,1705,2189]
[0,356,855,1664,2039,2189]
[0,356,1254,2039,2189]
[0,356,855,1254,1705,2189]
[0,1705,2189]
[0,356,855,952,1705,2039,2189]
[0,356,855,1282,1461,1705,2189]
[0,855,1254,1705,2189]
[0,356,575,952,1254,1705,2189]
[0,356,575,855,952,1282,1705,2039,2117,2189]
[0,356,575,855,1705,2039,2189]
[0,356,855,952,1254,1705,2189]
[0,356,952,1254,1431,1705,2189]
[0,356,2039,2117,2189]
[0,2039,2117,2189]
[0,356,855,1705,2039,2117,2189]
[0,356,1254,2189]
[0,855,1254,2189]
[0,356,1485,2039,2189]
[0,356,952,1254,2039,2189]
[0,356,575,855,952,1282,1461,1705,2039,2117,2189]
[0,356,575,855,952,1282,1705,2039,2189]
[0,2039,2189]
[0,356,855,1461,1705,2189]
[0,356,1485,2189]
[0,575,2189]
[0,356,855,952,1254,1431,1705,2189]
[0,356,855,952,1254,2189]
[0,356,952,1254,1431,2039,2189]
[0,356,855,952,1254,2039,2189]
[0,356,575,855,1461,1705,2189]
[0,1664,2189]
[0,356,575,855,952,1705,2189]
[0,575,1485,2039,2189]
[0,356,855,952,1254,1431,1705,2039,2117,2189]
[0,356,1282,1461,1705,2039,2189]
[0,1282,1705,2189]
[0,356,855,952,1254,1431,1705,2039,2189]
[0,356,1705,2039,2189]
[0,855,1282,1705,2189]
[0,356,855,1664,2189]
