[0,430,535,1046]
[0,175,535,980,1046]
[0,175,430,535,853,1046]
[0,175,665,853,1046]
[0,175,535,951,1046]
[0,430,535,660,853,980,1046]
[0,175,430,535,963,1046]
[0,175,535,614,980,1046]
[0,853,1046]
[0,175,1046]
[0,976,1046]
[0,175,430,535,665,853,976,1046]
[0,175,430,535,665,853,1046]
[0,430,1046]
[0,430,535,614,1046]
[0,175,853,980,1046]
[0,175,535,614,1046]
[0,175,535,660,853,1046]
[0,430,535,665,853,976,1046]
[0,430,535,614,963,1046]
[0,175,217,853,980,1046]
[0,535,660,853,1046]
[0,175,217,430,535,660,853,980,1046]
[0,535,665,853,1046]
[0,175,430,535,665,853,980,1046]
[0,175,853,1046]
[0,175,232,430,535,665,853,976,1046]
[0,175,963,1046]
[0,175,430,853,1046]
[0,430,535,614,853,1046]
[0,853,976,1046]
[0,430,853,1046]
[0,430,535,665,853,980,1046]
[0,430,535,853,1046]
[0,175,430,535,614,853,1046]
[0,175,430,535,614,853,980,1046]
[0,430,535,660,853,1046]
[0,175,430,535,853,980,1046]
[0,175,430,535,614,980,1046]
[0,853,980,1046]
[0,175,430,535,614,1046]
[0,535,1046]
[0,175,232,430,535,665,853,980,1046]
[0,430,535,963,1046]
[0,175,430,535,614,963,1046]
[0,175,980,1046]
[0,175,535,665,853,1046]
[0,660,1046]
[0,665,853,1046]
[0,430,535,853,976,1046]
[0,430,535,614,980,1046]
[0,430,535,614,853,976,1046]
[0,175,430,853,980,1046]
[0,175,430,535,660,853,1046]
[0,175,660,853,1046]
[0,660,853,1046]
[0,175,430,535,1046]
[0,175,535,1046]
[0,175,430,535,660,853,980,1046]
[0,430,853,976,1046]
[0,175,217,430,535,853,980,1046]
[0,430,535,853,980,1046]
[0,430,535,665,853,1046]
[0,430,853,980,1046]
[0,175,217,430,853,980,1046]
[0,430,535,614,853,980,1046]
