[0,238,712,1046,1419]
[0,238,440,593,712,1046,1239,1419]
[0,532,961,1419]
[0,232,532,763,961,1419]
[0,440,961,1046,1419]
[0,440,593,712,1046,1239,1419]
[0,238,1046,1419]
[0,440,593,1046,1239,1419]
[0,238,440,593,712,961,1046,1239,1419]
[0,238,1419]
[0,227,593,961,1419]
[0,593,1046,1419]
[0,227,1419]
[0,232,532,961,1419]
[0,440,593,712,763,961,1046,1419]
[0,238,593,961,1419]
[0,238,440,593,712,763,961,1046,1239,1419]
[0,238,593,1046,1239,1419]
[0,238,1239,1419]
[0,532,1419]
[0,238,763,961,1419]
[0,440,1419]
[0,238,440,593,712,764,961,1046,1239,1419]
[0,440,593,712,961,1046,1419]
[0,232,961,1419]
[0,440,593,1046,1419]
[0,238,593,1046,1419]
[0,227,440,593,961,1419]
[0,440,593,961,1046,1419]
[0,897,1419]
[0,238,593,1419]
[0,440,593,712,764,961,1046,1419]
[0,232,1419]
[0,238,440,593,1046,1239,1419]
[0,1046,1419]
[0,593,961,1419]
[0,440,593,961,1046,1239,1419]
[0,238,1046,1239,1419]
[0,440,593,712,961,1046,1239,1419]
[0,440,593,961,1419]
[0,440,593,712,763,961,1046,1239,1419]
[0,238,440,593,961,1419]
[0,440,593,712,764,961,1046,1239,1419]
[0,440,1046,1239,1419]
[0,440,593,712,1419]
[0,227,593,1419]
[0,440,961,1419]
[0,238,440,593,961,1046,1239,1419]
[0,440,593,1419]
[0,238,961,1419]
[0,232,763,961,1419]
[0,712,1419]
[0,232,532,763,961,1239,1419]
[0,961,1046,1419]
[0,961,1419]
[0,440,593,712,1046,1419]
[0,375,897,1419]
[0,712,1046,1419]
[0,593,1419]
[0,375,1419]
[0,440,1046,1419]
