[0,198,1911]
[0,198,433,589,784,964,1277,1504,1676,1911]
[0,198,433,1274,1665,1911]
[0,964,1911]
[0,198,433,1274,1911]
[0,198,433,589,964,1504,1682,1911]
[0,198,994,1504,1911]
[0,198,641,1911]
[0,198,433,1504,1665,1911]
[0,198,433,1504,1676,1911]
[0,964,1277,1676,1911]
[0,1504,1682,1911]
[0,964,1504,1682,1911]
[0,198,433,1504,1911]
[0,198,964,1504,1911]
[0,198,433,589,964,1277,1504,1676,1911]
[0,198,306,433,589,784,964,1277,1504,1676,1911]
[0,198,433,1504,1682,1911]
[0,198,433,964,1274,1504,1665,1911]
[0,433,964,1911]
[0,198,433,589,1504,1682,1911]
[0,641,1911]
[0,198,433,1277,1682,1911]
[0,198,433,1911]
[0,964,1274,1911]
[0,198,433,964,1277,1682,1911]
[0,198,433,964,1274,1665,1911]
[0,198,433,589,964,1504,1676,1911]
[0,198,433,1277,1911]
[0,1277,1676,1911]
[0,1277,1911]
[0,198,433,589,964,1277,1504,1682,1911]
[0,1274,1665,1911]
[0,198,433,964,1277,1504,1682,1911]
[0,964,1274,1665,1911]
[0,433,964,1274,1911]
[0,198,433,1277,1504,1676,1911]
[0,198,433,798,964,1274,1665,1911]
[0,198,433,964,1504,1665,1911]
[0,198,433,964,1504,1676,1911]
[0,1277,1682,1911]
[0,433,1277,1676,1911]
[0,198,306,433,589,964,1277,1504,1676,1911]
[0,198,1504,1911]
[0,433,1277,1682,1911]
[0,433,1274,1665,1911]
[0,964,1504,1911]
[0,198,433,1277,1504,1682,1911]
[0,641,1504,1911]
[0,1274,1911]
[0,433,964,1277,1676,1911]
[0,198,433,1277,1676,1911]
[0,198,433,964,1504,1682,1911]
[0,198,433,798,964,1504,1665,1911]
[0,433,1911]
[0,198,306,433,798,964,1274,1504,1665,1911]
[0,198,433,784,964,1277,1676,1911]
[0,433,1504,1911]
[0,994,1911]
[0,433,1277,1911]
[0,964,1277,1911]
[0,433,964,1504,1911]
[0,964,1277,1682,1911]
[0,198,433,964,1277,1504,1676,1911]
[0,994,1504,1911]
[0,433,964,1277,1682,1911]
[0,198,433,589,1504,1676,1911]
[0,198,433,964,1277,1676,1911]
[0,198,641,1504,1911]
[0,433,964,1277,1911]
[0,198,433,784,964,1277,1504,1676,1911]
[0,198,433,798,964,1504,1911]
[0,1504,1911]
[0,198,433,798,964,1274,1504,1665,1911]
[0,433,964,1274,1665,1911]
[0,433,1274,1911]
[0,198,433,964,1504,1911]
[0,198,964,1504,1682,1911]
