[0,117,670,1107,1454,2281,2812]
[0,117,670,1107,2281,2812]
[0,1144,2812]
[0,117,670,1144,1454,1934,2281,2545,2812]
[0,117,1144,1217,1454,1934,2281,2545,2812]
[0,1144,1454,1934,2281,2812]
[0,670,1107,1454,2281,2812]
[0,117,1107,1454,1934,2281,2812]
[0,117,2281,2812]
[0,670,1107,1454,2812]
[0,117,1144,1454,1934,2281,2545,2812]
[0,117,1144,1454,1934,2281,2812]
[0,117,1107,1454,2812]
[0,670,1107,2812]
[0,670,1144,1454,2812]
[0,670,1144,1454,1934,2281,2812]
[0,670,2812]
[0,117,670,1107,1454,1934,2281,2545,2812]
[0,117,670,1144,1454,1934,2281,2812]
[0,117,670,1144,1217,1454,1934,2281,2545,2812]
[0,117,670,1107,1217,1454,2281,2812]
[0,2281,2812]
[0,1107,1217,2812]
[0,1144,1454,2281,2812]
[0,670,1144,1454,2281,2812]
[0,670,1144,2281,2812]
[0,1107,1934,2281,2812]
[0,1144,1217,2281,2812]
[0,670,1107,1217,2812]
[0,670,1144,1454,1934,2281,2545,2812]
[0,117,670,1107,1454,1934,2281,2812]
[0,1107,2812]
[0,1217,2812]
[0,1454,1934,2281,2812]
[0,1144,1454,2812]
[0,1150,2281,2812]
[0,1107,2281,2812]
[0,117,670,1107,1217,2281,2812]
[0,1934,2281,2812]
[0,670,1107,1454,1934,2281,2545,2812]
[0,117,670,1144,1217,1454,1934,2281,2812]
[0,1150,1454,1934,2281,2812]
[0,1150,2812]
[0,117,1150,1454,2281,2812]
[0,1454,2281,2812]
[0,1454,2812]
[0,117,670,1107,1217,1454,1934,2281,2812]
[0,1150,1454,2281,2812]
[0,117,1144,1217,1454,1934,2281,2812]
[0,1107,1454,2281,2812]
[0,1144,2281,2812]
[0,117,670,1107,1217,1454,1934,2281,2545,2812]
[0,1144,1934,2281,2812]
[0,670,1107,2281,2812]
[0,117,1107,1454,2281,2812]
[0,117,1144,1454,2812]
[0,670,1107,1934,2281,2812]
[0,670,1144,2812]
[0,670,1107,1454,1934,2281,2812]
[0,1144,1217,2812]
[0,1107,1454,1934,2281,2812]
[0,1150,1454,2812]
[0,1107,1454,2812]
[0,117,1150,1454,1934,2281,2812]
[0,117,1144,1217,1454,2281,2812]
[0,1217,2281,2812]
[0,117,1144,1454,2281,2812]
[0,1144,1454,1934,2281,2545,2812]
[0,117,1144,2281,2812]
[0,117,1217,2281,2812]
[0,670,1107,1217,2281,2812]
[0,670,1144,1934,2281,2812]
[0,117,1144,1217,2281,2812]
[0,117,1150,1454,2812]
