[0,281,330,1046]
[0,101,330,850,979,1046]
[0,330,850,1046]
[0,281,330,774,1046]
[0,850,921,1046]
[0,101,198,850,1046]
[0,774,1046]
[0,101,198,850,979,1046]
[0,101,198,281,850,921,1046]
[0,101,198,281,330,850,921,1046]
[0,101,281,330,850,921,1046]
[0,281,774,1046]
[0,101,330,774,1046]
[0,101,850,1046]
[0,101,330,850,921,1046]
[0,850,1046]
[0,101,198,281,330,850,979,1046]
[0,281,850,979,1046]
[0,101,850,979,1046]
[0,281,330,850,1046]
[0,101,198,850,921,1046]
[0,101,330,1046]
[0,330,774,1046]
[0,101,198,281,850,1046]
[0,281,330,850,979,1046]
[0,101,1046]
[0,330,1046]
[0,101,198,281,850,921,979,1046]
[0,101,198,281,850,979,1046]
[0,281,850,1046]
[0,850,979,1046]
[0,101,330,850,1046]
[0,101,774,1046]
[0,101,281,330,850,979,1046]
[0,281,850,921,1046]
[0,101,198,281,330,850,921,979,1046]
[0,281,330,850,921,1046]
[0,101,850,921,1046]
[0,281,1046]
