[0,121,244,794,1002,1046]
[0,247,684,1046]
[0,171,284,794,1046]
[0,121,247,794,1046]
[0,121,171,284,601,794,1046]
[0,121,171,284,794,1002,1046]
[0,247,794,1046]
[0,284,684,1046]
[0,121,247,684,1046]
[0,171,794,1046]
[0,1002,1046]
[0,794,1002,1046]
[0,121,684,1046]
[0,247,1046]
[0,121,244,794,1046]
[0,121,794,1046]
[0,121,284,684,1046]
[0,121,171,1046]
[0,167,794,1046]
[0,121,171,794,1046]
[0,121,794,1002,1046]
[0,121,684,1002,1046]
[0,171,601,794,1046]
[0,451,794,1046]
[0,121,171,284,794,1046]
[0,121,1046]
[0,451,1046]
[0,121,171,794,1002,1046]
[0,684,1002,1046]
[0,121,247,684,1002,1046]
[0,121,451,794,1002,1046]
[0,601,794,1046]
[0,171,284,601,794,1046]
[0,121,171,284,601,794,1002,1046]
[0,244,794,1046]
[0,684,1046]
[0,121,451,794,1046]
[0,794,1046]
[0,121,247,1046]
[0,121,247,794,1002,1046]
