[0,195,316,393,540,831,921,1069,1249]
[0,195,316,540,831,1249]
[0,195,316,540,831,1069,1249]
[0,58,195,316,831,921,1249]
[0,195,540,831,1249]
[0,540,831,1249]
[0,540,921,1249]
[0,195,831,1249]
[0,195,316,1249]
[0,195,540,831,1069,1249]
[0,393,921,1249]
[0,195,316,540,831,921,1249]
[0,195,540,1249]
[0,195,316,831,1249]
[0,869,1249]
[0,195,540,835,1249]
[0,540,835,1249]
[0,195,316,540,831,921,1070,1249]
[0,195,316,540,831,1070,1249]
[0,195,316,831,921,1249]
[0,195,1249]
[0,831,1249]
[0,393,1249]
[0,58,195,316,540,831,921,1249]
[0,835,1249]
[0,58,195,316,540,831,921,1069,1249]
[0,195,316,540,869,1249]
[0,195,540,869,1249]
[0,540,1249]
[0,195,316,869,1249]
[0,195,316,540,831,921,1069,1249]
[0,540,869,1249]
[0,195,540,831,1070,1249]
[0,58,195,316,393,540,831,921,1069,1249]
[0,195,316,393,540,831,921,1249]
[0,195,869,1249]
[0,58,195,316,393,540,831,921,1249]
