[0,193,329,574,1046]
[0,193,329,770,1046]
[0,76,193,329,574,841,1046]
[0,193,410,574,848,1046]
[0,76,193,410,770,848,1046]
[0,193,841,1046]
[0,76,193,329,574,1046]
[0,193,410,574,1046]
[0,76,1046]
[0,329,1046]
[0,193,329,574,770,848,1046]
[0,329,574,848,1046]
[0,193,574,848,1046]
[0,76,193,329,574,770,848,1046]
[0,879,1046]
[0,193,329,770,841,1046]
[0,76,193,410,574,841,1046]
[0,193,410,574,841,1046]
[0,329,574,841,1046]
[0,193,574,841,1046]
[0,410,1046]
[0,193,410,770,848,1046]
[0,848,1046]
[0,410,574,848,1046]
[0,410,879,1046]
[0,410,848,1046]
[0,76,193,329,574,770,841,1046]
[0,841,1046]
[0,574,848,1046]
[0,193,770,848,1046]
[0,193,410,574,770,848,1046]
[0,770,848,1046]
[0,193,329,1046]
[0,76,193,329,1046]
[0,76,193,410,1046]
[0,76,193,848,1046]
[0,329,770,1046]
[0,574,1046]
[0,574,841,1046]
[0,131,329,574,841,1046]
[0,329,574,1046]
[0,76,193,329,574,848,1046]
[0,193,410,848,1046]
[0,76,193,410,574,770,848,1046]
[0,193,329,574,848,1046]
[0,193,410,1046]
[0,193,848,1046]
[0,193,329,574,841,1046]
[0,76,193,410,574,1046]
[0,193,1046]
[0,76,193,1046]
[0,410,574,1046]
[0,76,193,770,848,1046]
