[0,1059,1325,1829,2020]
[0,320,492,1078,1564,1829,1970,2020]
[0,320,492,570,786,1059,1325,1564,1829,2020]
[0,140,320,786,1078,1364,1970,2020]
[0,248,875,1325,1909,2020]
[0,320,786,1970,2020]
[0,320,786,1078,1564,1829,2020]
[0,320,1059,1325,2020]
[0,320,786,1059,1325,1564,1829,1970,2020]
[0,786,1325,2020]
[0,320,875,1325,1909,2020]
[0,1292,2020]
[0,320,492,570,1078,1564,1829,1970,2020]
[0,1564,1829,2020]
[0,320,492,786,1078,1564,1829,2020]
[0,320,492,570,1059,1325,1564,1829,2020]
[0,320,492,1564,1829,2020]
[0,1325,1970,2020]
[0,1829,2020]
[0,570,875,1325,2020]
[0,320,1059,1325,1909,2020]
[0,320,786,1059,1325,1564,2020]
[0,320,492,1059,1325,2020]
[0,320,1059,1325,1564,1829,2020]
[0,248,1059,1325,1909,2020]
[0,320,492,570,786,1078,1564,1829,1970,2020]
[0,248,875,1325,2020]
[0,320,492,570,1078,1564,1829,2020]
[0,248,786,1059,1325,1909,2020]
[0,140,320,786,1078,1564,2020]
[0,1078,2020]
[0,320,492,570,786,1059,1325,1564,1829,1970,2020]
[0,320,492,1059,1325,1564,1829,2020]
[0,786,1059,1325,2020]
[0,320,492,786,1059,1325,1564,1829,2020]
[0,248,2020]
[0,320,1909,2020]
[0,320,492,1059,1325,1829,2020]
[0,248,1325,1909,2020]
[0,1829,1970,2020]
[0,320,786,1059,1325,1829,1970,2020]
[0,320,492,1078,1564,2020]
[0,320,786,1059,1325,2020]
[0,320,1078,1564,2020]
[0,320,1078,1564,1970,2020]
[0,320,786,2020]
[0,320,1292,2020]
[0,320,1325,2020]
[0,875,1325,2020]
[0,320,1059,1325,1564,2020]
[0,320,786,1325,2020]
[0,320,1325,1909,2020]
[0,320,492,570,786,1078,1564,2020]
[0,1059,1325,1970,2020]
[0,1909,2020]
[0,248,570,875,1325,1909,2020]
[0,320,492,1078,1564,1829,2020]
[0,320,492,1564,2020]
[0,248,1325,2020]
[0,320,786,1059,1325,1564,1829,2020]
[0,320,875,1325,2020]
[0,248,570,875,1325,2020]
[0,1059,1325,1829,1970,2020]
[0,320,492,570,1059,1325,1564,1829,1970,2020]
[0,320,786,1078,1564,1970,2020]
[0,140,320,786,1078,1564,1970,2020]
[0,320,1564,1829,1970,2020]
[0,1059,1325,2020]
[0,320,492,1059,1325,1564,2020]
[0,1564,1829,1970,2020]
[0,320,786,1078,1970,2020]
[0,320,492,1059,1325,1829,1970,2020]
[0,320,1364,2020]
[0,320,1564,2020]
[0,1970,2020]
[0,786,2020]
[0,320,492,570,1059,1325,2020]
[0,1325,2020]
[0,320,1564,1970,2020]
[0,140,320,786,1078,1364,2020]
[0,320,786,1078,1364,1970,2020]
[0,320,786,1078,2020]
[0,320,1564,1829,2020]
[0,320,492,1059,1325,1564,1829,1970,2020]
[0,786,1364,2020]
[0,320,492,1564,1829,1970,2020]
[0,320,1078,1564,1829,1970,2020]
[0,320,786,1078,1364,2020]
[0,320,786,1078,1564,2020]
[0,248,786,1059,1325,2020]
[0,320,786,1078,1564,1829,1970,2020]
[0,320,786,1059,1325,1909,2020]
[0,1364,2020]
[0,320,1078,1564,1829,2020]
[0,320,1059,1325,1829,1970,2020]
[0,1564,2020]
[0,248,1909,2020]
[0,320,1059,1325,1829,2020]
[0,320,1078,1364,2020]
[0,248,1059,1325,2020]
[0,320,492,570,786,1078,1564,1829,2020]
[0,320,492,570,1078,1564,2020]
[0,320,1970,2020]
[0,320,492,786,1078,1564,2020]
[0,320,492,570,1059,1325,1564,2020]
[0,1078,1564,2020]
[0,320,2020]
[0,320,786,1059,1325,1829,2020]
