[0,222,412,1539,2003,2443,2742,2824]
[0,976,1512,2217,2824]
[0,222,412,1539,2003,2443,2824]
[0,347,760,1539,2003,2824]
[0,739,1539,2002,2824]
[0,222,1539,2824]
[0,222,1512,1682,2443,2824]
[0,347,760,1539,2003,2443,2824]
[0,2154,2824]
[0,739,2824]
[0,2002,2824]
[0,222,739,1512,2002,2217,2443,2824]
[0,760,2002,2824]
[0,347,1539,2003,2443,2824]
[0,222,739,1539,2217,2443,2824]
[0,739,1539,2824]
[0,222,1539,1682,2824]
[0,222,412,1539,2217,2443,2742,2824]
[0,1512,2217,2443,2824]
[0,222,1512,2824]
[0,222,1539,2003,2824]
[0,222,739,1539,2002,2217,2448,2824]
[0,222,739,1539,1682,2002,2217,2824]
[0,739,1539,2217,2824]
[0,222,1512,2002,2217,2443,2824]
[0,347,1539,2003,2443,2742,2824]
[0,222,1539,2217,2443,2824]
[0,976,1512,2824]
[0,222,739,1539,2448,2824]
[0,222,1539,2217,2443,2742,2824]
[0,222,1512,2217,2443,2824]
[0,739,976,1512,2217,2824]
[0,481,2002,2824]
[0,222,739,1539,2217,2824]
[0,1539,2003,2448,2824]
[0,347,760,1539,2824]
[0,222,739,2824]
[0,222,2002,2824]
[0,222,739,1539,1682,2824]
[0,760,1539,2003,2448,2824]
[0,222,739,976,1512,2217,2443,2824]
[0,222,1512,2217,2824]
[0,222,739,976,1512,2002,2217,2443,2824]
[0,222,739,2002,2742,2824]
[0,739,2002,2824]
[0,222,739,1539,2217,2448,2742,2824]
[0,347,1539,2824]
[0,1539,2003,2443,2824]
[0,1512,2443,2824]
[0,976,1512,2217,2443,2824]
[0,222,739,976,1512,1682,2002,2217,2443,2824]
[0,1539,2448,2824]
[0,222,739,1512,1682,2002,2217,2443,2824]
[0,347,760,1539,2003,2448,2824]
[0,1539,2003,2824]
[0,222,1512,1682,2002,2217,2443,2824]
[0,222,739,976,1512,1682,2002,2217,2443,2742,2824]
[0,739,976,1512,2824]
[0,222,1539,2217,2824]
[0,222,739,1539,2002,2824]
[0,1539,2217,2448,2824]
[0,347,760,2002,2824]
[0,222,412,1539,2217,2443,2824]
[0,481,2002,2448,2824]
[0,222,2002,2742,2824]
[0,222,739,1539,1682,2002,2217,2448,2824]
[0,739,976,1512,2217,2443,2824]
[0,222,739,1539,1682,2002,2217,2448,2742,2824]
[0,739,1512,2217,2443,2824]
[0,222,739,2002,2824]
[0,222,1512,1682,2002,2217,2443,2742,2824]
[0,222,739,1539,2217,2443,2742,2824]
[0,1539,2217,2443,2824]
[0,739,1512,2824]
[0,760,1539,2003,2824]
[0,739,1539,2448,2824]
[0,739,1539,2217,2448,2824]
[0,347,1539,2003,2824]
[0,222,739,1539,2002,2217,2824]
[0,347,760,1539,2003,2443,2742,2824]
[0,1512,2217,2824]
[0,222,739,1539,2824]
[0,222,1512,1682,2217,2443,2824]
[0,1539,2824]
[0,739,1512,2217,2824]
[0,760,2824]
[0,760,1539,2824]
[0,347,760,2824]
[0,739,1539,2217,2443,2824]
[0,1539,2217,2824]
[0,760,1539,2003,2443,2824]
[0,1539,1682,2824]
[0,222,1539,2003,2443,2742,2824]
[0,222,739,1539,1682,2002,2824]
[0,222,1512,1682,2824]
[0,222,1539,2003,2443,2824]
[0,1512,2824]
[0,222,739,1539,2742,2824]
[0,222,739,1512,2217,2443,2824]
[0,222,739,1512,1682,2002,2217,2443,2742,2824]
[0,222,1512,2443,2824]
[0,222,739,1539,2217,2448,2824]
[0,222,739,1539,2448,2742,2824]
