[0,920,1092,1837,2019]
[0,613,1092,1533,2019]
[0,357,613,1092,1533,2019]
[0,357,472,1533,1837,2019]
[0,357,472,920,1092,1533,1645,1837,2019]
[0,357,472,2019]
[0,357,472,920,1092,1533,1837,2019]
[0,357,472,920,1092,1242,1533,2019]
[0,357,472,920,1092,2019]
[0,223,1092,2019]
[0,1533,2019]
[0,472,2019]
[0,357,613,920,1092,1837,2019]
[0,472,1837,2019]
[0,357,1092,1533,2019]
[0,223,613,920,1092,1837,2019]
[0,357,472,920,1092,1533,1645,2019]
[0,1092,1837,2019]
[0,357,557,920,1092,1837,2019]
[0,357,557,920,2019]
[0,472,920,1092,1645,2019]
[0,472,1092,1645,2019]
[0,223,1092,1533,1837,2019]
[0,223,613,920,1092,1242,1533,1837,2019]
[0,472,1092,1594,2019]
[0,223,920,1092,1242,1533,1645,1837,2019]
[0,223,920,1092,1837,2019]
[0,357,1092,2019]
[0,357,472,920,1092,1242,1533,1645,2019]
[0,223,920,1092,1242,1837,2019]
[0,472,920,1092,1242,2019]
[0,920,1092,1242,1533,1837,2019]
[0,472,1092,2019]
[0,357,557,1533,2019]
[0,357,613,1092,1533,1837,2019]
[0,472,920,1092,1242,1837,2019]
[0,357,557,1092,1533,1837,2019]
[0,920,1092,1242,1837,2019]
[0,357,472,920,1092,1837,2019]
[0,472,920,2019]
[0,472,920,1092,1242,1533,1837,2019]
[0,920,1092,1242,1533,1645,1837,2019]
[0,920,1533,2019]
[0,472,920,1092,2019]
[0,613,1092,1837,2019]
[0,357,472,920,1092,1645,2019]
[0,223,613,1092,1533,2019]
[0,1837,2019]
[0,223,613,920,1092,1242,1533,1645,1837,2019]
[0,357,557,1092,2019]
[0,357,557,1092,1837,2019]
[0,357,613,1092,1837,2019]
[0,920,1092,1533,2019]
[0,357,1533,2019]
[0,357,472,920,1092,1242,2019]
[0,357,613,1092,2019]
[0,472,920,1092,1837,2019]
[0,357,557,1533,1837,2019]
[0,472,1092,1837,2019]
[0,357,557,1092,1533,2019]
[0,920,1092,1533,1645,2019]
[0,223,920,1092,1533,1837,2019]
[0,1533,1837,2019]
[0,223,613,1092,2019]
[0,920,1092,1645,2019]
[0,357,472,920,1092,1242,1533,1837,2019]
[0,557,920,2019]
[0,357,1092,1837,2019]
[0,920,1533,1837,2019]
[0,529,2019]
[0,920,1092,2019]
[0,357,557,920,1092,1242,1837,2019]
[0,223,613,920,1092,1533,1837,2019]
[0,472,920,1092,1533,2019]
[0,557,920,1092,2019]
[0,472,920,1092,1533,1837,2019]
[0,223,1092,1837,2019]
[0,357,557,920,1092,2019]
[0,920,1092,1242,2019]
[0,1092,1533,1837,2019]
[0,472,920,1533,2019]
[0,223,613,920,1092,1242,1837,2019]
[0,1092,2019]
[0,357,557,2019]
[0,557,2019]
[0,223,1092,1533,2019]
[0,472,920,1533,1837,2019]
[0,357,557,1837,2019]
[0,357,472,920,1092,1242,1533,1645,1837,2019]
[0,1092,1533,2019]
[0,357,1092,1533,1837,2019]
[0,223,920,1092,1242,1533,1837,2019]
[0,1092,1645,2019]
[0,357,472,1837,2019]
[0,613,920,1092,1837,2019]
[0,613,1092,2019]
[0,357,1533,1837,2019]
[0,357,613,920,1092,1533,1837,2019]
[0,920,2019]
[0,223,613,1092,1533,1837,2019]
[0,920,1092,1242,1533,2019]
[0,920,1092,1242,1533,1645,2019]
[0,223,613,1092,1837,2019]
[0,920,1092,1533,1837,2019]
[0,357,472,920,1092,1242,1837,2019]
[0,472,920,1092,1242,1533,2019]
