[0,319,658,791,1046]
[0,215,303,349,658,791,1046]
[0,215,303,658,791,1046]
[0,303,658,791,1046]
[0,349,658,1046]
[0,303,388,658,1046]
[0,215,388,658,791,1046]
[0,215,349,658,791,1046]
[0,215,388,658,1046]
[0,215,349,658,1046]
[0,215,303,658,1046]
[0,658,1046]
[0,658,791,1046]
[0,303,349,1046]
[0,303,388,658,791,1046]
[0,388,658,791,1046]
[0,303,658,1046]
[0,349,658,791,1046]
[0,215,303,388,658,791,1046]
[0,171,215,303,349,658,791,1046]
[0,388,658,1046]
[0,171,215,303,388,658,791,1046]
[0,303,388,1046]
[0,303,1046]
[0,303,349,658,791,1046]
[0,303,349,658,1046]
[0,319,658,1046]
[0,215,319,658,1046]
[0,303,791,1046]
