[0,408,702,1158,1754,2499,2554]
[0,247,1224,1476,1754,2554]
[0,247,1291,1754,2554]
[0,408,1723,2554]
[0,1158,1754,2554]
[0,247,430,1291,1754,2499,2554]
[0,430,2554]
[0,430,1224,1754,2499,2554]
[0,430,1224,1754,2554]
[0,247,430,1224,1476,1754,2499,2554]
[0,408,1311,2554]
[0,430,1224,1476,1754,2554]
[0,408,919,2554]
[0,408,702,2499,2554]
[0,635,1805,2554]
[0,1158,2554]
[0,1224,2554]
[0,1805,2554]
[0,408,702,919,1158,1754,2499,2554]
[0,247,1291,1754,2499,2554]
[0,247,430,1224,1476,1754,2554]
[0,247,430,1291,1754,2554]
[0,408,702,1224,1723,2554]
[0,1754,2554]
[0,430,1224,1476,1754,2499,2554]
[0,408,919,1754,2554]
[0,1723,2554]
[0,1291,1754,2554]
[0,408,702,1158,1754,2554]
[0,408,702,1311,1754,2554]
[0,247,1224,1476,1754,2499,2554]
[0,919,1754,2554]
[0,408,702,1224,1723,2499,2554]
[0,1224,1476,1754,2554]
[0,408,1311,1754,2554]
[0,431,1110,2554]
[0,1110,2554]
[0,408,702,1224,2554]
[0,249,430,1224,1476,1754,2499,2554]
[0,1476,1754,2554]
[0,431,2554]
[0,1311,2554]
[0,408,702,919,1158,1754,2554]
[0,408,1158,2554]
[0,430,1224,2554]
[0,408,1224,2554]
[0,247,1476,1754,2554]
[0,1311,1754,2554]
[0,247,1476,1754,2499,2554]
[0,431,1158,2554]
[0,408,1311,1754,2499,2554]
[0,408,702,1311,1754,2499,2554]
[0,408,702,2554]
[0,1224,1754,2554]
[0,408,702,1723,2554]
[0,431,1110,2145,2554]
[0,1291,2554]
[0,249,430,1224,1476,1754,2554]
[0,919,2554]
[0,408,1224,1723,2554]
[0,408,702,1723,2499,2554]
[0,408,1158,1754,2499,2554]
[0,1224,1723,2554]
[0,408,2554]
[0,408,1158,1754,2554]
