[0,490,615,997]
[0,212,526,704,837,997]
[0,286,427,490,615,997]
[0,212,704,997]
[0,224,704,997]
[0,212,427,526,704,997]
[0,212,427,490,704,837,997]
[0,490,615,704,837,997]
[0,286,490,704,997]
[0,224,490,704,837,997]
[0,270,427,490,615,997]
[0,270,490,615,704,997]
[0,270,427,490,615,704,997]
[0,212,526,704,997]
[0,427,526,704,997]
[0,615,997]
[0,490,704,837,997]
[0,490,707,997]
[0,224,427,490,704,837,997]
[0,286,490,615,704,837,997]
[0,490,615,704,997]
[0,270,490,615,704,837,997]
[0,224,427,490,704,997]
[0,212,490,704,837,997]
[0,490,704,997]
[0,212,490,704,997]
[0,427,490,615,997]
[0,526,704,837,997]
[0,707,997]
[0,270,490,704,997]
[0,270,490,704,837,997]
[0,212,427,490,704,997]
[0,270,427,490,704,997]
[0,286,427,490,704,997]
[0,286,490,704,837,997]
[0,224,544,704,837,997]
[0,286,490,615,997]
[0,212,427,526,704,837,997]
[0,286,490,615,704,997]
[0,270,704,997]
[0,286,427,490,615,704,997]
[0,270,427,490,704,837,997]
[0,286,427,490,704,837,997]
[0,224,544,704,997]
[0,224,427,544,704,837,997]
[0,212,704,837,997]
[0,270,427,490,615,704,837,997]
[0,704,997]
[0,286,427,490,615,704,837,997]
[0,526,704,997]
[0,286,615,997]
[0,224,704,837,997]
[0,270,490,615,997]
[0,224,490,704,997]
[0,427,490,704,997]
[0,270,615,997]
