[0,686,1425,2824]
[0,822,2096,2824]
[0,822,1375,2824]
[0,822,1408,2824]
[0,2096,2824]
[0,822,1408,2096,2824]
[0,822,1408,1624,2824]
[0,822,1375,1624,2096,2541,2824]
[0,1375,2824]
[0,1408,2824]
[0,686,1408,2824]
[0,686,2824]
[0,822,1375,2096,2824]
[0,1375,1624,2096,2541,2824]
[0,1408,2096,2824]
[0,822,1624,2096,2541,2824]
[0,822,2541,2824]
[0,686,1408,2096,2824]
[0,822,1624,2096,2824]
[0,1375,1425,2824]
[0,2096,2541,2824]
[0,822,2824]
[0,1425,2824]
[0,822,2096,2541,2824]
[0,1375,2096,2824]
[0,1375,2096,2541,2824]
