[0,980,3749,4758]
[0,2833,3742,4253,4758]
[0,992,1921,3742,4758]
[0,184,1007,1921,2833,3207,3742,4758]
[0,184,992,3742,4253,4758]
[0,184,1007,2583,2833,3207,3742,4253,4696,4758]
[0,184,992,1921,2866,3742,4253,4758]
[0,184,1007,1921,4758]
[0,1007,2583,2833,3207,3742,4253,4758]
[0,1921,4758]
[0,1007,1921,2833,3207,3742,4758]
[0,992,3742,4758]
[0,992,1921,2833,3742,4253,4758]
[0,992,1921,2833,3742,4758]
[0,184,1007,2833,3742,4641,4758]
[0,184,4758]
[0,184,1007,2833,3742,4696,4758]
[0,992,1921,2866,3742,4253,4758]
[0,184,1007,1921,2833,3742,4696,4758]
[0,184,1007,2833,3742,4758]
[0,184,1007,2583,2833,3742,4253,4758]
[0,992,2866,3742,4758]
[0,184,992,1921,2833,3742,4253,4696,4758]
[0,1007,2912,3742,4758]
[0,184,992,2833,3742,4253,4758]
[0,3749,4758]
[0,1007,2833,3207,3742,4253,4758]
[0,184,1007,3742,4641,4758]
[0,992,2866,3742,4253,4758]
[0,2833,4758]
[0,992,1921,2866,3742,4758]
[0,1007,1921,2833,3742,4253,4758]
[0,184,1007,1921,2833,3742,4253,4758]
[0,1007,2833,3742,4253,4758]
[0,184,1007,3742,4758]
[0,3742,4758]
[0,184,1007,3742,4253,4758]
[0,184,1007,2912,3742,4641,4758]
[0,184,1007,1921,2833,3207,3742,4253,4758]
[0,1007,2583,2833,3742,4253,4758]
[0,1007,1921,4758]
[0,1007,1921,2833,3207,3742,4253,4758]
[0,1007,2833,3742,4758]
[0,184,1007,1921,2833,3207,3742,4253,4696,4758]
[0,184,1921,3207,4758]
[0,184,3207,4758]
[0,992,2833,3742,4758]
[0,1007,1921,2833,3742,4758]
[0,2833,3742,4758]
[0,184,1007,1921,2833,3742,4253,4696,4758]
[0,3742,4253,4758]
[0,1048,3478,4758]
[0,184,992,2866,3742,4253,4758]
[0,928,4758]
[0,1007,4758]
[0,184,1007,1921,2833,3742,4641,4758]
[0,928,1921,4758]
[0,184,992,1921,2833,3742,4253,4758]
[0,184,2833,3742,4758]
[0,1007,3742,4253,4758]
[0,184,1007,2833,3742,4253,4758]
[0,1007,3742,4758]
[0,184,1007,1921,2833,3207,3742,4696,4758]
[0,3478,4758]
[0,184,1007,4758]
[0,992,3742,4253,4758]
[0,1921,2833,4758]
[0,184,1007,1921,2833,3742,4758]
[0,3207,4758]
[0,184,1007,2912,3742,4758]
[0,1921,3207,4758]
[0,992,2833,3742,4253,4758]
[0,1007,1921,3742,4758]
[0,184,1007,2583,2833,3207,3742,4253,4758]
[0,184,992,1921,2866,3742,4253,4696,4758]
