[0,111,307,590,732,922]
[0,111,358,439,590,732,838,922]
[0,111,307,358,439,500,590,732,838,922]
[0,111,307,358,439,590,732,838,922]
[0,500,922]
[0,111,307,500,590,674,838,922]
[0,111,307,500,922]
[0,111,307,358,590,732,838,922]
[0,111,590,674,838,922]
[0,590,732,922]
[0,111,838,922]
[0,590,922]
[0,111,307,500,674,838,922]
[0,111,732,922]
[0,307,500,674,922]
[0,111,439,500,590,732,838,922]
[0,111,590,732,838,922]
[0,111,307,590,922]
[0,111,307,500,838,922]
[0,307,590,732,922]
[0,111,732,838,922]
[0,307,674,922]
[0,111,358,439,500,590,732,838,922]
[0,111,590,684,838,922]
[0,111,439,590,732,838,922]
[0,111,439,590,732,922]
[0,111,590,684,922]
[0,439,590,732,922]
[0,307,922]
[0,307,500,922]
[0,111,307,500,674,922]
[0,111,307,590,732,838,922]
[0,732,922]
[0,111,590,922]
[0,111,307,590,838,922]
[0,111,590,838,922]
[0,111,500,922]
[0,307,590,922]
[0,111,590,732,922]
[0,111,922]
[0,439,590,922]
[0,111,307,590,674,838,922]
[0,111,500,838,922]
