[0,557,917,1238,1632]
[0,332,917,1238,1632]
[0,327,1632]
[0,917,1238,1571,1632]
[0,383,557,765,917,1632]
[0,327,383,557,765,917,1238,1632]
[0,383,557,917,1238,1632]
[0,332,557,917,1238,1632]
[0,91,332,557,917,1238,1632]
[0,327,383,557,765,917,1632]
[0,91,332,917,1238,1571,1632]
[0,332,383,557,765,917,1238,1571,1632]
[0,383,557,1632]
[0,332,557,1238,1632]
[0,327,557,1238,1632]
[0,332,383,557,765,917,1632]
[0,383,557,765,1238,1632]
[0,332,383,557,765,917,1238,1632]
[0,383,557,765,917,1238,1571,1632]
[0,109,332,557,765,917,1238,1571,1632]
[0,327,557,765,1238,1632]
[0,327,383,557,1632]
[0,327,383,1632]
[0,332,557,765,917,1238,1571,1632]
[0,332,383,1632]
[0,332,1369,1632]
[0,557,1571,1632]
[0,383,557,917,1238,1571,1632]
[0,557,1632]
[0,332,557,765,1238,1632]
[0,917,1238,1632]
[0,557,765,917,1238,1632]
[0,557,765,917,1632]
[0,91,332,557,765,917,1238,1571,1632]
[0,557,765,1238,1632]
[0,91,332,557,765,917,1238,1632]
[0,91,327,383,557,765,917,1238,1571,1632]
[0,91,327,557,765,917,1238,1632]
[0,327,557,765,917,1238,1571,1632]
[0,332,917,1369,1632]
[0,109,332,383,557,765,917,1238,1571,1632]
[0,557,765,1632]
[0,383,557,1238,1632]
[0,383,557,765,917,1238,1632]
[0,332,917,1632]
[0,332,1632]
[0,91,332,557,917,1238,1571,1632]
[0,557,1238,1632]
[0,327,557,765,917,1238,1632]
[0,327,383,557,765,1632]
[0,327,383,557,765,917,1238,1571,1632]
[0,332,917,1238,1571,1632]
[0,557,1238,1571,1632]
[0,383,557,765,1632]
[0,383,557,1238,1571,1632]
[0,109,332,557,765,917,1238,1632]
[0,91,332,917,1238,1632]
[0,332,383,557,1632]
[0,557,765,917,1238,1571,1632]
[0,91,327,557,765,917,1238,1571,1632]
[0,332,1238,1632]
[0,917,1632]
[0,332,557,765,917,1238,1632]
[0,1238,1632]
[0,917,1369,1632]
[0,332,383,557,765,1632]
