[0,301,2019]
[0,1540,2019]
[0,907,1540,2019]
[0,413,2019]
[0,301,1540,2019]
[0,413,771,1910,2019]
[0,301,413,2019]
[0,301,413,771,907,972,1540,1717,1910,2019]
[0,907,1540,1910,2019]
[0,301,413,771,903,997,1540,1717,1910,2019]
[0,883,1540,1910,2019]
[0,413,771,1540,2019]
[0,413,771,907,1540,1717,1910,2019]
[0,413,1540,1717,2019]
[0,301,413,771,907,972,1540,1717,2019]
[0,238,301,413,1540,1717,2019]
[0,301,413,771,903,1540,1717,2019]
[0,238,301,413,1717,2019]
[0,413,771,2019]
[0,883,1540,2019]
[0,413,771,907,1910,2019]
[0,413,1717,2019]
[0,238,301,413,771,907,1540,1717,2019]
[0,1540,1717,2019]
[0,413,771,907,1540,1717,2019]
[0,883,2019]
[0,301,413,771,907,1540,1717,1910,2019]
[0,238,301,413,2019]
[0,238,2019]
[0,413,1540,1910,2019]
[0,413,771,907,1540,2019]
[0,301,413,1540,1717,2019]
[0,1717,2019]
[0,238,301,413,771,907,972,1540,1717,2019]
[0,907,2019]
[0,238,301,413,771,903,1540,1717,2019]
[0,413,1910,2019]
[0,413,771,1540,1717,2019]
[0,301,413,771,903,1540,1717,1910,2019]
[0,238,301,413,771,903,997,1540,1717,1910,2019]
[0,238,301,413,771,1540,1717,2019]
[0,238,301,413,771,907,972,1540,1717,1910,2019]
[0,1540,1910,2019]
[0,1910,2019]
[0,238,301,413,771,907,1540,1717,1910,2019]
[0,301,413,1717,2019]
[0,413,771,1717,2019]
[0,238,301,413,771,903,1540,1717,1910,2019]
[0,413,771,907,2019]
[0,301,413,771,1540,1717,2019]
[0,413,771,903,1540,1717,2019]
[0,413,771,907,1540,1910,2019]
[0,238,301,2019]
[0,413,1540,2019]
[0,301,413,771,907,1540,1717,2019]
