[0,244,372,467,571,969]
[0,409,969]
[0,409,467,882,969]
[0,244,409,467,882,969]
[0,372,467,882,969]
[0,882,969]
[0,409,882,969]
[0,244,372,467,969]
[0,467,969]
[0,372,571,969]
[0,244,372,467,882,969]
[0,161,969]
[0,161,244,409,882,969]
[0,244,372,467,571,882,969]
[0,161,467,969]
[0,409,467,969]
[0,244,372,571,969]
[0,161,244,372,467,571,882,969]
[0,467,882,969]
[0,244,372,969]
[0,161,467,882,969]
[0,244,409,882,969]
[0,244,409,969]
[0,372,969]
[0,161,244,372,467,882,969]
[0,372,467,969]
[0,161,244,409,467,882,969]
