[0,107,654,738,985,1046]
[0,107,985,1046]
[0,107,654,738,893,985,1046]
[0,654,738,1046]
[0,313,633,738,1046]
[0,107,630,738,985,1046]
[0,313,475,654,893,1046]
[0,107,313,475,654,893,1046]
[0,107,654,893,1046]
[0,107,313,475,654,1046]
[0,475,654,893,1046]
[0,313,985,1046]
[0,107,313,475,654,738,893,1046]
[0,107,475,654,1046]
[0,738,1046]
[0,107,738,1046]
[0,313,738,985,1046]
[0,313,400,633,738,1046]
[0,107,633,738,1046]
[0,107,654,1046]
[0,107,475,654,738,893,1046]
[0,107,313,1046]
[0,475,654,1046]
[0,313,738,1046]
[0,107,475,654,738,1046]
[0,107,475,654,738,893,985,1046]
[0,107,630,738,1046]
[0,107,313,475,1046]
[0,107,475,654,738,985,1046]
[0,654,1046]
[0,630,1046]
[0,107,416,475,654,738,893,985,1046]
[0,313,1046]
[0,107,313,633,738,1046]
[0,107,313,475,654,738,985,1046]
[0,107,313,738,985,1046]
[0,107,313,475,654,738,893,985,1046]
[0,313,654,1046]
[0,633,738,1046]
[0,107,313,475,654,738,1046]
[0,654,893,1046]
[0,633,738,985,1046]
[0,107,738,985,1046]
[0,107,654,738,1046]
[0,107,313,400,633,738,985,1046]
[0,654,738,985,1046]
[0,313,633,738,985,1046]
[0,313,753,1046]
[0,630,738,985,1046]
[0,630,738,1046]
[0,107,416,475,654,738,985,1046]
[0,107,313,985,1046]
[0,107,654,738,893,1046]
[0,313,475,1046]
[0,313,475,654,1046]
[0,107,313,738,1046]
[0,313,400,633,738,985,1046]
[0,107,313,400,633,738,1046]
[0,633,1046]
[0,107,1046]
[0,107,475,654,893,1046]
