[0,624,1582,2019]
[0,158,2019]
[0,624,815,1582,2019]
[0,298,707,1285,1858,2019]
[0,298,624,1264,2019]
[0,624,2019]
[0,815,1642,2019]
[0,298,707,1190,1642,2019]
[0,298,815,1582,2019]
[0,298,707,1858,2019]
[0,158,298,1642,2019]
[0,624,707,2019]
[0,603,1523,2019]
[0,158,298,707,1190,1642,2019]
[0,624,815,2019]
[0,624,1264,2019]
[0,158,624,707,2019]
[0,298,707,1642,2019]
[0,707,1642,2019]
[0,158,603,2019]
[0,158,298,624,707,1642,2019]
[0,603,2019]
[0,158,603,707,2019]
[0,1642,2019]
[0,158,298,815,1642,2019]
[0,1523,2019]
[0,1285,2019]
[0,298,707,1582,2019]
[0,707,1582,2019]
[0,624,1264,1642,2019]
[0,158,298,603,707,1642,2019]
[0,298,624,815,1582,2019]
[0,298,1523,2019]
[0,158,624,2019]
[0,298,815,1642,2019]
[0,158,298,624,815,1642,2019]
[0,1190,2019]
[0,298,1582,2019]
[0,158,298,624,707,2019]
[0,158,298,2019]
[0,603,707,2019]
[0,298,1264,1858,2019]
[0,815,1582,2019]
[0,158,298,624,707,1190,1264,1642,2019]
[0,298,624,1264,1858,2019]
[0,298,624,1264,1642,2019]
[0,1264,2019]
[0,158,298,707,2019]
[0,707,1190,1642,2019]
[0,298,1264,1642,2019]
[0,298,2019]
[0,158,298,603,707,1190,1642,2019]
[0,815,2019]
[0,707,2019]
[0,158,298,707,1642,2019]
[0,707,1523,2019]
[0,298,1264,2019]
[0,158,298,603,707,2019]
[0,1190,1642,2019]
[0,158,298,624,707,1190,1642,2019]
[0,298,707,2019]
[0,1264,1642,2019]
[0,624,1642,2019]
[0,624,815,1642,2019]
[0,298,707,1523,2019]
[0,298,624,815,1642,2019]
[0,298,707,1285,2019]
[0,707,1285,2019]
[0,707,1190,2019]
[0,298,1642,2019]
[0,158,624,815,1642,2019]
[0,158,298,603,707,1190,1264,1642,2019]
[0,1582,2019]
