[0,275,1228,1913,4758]
[0,526,1913,4758]
[0,1054,1913,4758]
[0,1913,3575,4758]
[0,1054,1913,3575,3871,4758]
[0,1054,1555,1913,3575,4758]
[0,1054,1555,3575,4758]
[0,1913,4758]
[0,1054,1555,1913,3575,3871,4758]
[0,1764,3871,4758]
[0,1555,4758]
[0,1228,1913,4758]
[0,1228,1913,3135,4758]
[0,1054,1555,1913,4758]
[0,1054,1578,1913,4758]
[0,1555,3575,4758]
[0,1054,1578,1913,3575,3871,4758]
[0,1054,1555,4758]
[0,275,1228,1913,3135,4758]
[0,1054,1913,3575,4758]
[0,1764,4758]
[0,1054,1578,1913,3575,4758]
[0,1913,3135,4758]
[0,526,1913,3575,4758]
