[0,986,1734,2020]
[0,105,341,588,1227,1486,1734,1854,2020]
[0,352,1007,1486,1854,2020]
[0,341,1227,1486,2020]
[0,341,1007,1486,1734,1854,2020]
[0,1227,1486,1721,1854,2020]
[0,352,1007,1854,2020]
[0,352,588,1227,1486,1734,1854,2020]
[0,1227,1486,1792,2020]
[0,352,588,1227,1486,1734,2020]
[0,341,1227,1486,1721,1854,2020]
[0,105,1227,1486,1721,1854,2020]
[0,105,341,1227,1486,1721,1854,2020]
[0,105,1227,1486,1734,1854,2020]
[0,352,1007,2020]
[0,352,588,1227,1486,1792,1854,2020]
[0,1227,1486,1792,1854,2020]
[0,1721,2020]
[0,341,1007,1486,1792,2020]
[0,1227,1486,1734,2020]
[0,1227,1486,2020]
[0,341,588,1227,1486,1721,1854,2020]
[0,341,588,1227,1486,1734,1854,2020]
[0,352,1227,1486,1792,2020]
[0,1734,2020]
[0,341,1007,2020]
[0,1486,1734,2020]
[0,105,1007,1486,1734,1854,2020]
[0,1227,1486,1734,1854,2020]
[0,1007,2020]
[0,341,1227,1486,1734,2020]
[0,1007,1486,1734,2020]
[0,341,1227,2020]
[0,352,1227,1486,1734,1854,2020]
[0,105,341,588,1227,1486,1721,1854,2020]
[0,1007,1486,2020]
[0,105,341,1227,1486,1734,1854,2020]
[0,352,588,1227,1486,2020]
[0,352,1227,1486,1734,2020]
[0,105,341,1007,1486,1792,2020]
[0,1854,2020]
[0,341,588,1227,1486,2020]
[0,1792,2020]
[0,1486,2020]
[0,1486,1721,1854,2020]
[0,1007,1486,1734,1854,2020]
[0,341,588,1227,1486,1721,2020]
[0,1486,1734,1854,2020]
[0,352,1227,1486,1792,1854,2020]
[0,1792,1854,2020]
[0,341,1007,1486,2020]
[0,1486,1792,2020]
[0,341,588,1227,1486,1734,2020]
[0,352,1227,1486,2020]
[0,986,2020]
[0,1227,1486,1721,2020]
[0,105,1007,1486,1792,2020]
[0,1007,1486,1792,1854,2020]
[0,341,2020]
[0,1007,1486,1792,2020]
[0,341,1734,2020]
[0,341,1007,1734,2020]
[0,1486,1792,1854,2020]
[0,352,1007,1486,2020]
[0,352,1227,2020]
[0,1486,1721,2020]
[0,352,588,1227,1486,1792,2020]
[0,341,1007,1486,1734,2020]
[0,105,341,1007,1486,1734,1854,2020]
[0,1007,1854,2020]
[0,341,1227,1486,1721,2020]
[0,1721,1854,2020]
[0,1227,2020]
[0,341,1227,1486,1734,1854,2020]
[0,1734,1854,2020]
