[0,147,481,615,855,1046]
[0,76,147,401,568,615,1046]
[0,440,615,1046]
[0,76,147,307,363,478,615,1046]
[0,481,615,855,1046]
[0,147,478,615,1046]
[0,76,351,440,615,783,1046]
[0,147,307,481,615,855,1046]
[0,147,401,615,855,1046]
[0,76,147,401,568,615,855,984,1046]
[0,351,440,615,783,1046]
[0,147,364,919,1046]
[0,363,478,615,1046]
[0,147,481,615,855,984,1046]
[0,147,401,615,783,984,1046]
[0,481,615,855,984,1046]
[0,76,147,401,568,615,984,1046]
[0,76,147,351,440,783,975,1046]
[0,147,440,783,975,1046]
[0,76,147,440,783,1046]
[0,481,615,1046]
[0,440,783,1046]
[0,147,307,401,481,615,783,1046]
[0,147,307,1046]
[0,76,185,478,615,1046]
[0,147,307,481,615,783,1046]
[0,147,401,1046]
[0,147,307,401,615,783,1046]
[0,147,401,615,783,1046]
[0,440,615,783,1046]
[0,307,615,1046]
[0,440,1046]
[0,76,147,401,783,984,1046]
[0,76,351,440,783,1046]
[0,76,147,401,615,1046]
[0,401,615,783,1046]
[0,185,307,478,615,1046]
[0,147,307,401,481,615,855,1046]
[0,363,478,615,912,986,1046]
[0,147,307,615,1046]
[0,147,401,783,1046]
[0,147,307,401,615,855,1046]
[0,76,147,481,615,855,984,1046]
[0,76,351,440,615,783,975,1046]
[0,76,147,401,615,855,1046]
[0,401,615,1046]
[0,401,615,855,1046]
[0,76,351,440,615,1046]
[0,147,401,783,984,1046]
[0,478,615,1046]
[0,481,783,1046]
[0,76,147,307,478,615,912,986,1046]
[0,147,307,481,615,1046]
[0,147,307,478,615,1046]
[0,76,147,478,615,912,1046]
[0,147,364,615,1046]
[0,76,147,401,615,855,984,1046]
[0,76,185,478,615,912,1046]
[0,307,615,783,1046]
[0,76,147,307,478,615,912,1046]
[0,481,855,1046]
[0,76,147,401,615,984,1046]
[0,76,147,401,1046]
[0,76,147,401,783,1046]
[0,307,481,783,1046]
[0,76,147,307,481,615,855,1046]
[0,147,307,783,1046]
[0,307,363,478,615,1046]
[0,185,478,1046]
[0,364,919,1046]
[0,783,1046]
[0,147,364,615,919,1046]
[0,147,481,855,1046]
[0,147,481,615,1046]
[0,147,1046]
[0,401,783,1046]
[0,147,440,783,1046]
[0,147,478,1046]
[0,364,615,1046]
[0,147,307,401,615,783,984,1046]
[0,76,185,478,615,912,986,1046]
[0,185,307,478,615,912,1046]
[0,147,307,401,615,1046]
[0,76,147,481,615,984,1046]
[0,481,1046]
[0,919,1046]
[0,364,1046]
[0,363,478,615,912,1046]
[0,185,478,615,1046]
[0,147,307,401,481,615,783,855,1046]
[0,76,351,440,783,975,1046]
[0,76,147,307,363,478,615,912,1046]
[0,481,615,984,1046]
[0,440,783,975,1046]
[0,147,401,615,1046]
[0,76,147,481,615,1046]
[0,351,440,615,1046]
[0,440,615,783,975,1046]
[0,76,185,307,363,478,615,912,986,1046]
[0,147,307,615,855,1046]
[0,147,307,481,615,855,984,1046]
[0,76,185,307,478,615,912,1046]
[0,671,1046]
[0,76,147,307,401,615,855,1046]
[0,401,783,984,1046]
[0,351,671,1046]
[0,147,307,478,615,912,1046]
[0,76,147,401,615,783,1046]
[0,76,147,307,363,478,615,912,986,1046]
[0,147,307,363,478,615,1046]
[0,76,147,307,401,615,783,984,1046]
[0,440,615,919,1046]
[0,351,440,615,783,975,1046]
[0,307,1046]
[0,76,185,307,363,478,568,615,912,986,1046]
[0,478,615,912,986,1046]
[0,76,185,307,478,615,1046]
[0,307,363,478,615,912,1046]
[0,76,147,307,478,615,1046]
[0,76,147,307,401,615,855,984,1046]
[0,615,1046]
[0,76,147,307,481,615,1046]
[0,185,307,478,615,912,986,1046]
[0,351,440,783,1046]
[0,76,147,307,401,615,783,1046]
[0,76,147,351,440,615,783,975,1046]
[0,147,478,615,912,1046]
[0,307,783,1046]
[0,185,478,615,912,1046]
[0,307,363,478,615,912,986,1046]
[0,351,440,783,975,1046]
[0,76,147,307,401,568,615,855,984,1046]
[0,401,1046]
[0,478,1046]
[0,147,481,1046]
[0,76,185,307,478,615,912,986,1046]
[0,147,307,401,481,615,855,984,1046]
[0,76,147,401,615,783,984,1046]
[0,76,147,478,615,1046]
[0,76,147,481,615,855,1046]
[0,185,307,363,478,615,912,986,1046]
[0,185,478,615,912,986,1046]
[0,147,364,1046]
[0,307,615,855,1046]
[0,307,919,1046]
[0,478,615,912,1046]
[0,76,147,307,401,615,1046]
[0,147,307,481,783,1046]
[0,76,147,478,615,912,986,1046]
[0,76,147,440,783,975,1046]
[0,147,307,401,481,615,783,855,984,1046]
[0,76,147,307,481,615,855,984,1046]
