[0,393,3155,4285]
[0,393,4141,4285]
[0,4212,4285]
[0,393,1870,2315,2778,3155,4212,4285]
[0,2315,4285]
[0,393,1870,4212,4285]
[0,393,1870,2315,4285]
[0,393,1870,2778,3155,4285]
[0,381,1870,3292,4212,4285]
[0,1870,4285]
[0,1870,2315,4285]
[0,3292,4285]
[0,1870,3292,4285]
[0,393,1870,2778,3155,4212,4285]
[0,381,1870,2364,4285]
[0,393,1870,2315,4212,4285]
[0,393,2778,4285]
[0,381,1870,3155,4212,4285]
[0,3155,4285]
[0,393,4285]
[0,393,1870,3155,4285]
[0,393,2778,3155,4285]
[0,1870,3155,4285]
[0,393,3155,4212,4285]
[0,381,4212,4285]
[0,381,1870,3292,4285]
[0,2315,2778,4285]
[0,393,2778,3155,4212,4285]
[0,1870,2364,4285]
[0,393,4212,4285]
[0,381,1870,4285]
[0,381,1870,4212,4285]
[0,393,1870,2315,2778,3155,4285]
[0,2778,4285]
[0,381,1870,3155,4285]
[0,1870,2315,2778,4285]
[0,393,1870,4285]
[0,393,1870,2315,2778,4285]
[0,381,4285]
[0,381,1870,2364,4212,4285]
