[0,115,642,733,891,1046]
[0,115,642,733,856,1046]
[0,115,178,373,481,642,733,891,962,1046]
[0,192,441,1046]
[0,115,373,891,1046]
[0,115,373,733,891,1046]
[0,115,192,373,441,634,733,867,1046]
[0,481,733,856,1046]
[0,481,1046]
[0,830,891,1046]
[0,192,441,891,1046]
[0,115,373,441,891,1046]
[0,115,441,634,733,867,1046]
[0,446,856,1046]
[0,115,373,481,642,733,856,1046]
[0,178,481,1046]
[0,115,373,441,634,733,867,1046]
[0,373,1046]
[0,441,1046]
[0,192,441,733,867,1046]
[0,373,441,634,733,867,1046]
[0,642,733,856,1046]
[0,115,192,634,733,867,1046]
[0,192,1046]
[0,441,733,867,1046]
[0,634,793,883,1046]
[0,830,1046]
[0,373,481,642,733,856,1046]
[0,115,634,733,867,1046]
[0,178,481,856,1046]
[0,642,733,891,1046]
[0,115,178,481,642,733,891,1046]
[0,192,867,1046]
[0,634,883,1046]
[0,240,1046]
[0,373,856,1046]
[0,115,192,891,1046]
[0,441,867,1046]
[0,160,446,856,1046]
[0,192,441,634,733,867,1046]
[0,115,178,733,856,1046]
[0,240,830,1046]
[0,115,733,856,1046]
[0,115,178,373,481,642,733,856,1046]
[0,115,733,867,1046]
[0,115,373,481,642,733,891,962,1046]
[0,373,891,1046]
[0,178,481,642,733,856,1046]
[0,178,481,733,856,1046]
[0,793,883,1046]
[0,373,481,733,856,1046]
[0,178,856,1046]
[0,733,891,1046]
[0,115,891,1046]
[0,160,856,1046]
[0,115,373,642,733,856,1046]
[0,178,481,733,891,1046]
[0,733,856,1046]
[0,634,733,867,1046]
[0,481,733,1046]
[0,373,481,733,891,1046]
[0,115,192,373,441,830,891,1046]
[0,373,441,830,891,1046]
[0,192,441,867,1046]
[0,441,634,733,867,1046]
[0,115,178,642,733,891,1046]
[0,115,178,642,733,856,1046]
[0,373,830,891,1046]
[0,481,733,891,1046]
[0,178,733,856,1046]
[0,178,733,891,1046]
[0,481,856,1046]
[0,115,373,481,642,733,891,1046]
[0,373,441,891,1046]
[0,178,481,733,1046]
[0,379,1046]
[0,883,1046]
[0,115,178,481,642,733,856,1046]
[0,634,1046]
[0,733,1046]
[0,373,733,1046]
[0,379,856,1046]
[0,373,481,642,733,891,1046]
[0,373,733,856,1046]
[0,373,733,891,1046]
[0,115,192,373,441,891,1046]
[0,192,891,1046]
[0,115,373,441,830,891,1046]
[0,441,891,1046]
[0,481,642,733,856,1046]
[0,115,373,481,733,856,1046]
[0,856,1046]
[0,867,1046]
[0,178,1046]
[0,115,178,733,891,1046]
[0,115,178,1046]
[0,115,192,441,634,733,867,1046]
[0,115,733,891,1046]
[0,115,178,373,481,642,733,891,1046]
[0,115,178,891,1046]
[0,115,192,441,891,1046]
[0,481,642,733,891,1046]
[0,178,733,1046]
[0,178,481,642,733,891,1046]
[0,733,867,1046]
[0,192,733,867,1046]
[0,115,373,481,733,891,1046]
[0,115,178,856,1046]
[0,891,1046]
[0,115,373,856,1046]
[0,115,373,733,856,1046]
[0,446,1046]
[0,115,441,733,867,1046]
