[0,686,1180]
[0,963,1180]
[0,112,372,501,868,965,1180]
[0,112,686,965,1180]
[0,501,1112,1180]
[0,685,963,1180]
[0,372,501,685,868,965,1112,1180]
[0,112,286,372,501,871,965,1112,1180]
[0,372,686,1007,1180]
[0,372,501,965,1180]
[0,286,372,501,868,965,1112,1180]
[0,104,286,372,501,868,965,1112,1180]
[0,499,965,1180]
[0,74,286,372,501,871,965,1180]
[0,965,1180]
[0,372,686,1112,1180]
[0,372,686,1180]
[0,372,501,1180]
[0,868,965,1180]
[0,1112,1180]
[0,372,965,1180]
[0,112,286,372,499,868,965,1112,1180]
[0,112,965,1180]
[0,112,372,686,965,1180]
[0,286,372,501,871,965,1180]
[0,286,372,871,965,1180]
[0,112,286,868,965,1180]
[0,372,501,871,965,1180]
[0,372,501,871,965,1112,1180]
[0,372,1180]
[0,112,286,372,501,871,965,1180]
[0,112,1112,1180]
[0,372,868,965,1180]
[0,286,965,1180]
[0,686,965,1180]
[0,372,499,868,965,1180]
[0,372,871,965,1180]
[0,499,1180]
[0,112,286,965,1180]
[0,112,372,501,871,965,1180]
[0,286,372,501,868,965,1180]
[0,372,501,685,965,1180]
[0,686,1112,1180]
[0,112,372,499,868,965,1180]
[0,112,286,372,501,868,965,1180]
[0,501,1180]
[0,286,665,1180]
[0,74,286,372,871,965,1180]
[0,501,965,1180]
[0,112,686,1007,1180]
[0,372,501,868,965,1180]
[0,112,372,501,965,1180]
[0,112,685,963,1180]
[0,501,685,965,1180]
[0,112,372,686,965,1112,1180]
[0,372,686,965,1180]
[0,1007,1180]
[0,112,286,372,499,868,965,1180]
[0,104,372,501,965,1180]
[0,112,685,963,1112,1180]
[0,112,286,372,501,868,965,1112,1180]
[0,372,501,965,1112,1180]
[0,112,868,965,1180]
[0,112,686,1112,1180]
[0,104,372,501,868,965,1180]
[0,372,501,1112,1180]
[0,112,372,501,965,1112,1180]
[0,112,685,1112,1180]
[0,112,686,1180]
[0,286,665,1007,1180]
[0,685,1180]
[0,112,963,1180]
[0,112,1007,1180]
[0,871,965,1180]
[0,372,499,965,1180]
[0,286,871,1180]
[0,112,372,686,1007,1180]
[0,372,501,685,868,965,1180]
[0,665,1180]
[0,686,1007,1180]
[0,286,1180]
[0,286,372,868,965,1180]
[0,112,372,499,965,1180]
[0,112,685,1180]
[0,112,1180]
[0,74,286,372,501,871,965,1112,1180]
[0,112,686,965,1112,1180]
[0,104,286,372,501,868,965,1180]
[0,112,286,372,868,965,1180]
[0,112,286,372,868,965,1112,1180]
[0,871,1180]
