[0,43,815,903,1046]
[0,372,511,669,815,903,1046]
[0,193,511,1046]
[0,43,511,651,815,1046]
[0,511,651,815,903,1046]
[0,43,511,669,815,903,1046]
[0,511,727,903,1046]
[0,451,903,1046]
[0,372,651,1046]
[0,451,651,727,1046]
[0,651,727,1046]
[0,372,511,651,1046]
[0,451,651,815,1046]
[0,511,651,727,903,1046]
[0,43,511,651,727,903,1046]
[0,372,451,651,727,903,1046]
[0,372,451,651,815,903,1046]
[0,43,511,651,815,903,1046]
[0,193,451,1046]
[0,451,673,903,1046]
[0,727,1046]
[0,815,1046]
[0,372,451,727,1046]
[0,43,451,1046]
[0,43,511,651,727,815,903,1046]
[0,43,372,451,525,651,727,815,903,1046]
[0,511,1046]
[0,43,372,511,669,815,903,1046]
[0,43,372,511,651,1046]
[0,372,451,651,727,815,903,1046]
[0,451,651,815,903,1046]
[0,193,372,511,669,1046]
[0,193,372,511,651,1046]
[0,451,815,903,1046]
[0,815,903,1046]
[0,43,451,673,903,1046]
[0,193,485,1046]
[0,43,451,651,727,1046]
[0,511,651,1046]
[0,511,815,903,1046]
[0,372,451,727,903,1046]
[0,727,903,1046]
[0,43,511,651,727,1046]
[0,455,1046]
[0,576,1046]
[0,43,372,451,651,727,903,1046]
[0,43,372,451,511,651,727,815,903,1046]
[0,372,451,1046]
[0,193,511,669,1046]
[0,43,193,451,673,903,1046]
[0,451,727,903,1046]
[0,372,451,651,727,1046]
[0,43,511,1046]
[0,193,511,651,1046]
[0,451,727,1046]
[0,451,815,1046]
[0,651,903,1046]
[0,193,451,673,1046]
[0,511,727,1046]
[0,511,815,1046]
[0,193,451,673,903,1046]
[0,485,1046]
[0,372,451,525,651,727,815,903,1046]
[0,43,372,451,651,727,815,903,1046]
[0,372,451,511,651,727,815,903,1046]
[0,372,651,903,1046]
[0,43,651,727,1046]
[0,451,673,1046]
[0,43,511,651,1046]
[0,193,451,903,1046]
[0,451,1046]
[0,293,576,1046]
[0,43,451,903,1046]
[0,372,451,815,903,1046]
[0,43,372,451,651,727,1046]
[0,511,669,815,1046]
[0,511,651,727,1046]
[0,511,651,815,1046]
[0,511,669,815,903,1046]
[0,511,651,727,815,903,1046]
[0,43,511,815,903,1046]
[0,372,511,1046]
[0,372,511,669,815,1046]
[0,651,1046]
[0,455,815,1046]
