[0,587,701,1465]
[0,133,346,587,701,1372,1465]
[0,481,668,1372,1465]
[0,346,509,891,1465]
[0,346,587,1465]
[0,133,387,668,891,1098,1270,1465]
[0,133,346,509,668,891,1372,1465]
[0,481,668,1465]
[0,133,346,509,668,1465]
[0,346,509,668,746,891,1372,1465]
[0,133,346,701,1270,1465]
[0,366,509,668,1465]
[0,346,701,1465]
[0,387,668,903,1270,1465]
[0,668,1372,1465]
[0,622,668,1270,1465]
[0,133,346,587,1098,1270,1465]
[0,587,1270,1465]
[0,133,587,701,1372,1465]
[0,387,668,891,1465]
[0,891,1465]
[0,366,509,668,891,1465]
[0,133,387,668,903,1270,1465]
[0,133,481,668,891,1372,1465]
[0,481,668,891,1372,1465]
[0,622,1465]
[0,133,587,701,1465]
[0,481,668,891,1465]
[0,133,387,668,1098,1270,1465]
[0,481,891,1465]
[0,346,587,1270,1465]
[0,481,668,746,1372,1465]
[0,481,1465]
[0,133,701,1270,1465]
[0,133,1098,1270,1465]
[0,366,509,668,891,1372,1465]
[0,133,587,701,1270,1465]
[0,668,1465]
[0,133,587,1098,1270,1465]
[0,387,701,1270,1465]
[0,509,668,891,1465]
[0,133,366,509,668,1372,1465]
[0,622,668,1372,1465]
[0,387,668,1465]
[0,509,668,746,891,1372,1465]
[0,587,701,1270,1465]
[0,346,509,668,891,1465]
[0,133,481,668,891,1465]
[0,701,1270,1465]
[0,387,701,1465]
[0,366,509,668,1372,1465]
[0,366,509,668,746,891,1372,1465]
[0,133,346,587,701,1465]
[0,509,1465]
[0,387,668,903,1465]
[0,133,481,668,746,891,1372,1465]
[0,133,346,587,701,1098,1270,1465]
[0,346,1465]
[0,133,387,668,1270,1465]
[0,346,587,1098,1270,1465]
[0,133,346,509,668,891,1465]
[0,133,387,701,1270,1465]
[0,509,668,1465]
[0,509,668,746,1372,1465]
[0,346,509,668,1465]
[0,346,701,1270,1465]
[0,133,346,587,701,1270,1465]
[0,133,481,668,1465]
[0,387,668,891,1270,1465]
[0,1270,1465]
[0,387,668,1270,1465]
[0,509,668,1372,1465]
[0,133,346,509,668,746,891,1372,1465]
[0,133,366,509,668,891,1465]
[0,133,366,509,668,746,891,1372,1465]
[0,387,1465]
[0,346,509,668,1372,1465]
[0,891,1270,1465]
[0,133,701,1465]
[0,587,1098,1270,1465]
[0,387,891,1465]
[0,346,509,1465]
[0,133,366,509,668,1465]
[0,509,668,891,1372,1465]
[0,387,891,1270,1465]
[0,587,1465]
[0,133,346,509,668,1372,1465]
[0,346,509,668,891,1372,1465]
[0,668,1270,1465]
[0,387,668,891,1098,1270,1465]
[0,133,366,509,668,891,1372,1465]
[0,133,346,587,1465]
[0,587,701,1372,1465]
[0,1098,1270,1465]
[0,509,891,1465]
[0,622,668,1465]
[0,133,346,1465]
[0,481,668,746,891,1372,1465]
[0,701,1465]
[0,133,1465]
[0,1372,1465]
[0,387,668,1098,1270,1465]
