[0,154,435,1046]
[0,126,182,393,435,562,652,1046]
[0,261,562,652,1046]
[0,154,435,632,1046]
[0,182,435,562,652,1046]
[0,182,562,1046]
[0,261,393,435,562,652,1046]
[0,632,1046]
[0,182,562,652,1046]
[0,126,435,562,1046]
[0,261,393,652,1046]
[0,154,1046]
[0,435,562,1046]
[0,261,562,1046]
[0,435,652,1046]
[0,562,1046]
[0,182,435,652,1046]
[0,393,435,562,652,1046]
[0,126,182,562,652,1046]
[0,154,562,1046]
[0,435,562,652,1046]
[0,261,393,562,652,1046]
[0,126,182,435,562,652,1046]
[0,393,652,1046]
[0,562,652,1046]
[0,435,632,1046]
[0,652,1046]
[0,435,1046]
