[0,265,573,951,1632]
[0,363,563,1021,1100,1632]
[0,363,563,708,1632]
[0,265,363,563,933,1632]
[0,265,363,563,1021,1253,1632]
[0,181,265,363,563,1100,1632]
[0,265,363,563,1184,1632]
[0,181,265,363,563,933,1021,1253,1632]
[0,265,363,563,933,1021,1253,1632]
[0,563,1021,1253,1632]
[0,183,265,363,563,933,1021,1100,1253,1632]
[0,181,265,363,563,1021,1184,1632]
[0,563,1253,1632]
[0,265,363,563,1100,1632]
[0,181,265,363,563,1021,1100,1632]
[0,265,363,563,708,1632]
[0,1253,1632]
[0,265,1021,1632]
[0,363,563,933,1021,1253,1632]
[0,573,1632]
[0,181,265,363,563,1632]
[0,181,265,363,563,933,1021,1184,1632]
[0,265,363,563,933,1021,1184,1632]
[0,265,573,1632]
[0,573,951,1632]
[0,265,363,563,1021,1184,1632]
[0,183,265,363,563,933,1021,1100,1632]
[0,181,265,363,563,933,1021,1632]
[0,265,363,563,1021,1100,1632]
[0,363,563,1021,1253,1632]
[0,181,265,363,563,933,1021,1100,1632]
[0,181,265,363,563,1253,1632]
[0,265,363,563,1253,1632]
[0,1184,1632]
[0,363,563,1253,1632]
[0,181,265,363,563,933,1021,1100,1253,1632]
[0,933,1632]
[0,265,363,563,933,1021,1100,1632]
[0,363,933,1632]
[0,563,1021,1100,1632]
[0,563,1184,1632]
[0,1100,1632]
[0,1021,1632]
[0,363,1021,1632]
[0,265,363,563,708,1021,1100,1632]
[0,181,265,363,563,1021,1253,1632]
[0,265,363,563,1632]
[0,363,563,1184,1632]
[0,363,563,933,1632]
[0,265,363,563,933,1021,1632]
[0,363,563,933,1021,1184,1632]
[0,363,563,933,1021,1632]
[0,183,265,363,563,933,1021,1253,1632]
[0,363,563,1632]
[0,363,563,1021,1184,1632]
[0,265,363,563,708,1021,1632]
[0,563,1021,1632]
[0,563,1632]
[0,181,265,363,563,1184,1632]
[0,363,563,933,1021,1100,1632]
[0,181,265,363,563,933,1632]
[0,600,1632]
[0,183,265,363,563,933,1021,1632]
[0,563,1100,1632]
[0,1021,1100,1632]
[0,363,600,1632]
[0,363,563,708,1021,1632]
[0,363,563,1100,1632]
[0,265,563,1632]
[0,363,563,1021,1632]
