[0,642,997]
[0,71,945,997]
[0,298,642,997]
[0,217,298,532,642,886,997]
[0,71,298,532,642,997]
[0,71,298,440,642,886,997]
[0,71,298,532,642,886,997]
[0,298,440,997]
[0,886,997]
[0,71,298,532,642,886,945,997]
[0,298,532,997]
[0,71,298,440,642,819,886,997]
[0,298,440,642,886,945,997]
[0,597,886,997]
[0,642,819,997]
[0,547,997]
[0,298,440,642,886,997]
[0,298,886,997]
[0,71,217,298,532,642,886,945,997]
[0,71,126,298,440,642,886,945,997]
[0,547,886,997]
[0,298,532,945,997]
[0,71,298,532,945,997]
[0,298,532,642,819,945,997]
[0,71,298,532,642,945,997]
[0,298,440,642,997]
[0,298,532,642,819,997]
[0,298,642,886,945,997]
[0,298,642,886,997]
[0,642,819,945,997]
[0,298,997]
[0,597,997]
[0,71,997]
[0,71,126,298,440,642,819,886,945,997]
[0,819,945,997]
[0,298,886,945,997]
[0,298,440,886,997]
[0,71,217,298,532,642,886,997]
[0,71,126,298,440,642,886,997]
[0,217,298,440,642,886,997]
[0,71,298,532,642,819,997]
[0,298,642,819,945,997]
[0,71,126,298,440,642,819,886,997]
[0,71,532,997]
[0,71,298,532,997]
[0,298,440,886,945,997]
[0,298,532,642,886,945,997]
[0,819,997]
[0,298,819,997]
[0,298,642,819,997]
[0,71,532,945,997]
[0,71,597,886,997]
[0,532,997]
[0,71,217,298,440,642,886,945,997]
[0,71,298,532,642,819,945,997]
[0,71,217,298,440,642,886,997]
[0,298,532,642,997]
[0,71,298,440,642,886,945,997]
[0,298,532,642,886,997]
[0,886,945,997]
