[0,803,986,1338,1651]
[0,185,803,986,1651]
[0,95,198,803,1048,1651]
[0,105,1048,1519,1651]
[0,375,986,1338,1651]
[0,198,803,1651]
[0,803,1048,1338,1651]
[0,105,185,375,803,986,1338,1651]
[0,105,185,375,803,986,1338,1519,1578,1651]
[0,1519,1651]
[0,803,986,1578,1651]
[0,1048,1651]
[0,95,1651]
[0,105,185,803,986,1578,1651]
[0,198,803,1048,1651]
[0,198,1651]
[0,185,375,803,986,1338,1651]
[0,185,375,1651]
[0,105,803,1048,1519,1651]
[0,95,198,1651]
[0,185,375,803,986,1651]
[0,105,803,1048,1338,1651]
[0,105,185,803,986,1338,1651]
[0,781,1048,1519,1651]
[0,986,1651]
[0,1578,1651]
[0,375,986,1651]
[0,1338,1651]
[0,105,803,986,1338,1651]
[0,185,375,986,1651]
[0,105,803,986,1578,1651]
[0,105,185,803,986,1651]
[0,185,986,1338,1651]
[0,803,1048,1651]
[0,105,185,375,803,986,1651]
[0,781,1048,1651]
[0,185,803,986,1338,1651]
[0,781,1651]
[0,803,1651]
[0,105,185,375,803,986,1338,1578,1651]
[0,105,1651]
[0,105,803,986,1651]
[0,185,803,1651]
[0,1048,1519,1651]
[0,185,375,986,1338,1651]
[0,95,198,803,1651]
[0,803,986,1651]
[0,95,198,803,1048,1338,1651]
[0,198,375,803,1048,1338,1651]
[0,986,1578,1651]
[0,198,803,1048,1338,1651]
[0,803,1048,1519,1651]
[0,105,1519,1651]
[0,95,198,375,803,1048,1338,1651]
[0,1048,1338,1651]
[0,105,1048,1651]
[0,375,1651]
[0,105,185,375,803,986,1578,1651]
[0,986,1338,1651]
