[0,337,798,1343]
[0,163,433,660,1018,1116,1343]
[0,163,337,433,660,1018,1248,1343]
[0,266,433,660,1018,1343]
[0,266,337,433,660,1018,1116,1248,1343]
[0,433,660,1018,1343]
[0,51,1343]
[0,266,337,1018,1343]
[0,51,337,1025,1248,1343]
[0,163,337,1018,1248,1343]
[0,51,433,660,1018,1116,1248,1343]
[0,51,433,660,1025,1248,1343]
[0,337,1025,1248,1343]
[0,266,337,1343]
[0,163,337,433,660,1018,1116,1343]
[0,1021,1248,1343]
[0,266,433,1018,1116,1343]
[0,1248,1343]
[0,266,337,433,1018,1116,1248,1343]
[0,337,1018,1116,1248,1343]
[0,163,433,1018,1248,1343]
[0,266,433,660,1018,1116,1343]
[0,433,1018,1343]
[0,266,337,1018,1116,1248,1343]
[0,1018,1116,1343]
[0,51,1021,1343]
[0,163,337,1018,1343]
[0,1018,1248,1343]
[0,337,1018,1116,1343]
[0,266,337,1018,1116,1343]
[0,51,1018,1116,1343]
[0,163,433,1018,1116,1248,1343]
[0,433,660,1025,1248,1343]
[0,337,1021,1343]
[0,1025,1343]
[0,51,337,1021,1248,1343]
[0,433,660,1018,1116,1248,1343]
[0,51,433,1018,1116,1248,1343]
[0,51,433,1025,1248,1343]
[0,433,1018,1116,1248,1343]
[0,433,1018,1116,1343]
[0,433,1018,1248,1343]
[0,163,337,433,660,1018,1116,1248,1343]
[0,266,433,660,1018,1116,1248,1343]
[0,51,1025,1248,1343]
[0,798,1343]
[0,433,660,1025,1343]
[0,337,1018,1343]
[0,1025,1248,1343]
[0,337,1343]
[0,337,798,1248,1343]
[0,163,337,433,660,1018,1343]
[0,266,433,1018,1343]
[0,433,1025,1343]
[0,337,1090,1343]
[0,433,1025,1248,1343]
[0,163,433,660,1018,1116,1248,1343]
[0,266,433,1018,1116,1248,1343]
[0,163,433,1018,1116,1343]
[0,1021,1343]
[0,337,1021,1248,1343]
[0,337,1248,1343]
[0,51,433,1018,1116,1343]
[0,433,1343]
[0,337,1018,1248,1343]
[0,163,433,660,1018,1343]
[0,51,1025,1343]
[0,337,1025,1343]
[0,1018,1343]
[0,163,433,1018,1343]
[0,163,433,660,1018,1248,1343]
[0,433,660,1018,1116,1343]
[0,51,1021,1248,1343]
