[0,436,595,1111,1499,1911]
[0,595,636,1040,1499,1911]
[0,868,1040,1530,1911]
[0,164,436,595,636,868,1111,1471,1911]
[0,595,868,1040,1530,1911]
[0,164,423,868,1038,1111,1499,1911]
[0,595,1040,1499,1911]
[0,164,436,595,868,1040,1499,1911]
[0,92,164,436,595,636,868,1040,1499,1911]
[0,595,1040,1911]
[0,164,436,595,868,1111,1471,1911]
[0,164,436,595,1111,1499,1911]
[0,164,595,1111,1499,1911]
[0,164,436,595,636,868,1040,1499,1911]
[0,1111,1471,1911]
[0,595,1111,1499,1911]
[0,1040,1530,1911]
[0,595,868,1111,1499,1911]
[0,436,868,1040,1499,1911]
[0,869,1911]
[0,92,164,436,595,868,1111,1499,1911]
[0,164,436,595,868,1111,1499,1911]
[0,436,868,1111,1471,1911]
[0,164,868,1038,1111,1499,1911]
[0,436,1111,1471,1911]
[0,569,869,1911]
[0,164,423,626,868,1038,1111,1499,1911]
[0,164,436,595,636,868,1111,1499,1911]
[0,436,868,1111,1499,1911]
[0,436,1111,1499,1911]
[0,164,595,1111,1471,1911]
[0,164,423,868,1111,1499,1911]
[0,595,1040,1530,1911]
[0,1471,1911]
[0,436,1040,1911]
[0,164,436,868,1111,1471,1911]
[0,927,1911]
[0,595,636,1111,1471,1911]
[0,164,436,595,1040,1499,1911]
[0,436,595,636,868,1040,1499,1911]
[0,92,164,436,595,636,868,1111,1471,1911]
[0,868,1038,1111,1471,1911]
[0,868,1040,1499,1911]
[0,595,1111,1471,1911]
[0,595,868,1040,1499,1911]
[0,868,1111,1471,1911]
[0,164,436,868,1111,1499,1911]
[0,436,595,868,1111,1499,1911]
[0,436,595,636,1111,1471,1911]
[0,595,636,1111,1499,1911]
[0,423,1111,1911]
[0,92,164,436,595,1111,1471,1911]
[0,436,595,636,868,1111,1471,1911]
[0,1040,1499,1911]
[0,626,868,1111,1499,1911]
[0,92,164,436,595,636,868,1111,1499,1911]
[0,436,595,636,868,1111,1499,1911]
[0,868,1038,1111,1499,1911]
[0,436,595,636,1040,1499,1911]
[0,868,1111,1499,1911]
[0,1111,1911]
[0,423,626,868,1111,1499,1911]
[0,595,927,1911]
[0,423,1111,1499,1911]
[0,436,595,636,1111,1499,1911]
[0,92,164,436,595,1111,1499,1911]
[0,436,1040,1499,1911]
[0,164,868,1040,1499,1911]
[0,1111,1499,1911]
[0,164,868,1111,1471,1911]
[0,1040,1911]
[0,868,1911]
[0,436,1111,1911]
[0,868,1040,1911]
[0,436,595,1040,1499,1911]
[0,436,595,868,1040,1499,1911]
[0,423,868,1111,1499,1911]
[0,436,595,1111,1471,1911]
[0,436,595,868,1111,1471,1911]
[0,164,595,1040,1499,1911]
[0,164,868,1111,1499,1911]
[0,164,436,595,1111,1471,1911]
[0,595,1111,1911]
[0,92,164,436,595,868,1040,1499,1911]
[0,868,1471,1911]
[0,636,1111,1911]
[0,92,164,436,595,868,1111,1471,1911]
[0,164,436,868,1040,1499,1911]
[0,595,868,1111,1471,1911]
[0,164,423,626,868,1111,1499,1911]
