[0,180,286,487,544,789,978,1046]
[0,286,487,544,789,978,1046]
[0,157,286,789,978,1046]
[0,492,1046]
[0,286,544,789,1046]
[0,487,789,1046]
[0,789,1046]
[0,180,286,544,789,978,1046]
[0,227,286,487,544,789,978,1046]
[0,286,537,1046]
[0,487,544,978,1046]
[0,544,789,1046]
[0,544,978,1046]
[0,487,1046]
[0,286,544,978,1046]
[0,492,830,1046]
[0,157,286,544,1046]
[0,978,1046]
[0,286,789,978,1046]
[0,487,544,1046]
[0,544,1046]
[0,487,830,1046]
[0,830,1046]
[0,537,978,1046]
[0,286,544,789,978,1046]
[0,180,286,544,789,1046]
[0,487,544,789,978,1046]
[0,286,537,789,1046]
[0,180,286,544,1046]
[0,544,789,978,1046]
[0,537,1046]
[0,286,1046]
[0,286,537,978,1046]
[0,286,537,789,978,1046]
[0,157,286,544,789,1046]
[0,789,978,1046]
[0,286,789,1046]
[0,157,286,487,544,789,978,1046]
[0,157,286,544,789,978,1046]
[0,157,286,789,1046]
[0,286,544,1046]
[0,227,286,544,789,978,1046]
