[0,131,267,474,555,626,689,894,996,1097,1180]
[0,155,555,626,894,1180]
[0,131,267,474,626,689,894,1180]
[0,474,663,1009,1180]
[0,131,267,474,626,689,916,1180]
[0,267,474,916,1180]
[0,131,267,474,626,894,996,1180]
[0,555,626,894,1180]
[0,155,267,555,626,894,1180]
[0,131,267,474,626,894,996,1097,1180]
[0,131,267,474,555,626,894,1180]
[0,131,267,474,555,626,916,1180]
[0,131,267,474,555,626,894,996,1097,1180]
[0,155,267,474,555,626,689,894,1180]
[0,216,1009,1180]
[0,267,474,1180]
[0,267,474,894,1180]
[0,474,1180]
[0,626,894,1180]
[0,626,916,1180]
[0,626,1180]
[0,474,663,916,1180]
[0,1009,1180]
[0,131,267,474,663,916,1180]
[0,155,267,474,555,626,689,894,983,1097,1180]
[0,155,626,894,1180]
[0,216,626,1180]
[0,155,267,474,555,626,894,1180]
[0,131,267,474,555,626,689,894,996,1180]
[0,267,663,916,1180]
[0,216,626,1009,1180]
[0,663,916,1180]
[0,131,267,474,555,626,894,996,1180]
[0,267,1180]
[0,267,916,1180]
[0,894,1180]
[0,555,1180]
[0,155,267,626,894,1180]
[0,216,1180]
[0,474,626,1180]
[0,155,267,474,626,894,983,1097,1180]
[0,131,267,474,626,894,1180]
[0,131,267,474,626,916,1180]
[0,131,267,474,555,626,689,894,1180]
[0,131,267,474,555,626,689,916,1180]
[0,131,474,663,916,1180]
[0,916,1180]
[0,267,474,663,916,1180]
[0,555,626,1180]
[0,155,267,474,555,626,894,983,1097,1180]
[0,689,1180]
[0,155,267,474,626,689,894,983,1097,1180]
[0,267,474,626,894,1180]
[0,474,894,1180]
[0,474,626,894,1180]
[0,131,474,626,894,1180]
[0,155,267,474,626,689,894,1180]
[0,474,663,1180]
[0,267,474,626,916,1180]
[0,474,916,1180]
[0,474,626,916,1180]
[0,131,474,626,916,1180]
[0,155,267,474,626,894,1180]
[0,155,267,474,626,894,983,1180]
