[0,250,474,990,1350,1639,1767,1923,2120]
[0,250,474,634,990,1350,1639,1767,1923,2120]
[0,250,474,1064,1681,1767,1923,2120]
[0,250,474,1681,2120]
[0,250,474,990,1350,1767,2120]
[0,250,474,1064,1350,1681,1767,1923,2120]
[0,101,474,2120]
[0,250,474,622,1064,1350,1639,1681,2120]
[0,474,1923,2120]
[0,250,474,1923,2120]
[0,474,622,1767,1923,2120]
[0,474,1639,2120]
[0,250,474,622,2120]
[0,250,474,1350,1592,2120]
[0,250,474,622,1350,2120]
[0,101,474,1350,2120]
[0,250,474,2120]
[0,101,474,990,1350,1923,2120]
[0,250,474,990,1350,1767,1923,2120]
[0,250,474,1350,1639,1767,1923,2120]
[0,250,474,1064,1350,1767,1923,2120]
[0,250,474,622,1064,1767,1923,2120]
[0,474,1350,2120]
[0,250,474,1259,1350,2120]
[0,474,1064,1350,1767,2120]
[0,250,474,622,1259,1350,1681,2120]
[0,474,1350,1639,1767,1923,2120]
[0,250,474,1064,1923,2120]
[0,101,474,1639,1767,1923,2120]
[0,474,1639,1767,1923,2120]
[0,101,474,1310,2120]
[0,474,990,1350,1639,1767,1923,2120]
[0,101,474,1350,1639,1767,1923,2120]
[0,474,990,1350,1767,2120]
[0,250,474,1681,1767,1923,2120]
[0,101,474,1592,1681,2120]
[0,250,474,622,1064,1259,1350,2120]
[0,474,1310,2120]
[0,101,2120]
[0,101,474,990,1350,1592,1681,2120]
[0,474,990,1350,2120]
[0,250,474,622,1681,1767,1923,2120]
[0,474,1350,1592,2120]
[0,250,474,622,1064,1350,2120]
[0,474,622,1350,2120]
[0,474,1639,1767,2120]
[0,101,474,1350,1592,2120]
[0,101,1923,2120]
[0,250,474,1064,1350,2120]
[0,1767,2120]
[0,474,990,1350,1923,2120]
[0,474,1064,1350,2120]
[0,250,474,1259,1350,1592,2120]
[0,250,474,1064,1350,1681,2120]
[0,250,474,622,1681,2120]
[0,250,474,1259,1350,1592,1681,2120]
[0,250,474,622,1064,1350,1681,2120]
[0,250,474,622,1064,1259,1350,1639,1681,2120]
[0,474,634,990,1350,2120]
[0,474,1259,1350,2120]
[0,474,622,1064,1350,2120]
[0,1639,1767,1923,2120]
[0,250,474,1767,1923,2120]
[0,101,1639,1767,1923,2120]
[0,474,1681,2120]
[0,250,474,1259,1681,2120]
[0,250,474,622,1259,1681,2120]
[0,101,1767,1923,2120]
[0,1064,2120]
[0,250,474,1350,1767,1923,2120]
[0,250,474,1064,1767,1923,2120]
[0,474,622,2120]
[0,474,1350,1767,2120]
[0,474,2120]
[0,474,1350,1767,1923,2120]
[0,474,990,1350,1592,2120]
[0,101,474,1350,1592,1681,2120]
[0,101,474,990,1350,1681,2120]
[0,1350,2120]
[0,474,1064,1681,2120]
[0,101,474,634,990,1350,1592,1681,2120]
[0,250,474,622,1259,1350,1639,1681,2120]
[0,250,474,1350,2120]
[0,474,1681,1767,1923,2120]
[0,250,474,622,1767,1923,2120]
[0,474,1681,1767,2120]
[0,1310,2120]
[0,250,474,1064,2120]
[0,1767,1923,2120]
[0,474,1064,1350,1681,2120]
[0,250,474,1639,1767,1923,2120]
[0,250,474,622,1064,1259,1350,1681,2120]
[0,474,622,1259,1350,2120]
[0,250,474,1350,1767,2120]
[0,250,474,634,990,1350,1767,1923,2120]
[0,250,474,622,1259,1350,2120]
[0,474,1064,2120]
[0,250,474,622,1064,1681,1767,1923,2120]
[0,474,1259,1350,1592,2120]
[0,474,1767,1923,2120]
[0,474,990,1350,1767,1923,2120]
[0,250,474,1064,1350,1767,2120]
[0,250,474,634,990,1350,1767,2120]
[0,474,1259,1681,2120]
[0,474,1259,1350,1592,1681,2120]
[0,101,474,990,1350,1639,1767,1923,2120]
[0,474,1064,1350,1767,1923,2120]
[0,474,634,990,1350,1592,2120]
[0,101,474,990,1350,1592,2120]
[0,474,622,1064,1350,1767,1923,2120]
[0,474,990,1350,1681,2120]
[0,101,474,1681,2120]
[0,250,474,622,1064,1350,1681,1767,1923,2120]
[0,1923,2120]
[0,101,474,990,1350,2120]
[0,1639,2120]
[0,250,474,622,1064,1350,1767,1923,2120]
[0,101,474,634,990,1350,2120]
[0,101,474,634,990,1350,1592,2120]
