[0,221,302,1100,1180]
[0,163,302,459,704,1180]
[0,93,302,459,704,1180]
[0,459,623,704,1180]
[0,302,704,857,1180]
[0,163,1100,1180]
[0,48,302,459,623,704,857,1100,1180]
[0,221,302,459,1180]
[0,48,163,302,367,623,704,857,912,1100,1180]
[0,93,302,459,1100,1180]
[0,459,1180]
[0,623,704,857,1180]
[0,163,302,623,704,857,1100,1180]
[0,221,302,459,1100,1180]
[0,221,1180]
[0,48,163,302,459,704,857,912,1100,1180]
[0,163,704,857,1180]
[0,163,302,367,857,1100,1180]
[0,221,1100,1180]
[0,163,302,857,1180]
[0,302,623,1180]
[0,857,1180]
[0,163,302,367,623,704,857,912,1100,1180]
[0,459,623,704,857,1100,1180]
[0,163,302,459,704,857,912,1100,1180]
[0,48,163,302,459,623,704,857,912,1100,1180]
[0,302,704,1180]
[0,93,302,623,1100,1180]
[0,93,1180]
[0,623,704,857,1100,1180]
[0,163,302,623,704,1180]
[0,163,302,459,623,704,1100,1180]
[0,48,163,302,704,857,1100,1180]
[0,704,1100,1180]
[0,163,857,1180]
[0,302,459,623,704,857,912,1100,1180]
[0,163,302,704,857,1100,1180]
[0,48,704,857,1100,1180]
[0,93,623,1100,1180]
[0,367,1100,1180]
[0,302,367,1180]
[0,163,302,857,1100,1180]
[0,48,163,302,1100,1180]
[0,623,1180]
[0,302,704,857,1100,1180]
[0,163,302,704,857,912,1100,1180]
[0,48,163,302,367,1100,1180]
[0,856,1180]
[0,163,302,367,704,857,912,1100,1180]
[0,704,857,1100,1180]
[0,623,704,1180]
[0,163,302,1100,1180]
[0,302,459,1180]
[0,1100,1180]
[0,704,1180]
[0,459,623,704,857,1180]
[0,163,302,1180]
[0,48,302,459,704,857,1100,1180]
[0,704,857,912,1100,1180]
[0,48,163,1100,1180]
[0,704,857,1180]
[0,221,302,1180]
[0,302,459,704,857,1100,1180]
[0,163,302,623,704,857,1180]
[0,367,1180]
[0,48,302,459,623,704,857,912,1100,1180]
[0,48,163,302,367,704,857,912,1100,1180]
[0,163,302,459,623,704,1180]
[0,302,459,623,704,857,1180]
[0,302,459,623,704,1180]
[0,163,302,459,1100,1180]
[0,459,623,704,857,912,1100,1180]
[0,163,704,1180]
[0,163,302,459,704,857,1100,1180]
[0,302,459,1100,1180]
[0,302,459,704,1180]
[0,163,302,367,704,1100,1180]
[0,623,704,857,912,1100,1180]
[0,163,302,367,704,857,1100,1180]
[0,459,704,1180]
[0,48,163,302,367,857,912,1100,1180]
[0,93,302,623,1180]
[0,48,163,302,367,857,1100,1180]
[0,163,302,459,704,857,1180]
[0,163,302,459,1180]
[0,459,704,857,1180]
[0,163,302,704,1100,1180]
[0,93,623,1180]
[0,163,302,623,704,1100,1180]
[0,459,1100,1180]
[0,302,623,857,1180]
[0,163,302,367,623,704,857,1100,1180]
[0,93,302,459,704,1100,1180]
[0,163,302,367,1100,1180]
[0,48,163,302,704,1100,1180]
[0,93,1100,1180]
[0,93,302,459,704,857,1100,1180]
[0,93,302,459,1180]
[0,48,163,302,704,857,912,1100,1180]
[0,163,302,459,623,704,857,1100,1180]
[0,163,302,704,857,1180]
[0,163,302,704,1180]
[0,302,459,704,857,1180]
[0,163,1180]
[0,163,302,459,623,704,857,912,1100,1180]
[0,302,459,623,704,857,1100,1180]
[0,163,302,459,704,1100,1180]
[0,163,302,459,623,704,857,1180]
[0,163,302,367,623,704,1100,1180]
[0,302,367,1100,1180]
[0,163,302,367,857,912,1100,1180]
[0,48,221,302,459,1100,1180]
[0,93,302,459,704,857,1180]
