[0,839,1180]
[0,270,427,602,784,923,996,1180]
[0,306,839,1180]
[0,427,602,784,1180]
[0,292,427,784,923,996,1180]
[0,109,196,292,427,784,923,1180]
[0,270,427,602,784,923,1180]
[0,427,784,1180]
[0,270,427,784,923,1180]
[0,178,270,427,784,923,1180]
[0,270,427,602,784,1180]
[0,178,270,427,602,784,923,996,1180]
[0,178,270,427,602,784,923,1180]
[0,427,784,923,996,1180]
[0,196,292,427,784,923,1180]
[0,877,1180]
[0,427,1180]
[0,178,270,427,784,923,996,1180]
[0,923,1180]
[0,105,178,270,427,784,923,996,1180]
[0,427,784,923,1180]
[0,109,196,292,427,784,923,996,1180]
[0,292,427,784,923,1180]
[0,270,427,784,1180]
[0,270,427,784,923,996,1180]
[0,784,923,1180]
[0,105,178,270,427,602,784,923,996,1180]
