[0,904,1689,2759]
[0,1329,1618,1689,2347,2516,2759]
[0,904,1329,1618,2347,2516,2759]
[0,264,904,1329,1689,2347,2759]
[0,1329,1689,2028,2557,2759]
[0,264,1329,1618,1689,2347,2516,2759]
[0,264,1329,2028,2759]
[0,264,1329,1689,2759]
[0,904,1329,1689,2516,2759]
[0,904,1066,1329,1618,2347,2516,2759]
[0,264,904,1329,1618,2759]
[0,46,2759]
[0,904,1066,2028,2759]
[0,904,1618,2759]
[0,1329,1618,2516,2759]
[0,264,1329,1618,2759]
[0,46,264,1329,1618,2557,2759]
[0,1329,1689,2347,2759]
[0,46,264,1329,1618,2347,2516,2759]
[0,1329,2347,2759]
[0,46,264,904,1329,1689,2028,2557,2759]
[0,1329,2028,2759]
[0,1329,1689,2759]
[0,1329,1689,2028,2759]
[0,46,264,1329,1689,2028,2557,2759]
[0,264,1329,1618,2028,2759]
[0,904,1329,2759]
[0,264,904,1066,1329,1689,2028,2557,2759]
[0,904,1329,1689,2028,2557,2759]
[0,1478,2759]
[0,2028,2759]
[0,1689,2347,2759]
[0,1066,2028,2759]
[0,46,904,1066,1329,1618,2347,2516,2759]
[0,1329,1618,1725,2028,2557,2759]
[0,904,1329,1689,2347,2557,2759]
[0,264,904,1329,1689,2759]
[0,264,904,1329,1689,2028,2557,2759]
[0,46,264,904,1329,1689,2028,2347,2557,2759]
[0,1329,1618,2759]
[0,1329,1618,2557,2759]
[0,904,1066,1329,1689,2028,2347,2557,2759]
[0,1066,2028,2557,2759]
[0,264,1329,1618,2516,2759]
[0,2347,2759]
[0,1329,1689,2516,2759]
[0,264,1329,1689,2028,2759]
[0,1066,2759]
[0,904,1329,1689,2028,2347,2759]
[0,46,264,904,1066,1329,1689,2028,2347,2557,2759]
[0,904,1329,2028,2759]
[0,904,1329,1689,2759]
[0,2516,2759]
[0,264,904,1329,1689,2028,2347,2557,2759]
[0,904,1329,1689,2028,2759]
[0,1478,2516,2759]
[0,264,904,1066,1329,1689,2028,2347,2557,2759]
[0,46,264,1329,1618,1689,2347,2516,2759]
[0,46,904,1329,1689,2516,2759]
[0,264,1329,2028,2557,2759]
[0,904,1329,1618,2516,2759]
[0,264,904,1329,1689,2028,2759]
[0,904,1066,2028,2557,2759]
[0,904,1066,1329,2028,2557,2759]
[0,1329,1618,2028,2759]
[0,1329,1689,2557,2759]
[0,904,1329,2028,2557,2759]
[0,904,1329,1689,2347,2759]
[0,1329,1618,2347,2516,2759]
[0,904,1329,1618,2759]
[0,264,904,1329,1689,2028,2347,2759]
[0,264,1329,1618,2557,2759]
[0,904,2759]
[0,46,904,1066,1329,1689,2028,2557,2759]
[0,46,264,1329,1618,1725,2028,2557,2759]
[0,264,904,1329,1618,2347,2516,2759]
[0,264,904,1329,1689,2347,2557,2759]
[0,1329,1689,2347,2557,2759]
[0,264,1329,1618,1725,2028,2557,2759]
[0,1329,2759]
[0,1329,1618,2028,2557,2759]
[0,46,2516,2759]
[0,264,1329,1618,2028,2557,2759]
[0,904,1329,1689,2028,2347,2557,2759]
[0,1329,2028,2557,2759]
[0,46,904,1329,1689,2347,2557,2759]
[0,264,904,1066,1329,1618,2347,2516,2759]
[0,46,264,904,1066,1329,1618,2347,2516,2759]
[0,264,1329,1689,2347,2557,2759]
[0,46,264,1329,2028,2557,2759]
[0,1689,2759]
[0,264,1329,1689,2028,2557,2759]
[0,46,264,904,1066,1329,1689,2028,2557,2759]
[0,46,264,1329,1618,2028,2557,2759]
[0,2028,2557,2759]
[0,264,1329,1618,2347,2516,2759]
[0,46,264,1329,1689,2347,2557,2759]
[0,264,1329,1689,2347,2759]
[0,264,904,1329,1618,2516,2759]
[0,904,1066,1329,1689,2028,2557,2759]
[0,904,1329,2347,2759]
[0,1618,2759]
[0,46,264,904,1329,1689,2347,2557,2759]
