[0,1130,1701,2367,2956]
[0,425,1566,2956]
[0,1566,2956]
[0,309,425,1566,1874,2367,2956]
[0,2829,2956]
[0,1130,1370,1701,2367,2956]
[0,425,1130,1346,1701,2367,2956]
[0,1130,1346,1566,1701,2956]
[0,170,1265,1716,2956]
[0,1267,1398,1566,1874,2956]
[0,217,425,1566,2956]
[0,217,425,2956]
[0,425,1130,1346,2956]
[0,425,1130,1874,2956]
[0,1398,1566,1874,2956]
[0,1267,1701,2829,2956]
[0,425,1130,1874,2367,2956]
[0,425,1346,1566,2956]
[0,425,1398,1566,1701,2956]
[0,425,1892,2367,2956]
[0,1130,1346,1566,1892,2956]
[0,425,1566,1874,2367,2956]
[0,425,1130,1346,1566,1892,2367,2956]
[0,1566,1701,2956]
[0,1267,1398,1566,2956]
[0,309,425,1267,1398,1566,1874,2956]
[0,425,2956]
[0,1130,1346,1566,1716,2956]
[0,425,1267,1398,2956]
[0,309,425,1130,1686,2956]
[0,217,425,1398,1566,1701,2956]
[0,1716,2367,2956]
[0,1566,1892,2956]
[0,1130,1686,2956]
[0,217,425,1130,1346,1566,1701,1892,2367,2956]
[0,425,1130,1346,1566,2956]
[0,425,1398,1566,1892,2956]
[0,309,425,1130,1566,1686,2956]
[0,1701,2367,2956]
[0,425,1398,1566,1874,2956]
[0,309,425,1130,1566,1874,2367,2956]
[0,1701,2956]
[0,425,1267,2956]
[0,1419,2956]
[0,1346,1566,1892,2956]
[0,1267,1701,2956]
[0,1267,2956]
[0,217,425,1130,1346,1566,1892,2956]
[0,217,425,1566,1892,2367,2956]
[0,425,1130,1701,2367,2956]
[0,1265,1419,2956]
[0,425,1130,1346,1566,1892,2956]
[0,217,425,1267,1398,1566,1701,2367,2956]
[0,217,425,1398,1566,2367,2956]
[0,309,425,1130,2956]
[0,425,1892,2956]
[0,1130,1701,2956]
[0,217,425,1130,1346,1701,2956]
[0,217,425,1130,1346,2956]
[0,217,425,1398,1566,1701,2367,2956]
[0,425,1874,2367,2956]
[0,1874,2367,2956]
[0,1892,2956]
[0,217,425,1398,2367,2956]
[0,425,1130,2956]
[0,425,1874,2956]
[0,425,1130,1566,1874,2367,2956]
[0,217,425,1398,1566,2956]
[0,217,425,1130,1346,1566,1701,2367,2956]
[0,1346,2956]
[0,425,1130,1346,1566,1716,2956]
[0,170,1265,1419,2956]
[0,1874,2956]
[0,1130,2956]
[0,217,425,1566,1892,2956]
[0,1130,1874,2367,2956]
[0,1267,1701,2367,2956]
[0,425,1346,1566,1892,2367,2956]
[0,1130,1346,2956]
[0,1130,1874,2956]
[0,425,1398,2956]
[0,170,1265,1716,2367,2956]
[0,1346,1566,2956]
[0,1398,2956]
[0,425,1398,2367,2956]
[0,425,1398,1566,2956]
[0,217,425,1130,1346,1566,2956]
[0,425,1130,1346,1701,2956]
[0,170,1265,1419,1716,2956]
[0,425,1267,1398,1566,1701,2956]
[0,1130,1346,1566,2956]
[0,217,425,1398,1566,1701,1892,2367,2956]
[0,1265,1716,2367,2956]
[0,1346,1566,1701,2956]
[0,217,425,1398,1566,1892,2367,2956]
[0,1398,1566,2956]
[0,1398,2367,2956]
[0,425,1566,1892,2956]
[0,425,1130,1686,2956]
[0,1892,2367,2956]
[0,217,425,1130,1346,1566,1892,2367,2956]
[0,1267,1398,2956]
[0,1686,2956]
[0,217,425,1398,2956]
[0,217,425,1398,1566,1892,2956]
[0,425,1566,1874,2956]
[0,1566,1716,2956]
[0,309,425,1566,1874,2956]
[0,425,1130,1566,1686,2956]
[0,217,425,1130,1346,1701,2367,2956]
[0,1267,1398,1566,1701,2956]
[0,170,1265,1419,1716,2367,2956]
[0,309,425,2956]
[0,425,1267,1686,2956]
[0,170,1419,2956]
[0,1398,1566,1701,2956]
[0,217,425,1130,1346,1566,1701,2956]
[0,1566,1874,2956]
[0,425,1566,1892,2367,2956]
[0,1716,2956]
[0,309,425,1874,2956]
[0,425,1130,1346,1566,1701,2956]
[0,1346,1566,1716,2956]
[0,425,1267,1398,1566,1874,2956]
[0,217,425,1130,1346,1566,1716,2956]
[0,425,1130,1701,2956]
[0,217,425,1267,1398,1566,1701,2956]
[0,1265,1716,2956]
[0,1398,1566,1892,2956]
[0,425,1346,1566,1892,2956]
[0,217,425,1267,1398,1566,1701,1892,2367,2956]
