[0,429,633,1169,1343]
[0,73,429,543,842,1002,1169,1343]
[0,1169,1343]
[0,73,429,633,826,1002,1169,1343]
[0,429,633,826,1002,1169,1343]
[0,73,429,513,842,1169,1343]
[0,73,429,513,633,697,826,1169,1343]
[0,429,513,842,1002,1169,1343]
[0,429,543,1343]
[0,429,1343]
[0,429,842,1169,1343]
[0,429,543,826,1002,1169,1343]
[0,842,1169,1343]
[0,429,826,1169,1343]
[0,429,513,842,1169,1343]
[0,633,1169,1343]
[0,73,429,513,633,697,826,1002,1169,1343]
[0,73,429,513,842,1002,1169,1343]
[0,429,633,842,1343]
[0,842,1343]
[0,73,429,633,1169,1343]
[0,429,697,826,1002,1169,1343]
[0,73,429,513,633,697,842,1002,1169,1343]
[0,73,429,543,826,1169,1343]
[0,73,429,513,697,842,1002,1169,1343]
[0,429,513,1169,1343]
[0,73,429,513,826,1169,1343]
[0,429,513,633,697,826,1169,1343]
[0,73,429,543,826,1002,1169,1343]
[0,429,543,842,1002,1169,1343]
[0,73,429,543,697,826,1002,1169,1343]
[0,73,429,513,697,826,1002,1169,1343]
[0,429,513,633,697,842,1169,1343]
[0,429,513,697,842,1169,1343]
[0,429,697,842,1002,1169,1343]
[0,429,633,826,1343]
[0,429,543,826,1169,1343]
[0,73,429,543,842,1169,1343]
[0,429,697,842,1169,1343]
[0,429,826,1002,1169,1343]
[0,429,697,826,1169,1343]
[0,73,429,543,697,826,1169,1343]
[0,429,513,1343]
[0,429,513,697,842,1002,1169,1343]
[0,429,842,1002,1169,1343]
[0,826,1343]
[0,429,513,826,1169,1343]
[0,429,543,1169,1343]
[0,73,429,543,633,697,826,1169,1343]
[0,513,1343]
[0,73,429,633,842,1002,1169,1343]
[0,73,429,513,697,842,1169,1343]
[0,73,429,543,633,697,826,1002,1169,1343]
[0,73,429,633,697,826,1169,1343]
[0,429,543,842,1169,1343]
[0,429,633,1343]
[0,73,429,513,697,826,1169,1343]
[0,543,1169,1343]
[0,429,633,842,1169,1343]
[0,429,842,1343]
[0,429,543,697,826,1169,1343]
[0,543,1343]
[0,633,1343]
[0,429,633,842,1002,1169,1343]
[0,429,513,697,826,1002,1169,1343]
[0,429,633,697,826,1169,1343]
[0,429,633,826,1169,1343]
[0,429,826,1343]
[0,826,1169,1343]
[0,429,513,697,826,1169,1343]
[0,513,1169,1343]
[0,429,543,697,826,1002,1169,1343]
[0,73,429,513,633,697,842,1169,1343]
[0,73,429,633,842,1169,1343]
[0,73,429,633,826,1169,1343]
