[0,715,978,1255,1420,2115,2268,2692,2759]
[0,715,978,1420,1681,2692,2759]
[0,2115,2759]
[0,715,978,1420,2759]
[0,715,978,1255,1420,1681,1929,2115,2759]
[0,715,1337,2115,2692,2759]
[0,715,1255,1420,2115,2268,2692,2759]
[0,1420,2115,2692,2759]
[0,715,978,1420,1681,2115,2268,2759]
[0,715,2759]
[0,715,978,1420,1681,2115,2268,2692,2759]
[0,715,978,2115,2759]
[0,1681,2759]
[0,715,978,1420,2115,2268,2692,2759]
[0,1255,1420,2115,2692,2759]
[0,1929,2115,2759]
[0,715,978,1420,1681,1922,2115,2759]
[0,1255,1420,1681,2028,2115,2692,2759]
[0,1420,2115,2759]
[0,1255,1420,2028,2115,2759]
[0,715,1255,1681,1929,2115,2759]
[0,978,1929,2115,2759]
[0,715,2115,2759]
[0,1255,2028,2115,2759]
[0,2028,2115,2759]
[0,715,978,1255,1420,1681,2028,2115,2268,2759]
[0,1255,1420,1681,2115,2268,2759]
[0,715,1255,1922,2115,2759]
[0,2413,2759]
[0,715,978,2115,2268,2692,2759]
[0,1922,2115,2759]
[0,715,1420,1681,2115,2759]
[0,715,978,1922,2115,2759]
[0,715,978,1255,1420,1681,2115,2759]
[0,927,1423,2759]
[0,715,1255,1420,1681,1922,2115,2759]
[0,715,1255,1420,1681,1975,2115,2692,2759]
[0,715,978,1255,1420,1681,2115,2268,2692,2759]
[0,715,978,1255,1420,1681,2115,2692,2759]
[0,2379,2759]
[0,1255,1420,1922,2115,2759]
[0,715,978,1681,2115,2759]
[0,715,1255,1420,2115,2268,2759]
[0,1681,1929,2115,2759]
[0,1255,1420,1681,1922,2115,2759]
[0,715,1337,2115,2759]
[0,1420,1681,2115,2759]
[0,715,978,2692,2759]
[0,715,1255,1420,1681,2028,2115,2268,2759]
[0,715,1255,1420,1681,2692,2759]
[0,1255,1922,2115,2759]
[0,927,1423,2413,2759]
[0,1255,1420,2115,2759]
[0,1255,2115,2759]
[0,715,978,1255,1420,2115,2268,2759]
[0,978,2115,2759]
[0,1255,1420,1681,2759]
[0,715,978,1681,1922,2115,2759]
[0,1255,1420,1681,2115,2759]
[0,1255,1420,1681,2028,2115,2268,2692,2759]
[0,1255,1420,1681,1922,2115,2268,2692,2759]
[0,715,978,1255,1420,1681,1975,2115,2759]
[0,1255,1420,1681,1922,2115,2268,2759]
[0,715,1255,1420,2115,2759]
[0,715,978,1420,1681,2115,2692,2759]
[0,715,978,2115,2268,2759]
[0,1255,1420,1681,1929,2115,2692,2759]
[0,715,1255,1420,1681,2115,2268,2759]
[0,978,1420,2115,2759]
[0,715,1255,1420,1681,2759]
[0,1420,1681,2115,2692,2759]
[0,715,978,1929,2115,2759]
[0,1420,1681,2759]
[0,715,1255,1420,1681,2028,2115,2268,2692,2759]
[0,1681,2692,2759]
[0,2115,2692,2759]
[0,715,978,2115,2692,2759]
[0,2692,2759]
[0,1420,1681,1929,2115,2759]
[0,1681,2115,2759]
[0,715,1255,1420,1681,1922,2115,2268,2692,2759]
[0,1255,1420,2692,2759]
[0,978,2692,2759]
[0,715,978,1255,1420,1681,1929,2115,2692,2759]
[0,1255,1420,2759]
[0,1255,1420,1681,2028,2115,2759]
[0,927,2413,2759]
[0,715,1420,1681,2115,2692,2759]
[0,715,978,1255,1420,1681,1922,2115,2268,2759]
[0,1255,1420,1681,2692,2759]
[0,715,1420,2759]
[0,715,1255,1681,2115,2759]
[0,715,978,1420,2115,2759]
[0,1681,1922,2115,2759]
[0,715,978,1255,1420,1681,1975,2115,2692,2759]
[0,715,978,1420,1681,1929,2115,2759]
[0,715,978,1255,1420,1681,2692,2759]
[0,715,1255,1420,1681,1922,2115,2268,2759]
[0,978,2759]
[0,715,978,1255,1420,1681,2759]
[0,1255,1420,1681,1922,2115,2692,2759]
[0,1255,2759]
[0,927,2759]
[0,715,978,1420,1681,2759]
[0,715,1255,1420,1681,2115,2692,2759]
[0,715,1681,2115,2759]
[0,1420,2759]
[0,715,1255,1420,1681,1929,2115,2692,2759]
[0,715,1255,1420,1681,2028,2115,2759]
[0,715,978,1420,1681,2115,2759]
[0,1255,1420,2115,2268,2759]
[0,978,1420,2759]
[0,715,978,1255,1420,1681,2028,2115,2268,2692,2759]
[0,715,1255,2115,2759]
[0,715,978,1255,1420,1681,1922,2115,2759]
[0,1255,1420,1681,1929,2115,2759]
[0,1255,1420,1681,2028,2115,2268,2759]
[0,1420,1681,2692,2759]
[0,715,1255,1929,2115,2759]
[0,715,1255,1420,1681,1975,2115,2759]
[0,715,978,2759]
[0,1255,1420,2115,2268,2692,2759]
[0,715,1255,2759]
[0,715,978,1255,1420,1681,1922,2115,2268,2692,2759]
[0,1255,1420,1929,2115,2759]
[0,715,978,1420,2115,2268,2759]
[0,715,1255,1681,2759]
[0,715,1420,2115,2759]
[0,715,1255,1420,1681,2115,2759]
[0,715,978,1420,2692,2759]
[0,715,2115,2692,2759]
[0,715,978,1681,2759]
[0,715,978,1255,1420,2115,2759]
[0,1420,1681,1922,2115,2759]
[0,715,978,1681,1929,2115,2759]
[0,715,1255,1420,1681,1929,2115,2759]
[0,715,978,1255,1420,1681,2115,2268,2759]
[0,1255,1929,2115,2759]
[0,715,1681,2759]
[0,715,1255,1681,1922,2115,2759]
[0,978,1922,2115,2759]
