[0,845,1234,1419,1632]
[0,319,481,573,1234,1419,1546,1632]
[0,155,319,481,573,845,1234,1419,1632]
[0,573,1234,1419,1632]
[0,319,481,1234,1419,1632]
[0,155,319,481,715,1234,1370,1632]
[0,481,1632]
[0,155,319,481,573,845,1234,1419,1466,1546,1632]
[0,715,1250,1632]
[0,481,845,1234,1632]
[0,481,573,1234,1632]
[0,319,481,715,1234,1419,1632]
[0,319,481,573,1234,1419,1466,1632]
[0,319,481,573,845,1234,1419,1546,1632]
[0,319,481,573,1234,1419,1466,1546,1632]
[0,319,481,845,1234,1419,1632]
[0,319,481,573,715,1234,1419,1632]
[0,573,1632]
[0,155,319,481,715,1234,1632]
[0,481,573,1234,1419,1632]
[0,715,1234,1632]
[0,155,319,481,845,1234,1419,1632]
[0,155,319,481,573,715,1234,1419,1632]
[0,1234,1419,1466,1632]
[0,319,1234,1419,1632]
[0,155,319,481,573,845,1234,1419,1546,1632]
[0,481,573,1234,1419,1466,1632]
[0,715,1234,1419,1632]
[0,319,481,573,845,1234,1419,1466,1632]
[0,481,715,1234,1419,1632]
[0,319,1234,1632]
[0,319,481,715,1234,1370,1632]
[0,481,845,1234,1419,1632]
[0,319,481,573,1234,1419,1632]
[0,481,715,1234,1632]
[0,155,319,481,573,715,1234,1370,1632]
[0,1234,1419,1632]
[0,155,319,481,715,1234,1419,1632]
[0,573,1234,1419,1466,1632]
[0,1250,1632]
[0,319,481,573,715,1234,1370,1632]
[0,155,319,481,573,845,1234,1419,1466,1632]
[0,573,1234,1632]
[0,715,1632]
[0,319,481,715,1234,1632]
[0,319,481,573,845,1234,1419,1632]
[0,481,715,1234,1370,1632]
[0,1234,1632]
[0,845,1234,1632]
[0,715,1234,1370,1632]
[0,1234,1370,1632]
[0,319,481,573,845,1234,1419,1466,1546,1632]
[0,481,1250,1632]
