[0,153,245,1343]
[0,153,245,348,409,655,910,1034,1343]
[0,141,399,655,813,1236,1343]
[0,245,772,910,1236,1343]
[0,863,1343]
[0,348,409,655,910,1066,1343]
[0,399,655,910,1343]
[0,141,399,655,813,1066,1343]
[0,141,245,348,1343]
[0,245,348,655,910,1034,1236,1343]
[0,910,1034,1343]
[0,348,863,1343]
[0,348,1343]
[0,409,655,910,1066,1343]
[0,245,348,772,910,1236,1343]
[0,399,655,813,1343]
[0,41,348,409,655,910,1066,1236,1343]
[0,409,655,910,1066,1236,1343]
[0,152,399,772,1176,1343]
[0,245,655,910,1034,1343]
[0,153,245,348,655,910,1034,1343]
[0,141,248,1343]
[0,399,1034,1343]
[0,348,772,1343]
[0,399,772,1343]
[0,141,1066,1236,1343]
[0,409,655,910,1034,1343]
[0,153,245,348,655,1343]
[0,41,348,409,655,910,1343]
[0,910,1343]
[0,141,245,655,910,1343]
[0,245,348,409,655,1343]
[0,141,248,655,813,1066,1236,1343]
[0,1176,1343]
[0,409,655,1343]
[0,141,399,655,813,1343]
[0,399,655,1343]
[0,141,655,910,1066,1236,1343]
[0,348,910,1343]
[0,141,655,813,1066,1236,1343]
[0,772,1176,1343]
[0,141,399,1343]
[0,655,910,1066,1343]
[0,399,655,813,1066,1343]
[0,153,245,655,910,1343]
[0,153,245,655,1343]
[0,655,910,1066,1236,1343]
[0,153,245,348,1034,1236,1343]
[0,245,655,1343]
[0,399,655,1066,1343]
[0,655,910,1034,1236,1343]
[0,153,245,348,409,655,910,1343]
[0,152,399,1343]
[0,245,348,655,1343]
[0,245,348,1034,1236,1343]
[0,141,248,655,813,1236,1343]
[0,772,1343]
[0,348,409,655,1343]
[0,348,409,655,910,1343]
[0,141,655,1343]
[0,655,1343]
[0,141,245,348,655,910,1066,1343]
[0,245,348,910,1343]
[0,141,910,1343]
[0,141,813,1066,1343]
[0,153,1343]
[0,1236,1343]
[0,153,245,348,1236,1343]
[0,141,910,1066,1343]
[0,245,348,655,910,1034,1343]
[0,399,772,1176,1343]
[0,41,348,409,655,1343]
[0,813,1343]
[0,772,910,1343]
[0,141,245,1343]
[0,245,1343]
[0,141,248,655,1343]
[0,245,772,910,1343]
[0,245,655,910,1034,1236,1343]
[0,141,248,655,813,1343]
[0,245,1034,1343]
[0,41,348,409,1343]
[0,245,772,1343]
[0,655,910,1343]
[0,399,1066,1343]
[0,141,655,910,1066,1343]
[0,141,245,655,910,1066,1343]
[0,141,655,813,1066,1343]
[0,141,245,348,409,655,1343]
[0,245,348,409,655,910,1343]
[0,1034,1343]
[0,141,655,910,1343]
[0,41,409,1343]
[0,152,399,655,813,1343]
[0,153,245,348,409,655,1343]
[0,245,348,1236,1343]
[0,153,245,348,409,1343]
[0,41,245,348,409,655,1343]
[0,409,655,910,1343]
[0,152,399,655,813,1066,1236,1343]
[0,41,348,409,655,910,1066,1343]
[0,409,655,910,1034,1236,1343]
[0,910,1034,1236,1343]
[0,141,1236,1343]
[0,348,409,655,910,1034,1343]
[0,245,655,910,1343]
[0,348,409,655,910,1034,1236,1343]
[0,245,348,409,655,910,1034,1343]
[0,41,1343]
[0,141,813,1066,1236,1343]
[0,141,399,655,813,1066,1236,1343]
[0,141,813,1343]
[0,153,245,655,910,1034,1236,1343]
[0,153,245,655,910,1034,1343]
[0,1066,1236,1343]
[0,141,245,655,1343]
[0,152,399,1034,1343]
[0,399,655,910,1066,1343]
[0,348,1236,1343]
[0,141,655,813,1236,1343]
[0,772,1236,1343]
[0,152,399,1034,1236,1343]
[0,141,1066,1343]
[0,141,399,655,910,1343]
[0,141,399,655,1343]
[0,153,245,348,655,910,1343]
[0,141,245,348,655,1343]
[0,152,399,772,1343]
[0,41,245,348,409,655,910,1343]
[0,1066,1343]
[0,245,348,409,655,910,1034,1236,1343]
[0,153,245,348,409,655,910,1034,1236,1343]
[0,152,399,655,813,1236,1343]
[0,655,813,1343]
[0,141,1343]
[0,152,1343]
[0,41,245,348,409,655,910,1034,1236,1343]
[0,41,245,348,409,655,910,1034,1343]
[0,152,399,1236,1343]
[0,245,348,655,910,1343]
[0,141,248,399,655,813,1066,1236,1343]
[0,141,245,655,910,1066,1236,1343]
[0,141,245,399,655,910,1066,1236,1343]
[0,245,348,409,1343]
[0,910,1066,1236,1343]
[0,152,399,655,813,1066,1343]
[0,141,245,348,409,655,910,1066,1343]
[0,409,1343]
[0,141,399,655,910,1066,1343]
[0,1034,1236,1343]
[0,141,245,348,409,655,910,1343]
[0,41,245,348,409,1343]
[0,141,655,813,1343]
[0,348,409,1343]
[0,141,399,655,910,1066,1236,1343]
[0,655,910,1034,1343]
[0,348,409,655,910,1066,1236,1343]
[0,245,348,772,910,1343]
[0,245,348,1343]
[0,141,245,348,409,1343]
[0,141,245,348,655,910,1343]
[0,772,910,1236,1343]
[0,153,245,348,655,910,1034,1236,1343]
[0,813,1066,1343]
[0,910,1066,1343]
[0,141,245,348,409,655,910,1066,1236,1343]
[0,153,245,348,1343]
[0,141,245,348,655,910,1066,1236,1343]
[0,141,910,1066,1236,1343]
[0,399,1343]
[0,245,1034,1236,1343]
[0,655,813,1066,1343]
