[0,212,369,518,1004,1156,1595,1810]
[0,220,423,963,1156,1511,1810]
[0,212,369,1004,1156,1810]
[0,1004,1810]
[0,209,518,1004,1584,1810]
[0,369,963,1810]
[0,963,1459,1595,1810]
[0,212,369,963,1810]
[0,1459,1595,1810]
[0,963,1595,1810]
[0,229,518,830,1004,1156,1584,1810]
[0,209,518,1004,1161,1810]
[0,963,1156,1595,1810]
[0,209,369,819,1004,1161,1459,1584,1810]
[0,212,369,518,963,1595,1810]
[0,819,1004,1810]
[0,212,369,830,1004,1156,1810]
[0,369,1119,1810]
[0,209,369,819,1004,1161,1459,1584,1751,1810]
[0,423,963,1511,1810]
[0,209,369,819,1004,1161,1584,1810]
[0,229,518,830,1004,1810]
[0,212,369,518,1004,1156,1459,1595,1810]
[0,209,369,1004,1810]
[0,212,369,1004,1810]
[0,229,369,1004,1156,1584,1810]
[0,229,518,1004,1156,1810]
[0,209,518,1004,1161,1584,1810]
[0,369,1004,1584,1810]
[0,369,1004,1595,1810]
[0,423,963,1156,1595,1810]
[0,209,369,518,1004,1161,1459,1584,1810]
[0,423,963,1810]
[0,1595,1810]
[0,369,1004,1810]
[0,518,1004,1810]
[0,212,369,1004,1595,1810]
[0,369,830,1004,1595,1810]
[0,423,963,1156,1810]
[0,367,1119,1810]
[0,212,369,518,830,1004,1156,1459,1595,1810]
[0,209,369,1004,1161,1584,1810]
[0,369,1810]
[0,229,369,518,830,1004,1156,1584,1810]
[0,229,518,1004,1156,1584,1810]
[0,212,369,518,1004,1156,1810]
[0,1119,1810]
[0,220,423,963,1156,1595,1810]
[0,209,369,518,1004,1161,1584,1810]
[0,229,369,518,1004,1156,1810]
[0,212,369,830,1004,1156,1595,1810]
[0,209,369,819,1004,1161,1584,1751,1810]
[0,518,1810]
[0,212,369,963,1459,1595,1810]
[0,369,1004,1156,1810]
[0,229,518,1004,1584,1810]
[0,229,369,518,1004,1156,1584,1810]
[0,220,423,963,1595,1810]
[0,212,369,518,963,1810]
[0,423,963,1156,1459,1595,1810]
[0,229,369,1004,1156,1459,1584,1810]
[0,220,423,963,1810]
[0,212,369,830,1004,1810]
[0,423,963,1595,1810]
[0,518,1004,1584,1810]
[0,369,819,1004,1810]
[0,369,1004,1459,1810]
[0,212,369,518,963,1459,1595,1810]
[0,209,369,819,1004,1161,1810]
[0,209,369,1004,1584,1810]
[0,518,1161,1810]
[0,212,369,1004,1459,1810]
[0,220,423,963,1511,1810]
[0,229,369,1004,1156,1810]
[0,220,423,963,1156,1459,1595,1810]
[0,229,369,1004,1810]
[0,369,963,1595,1810]
[0,369,819,1004,1584,1810]
[0,212,369,1004,1459,1595,1810]
[0,518,1004,1161,1810]
[0,229,369,518,830,1004,1156,1459,1584,1810]
[0,369,1004,1156,1584,1810]
[0,963,1156,1810]
[0,209,369,819,1004,1810]
[0,209,369,1004,1161,1810]
[0,212,369,518,830,1004,1156,1595,1810]
[0,229,369,518,1004,1156,1459,1584,1810]
[0,963,1810]
[0,220,423,963,1156,1810]
[0,369,830,1004,1810]
[0,212,369,1004,1156,1459,1595,1810]
[0,229,518,1004,1810]
[0,229,518,830,1004,1584,1810]
[0,423,963,1459,1595,1810]
[0,212,369,1810]
[0,209,518,1004,1161,1459,1584,1810]
[0,518,1004,1156,1810]
[0,1161,1810]
[0,209,518,1004,1810]
[0,518,819,1810]
[0,212,369,830,1004,1595,1810]
[0,212,369,1004,1156,1595,1810]
[0,212,369,963,1595,1810]
[0,209,369,819,1004,1584,1810]
[0,209,369,1810]
[0,209,369,518,1004,1161,1810]
