[0,112,273,373,485,989,1139,1180]
[0,150,273,507,989,1180]
[0,245,373,507,989,1180]
[0,273,373,485,989,1180]
[0,150,245,485,989,1139,1180]
[0,373,989,1180]
[0,112,273,485,729,889,989,1180]
[0,245,485,889,989,1180]
[0,273,485,989,1139,1180]
[0,152,245,485,729,889,989,1139,1180]
[0,230,485,989,1180]
[0,150,245,485,729,889,989,1139,1180]
[0,245,373,989,1180]
[0,273,485,889,989,1180]
[0,150,245,485,729,989,1139,1180]
[0,112,273,373,485,729,989,1139,1180]
[0,273,373,485,989,1139,1180]
[0,150,245,485,889,989,1180]
[0,152,245,485,989,1180]
[0,150,273,507,989,1139,1180]
[0,687,989,1180]
[0,245,485,729,989,1180]
[0,273,729,989,1180]
[0,152,245,485,889,989,1180]
[0,687,1180]
[0,150,245,373,507,989,1180]
[0,485,729,1180]
[0,241,687,1180]
[0,150,245,485,989,1180]
[0,273,485,1180]
[0,245,485,729,889,989,1180]
[0,241,687,989,1180]
[0,112,273,373,485,729,989,1180]
[0,112,273,373,485,989,1180]
[0,112,273,373,485,729,889,989,1139,1180]
[0,273,989,1180]
[0,150,245,373,989,1180]
[0,245,507,1180]
[0,230,485,1180]
[0,507,989,1180]
[0,245,485,989,1180]
[0,150,245,373,989,1139,1180]
[0,112,273,373,485,578,989,1139,1180]
[0,273,485,729,889,989,1139,1180]
[0,152,245,485,729,889,989,1180]
[0,241,1180]
[0,373,1180]
[0,112,273,373,485,578,989,1180]
[0,507,1180]
[0,245,1180]
[0,989,1180]
[0,245,485,729,1180]
[0,112,273,485,729,989,1180]
[0,273,373,485,729,889,989,1139,1180]
[0,245,373,485,729,989,1180]
[0,273,485,729,989,1180]
[0,485,1180]
[0,273,485,989,1180]
[0,150,245,373,485,729,989,1139,1180]
[0,273,485,729,1180]
[0,150,245,373,485,729,989,1180]
[0,729,1180]
[0,112,273,373,485,729,889,989,1180]
[0,150,245,485,729,989,1180]
[0,273,1180]
[0,245,507,989,1180]
[0,112,273,485,989,1180]
[0,485,989,1180]
[0,273,485,729,889,989,1180]
[0,150,245,485,729,889,989,1180]
[0,273,373,485,729,889,989,1180]
[0,112,273,485,989,1139,1180]
[0,150,245,373,507,989,1139,1180]
[0,273,507,989,1180]
[0,245,485,1180]
[0,273,507,1180]
[0,273,729,1180]
