[0,41,233,718,814,1046]
[0,233,718,814,1046]
[0,41,233,718,1046]
[0,41,233,548,718,1046]
[0,41,153,1046]
[0,718,814,1046]
[0,233,548,608,718,814,912,1046]
[0,548,718,1046]
[0,41,153,718,797,1046]
[0,41,233,718,811,1046]
[0,41,153,548,608,718,814,912,1046]
[0,153,544,718,912,1046]
[0,608,838,1046]
[0,41,233,544,608,718,797,1046]
[0,153,608,1046]
[0,41,153,544,608,718,797,1046]
[0,233,548,718,814,912,1046]
[0,153,718,1046]
[0,41,608,1046]
[0,608,1046]
[0,233,544,718,1046]
[0,153,544,608,718,797,912,1046]
[0,41,153,718,814,1046]
[0,233,548,718,912,1046]
[0,722,1046]
[0,225,718,1046]
[0,233,718,797,1046]
[0,153,548,718,814,912,1046]
[0,41,233,544,718,797,1046]
[0,41,722,1046]
[0,41,153,544,608,718,797,912,1046]
[0,153,718,814,912,1046]
[0,233,544,718,912,1046]
[0,41,233,548,608,718,814,912,1046]
[0,153,544,718,1046]
[0,41,233,718,797,1046]
[0,233,718,1046]
[0,153,608,838,1046]
[0,41,233,544,608,718,797,912,1046]
[0,153,544,718,797,1046]
[0,233,722,1046]
[0,153,1046]
[0,608,718,1046]
[0,233,548,718,1046]
[0,233,544,718,797,1046]
[0,153,544,718,797,912,1046]
[0,41,233,608,1046]
[0,41,233,548,608,718,1046]
[0,153,544,608,718,797,1046]
[0,41,233,532,608,1046]
[0,153,718,912,1046]
[0,153,548,608,718,814,1046]
[0,153,722,982,1046]
[0,233,532,608,1046]
[0,233,548,718,814,1046]
[0,153,718,797,912,1046]
[0,41,233,722,1046]
[0,233,718,811,1046]
[0,153,718,797,1046]
[0,718,1046]
[0,153,548,608,718,814,912,1046]
[0,718,811,1046]
[0,233,548,608,718,1046]
[0,233,548,608,718,814,1046]
[0,544,718,1046]
[0,153,548,718,912,1046]
[0,41,233,718,814,912,1046]
[0,41,153,548,718,814,1046]
[0,41,153,718,1046]
[0,233,718,912,1046]
[0,41,718,1046]
[0,41,233,718,797,912,1046]
[0,153,722,1046]
[0,41,233,548,718,814,1046]
[0,153,718,814,1046]
[0,153,548,718,1046]
[0,41,153,544,718,797,1046]
[0,233,544,718,797,912,1046]
[0,532,608,1046]
[0,41,153,548,608,718,814,1046]
[0,233,718,814,912,1046]
[0,233,544,608,718,797,912,1046]
[0,41,233,548,608,718,814,1046]
[0,41,608,718,1046]
[0,718,797,1046]
[0,233,718,797,912,1046]
[0,233,544,608,718,797,1046]
[0,233,608,1046]
[0,153,548,718,814,1046]
