[0,303,1821,2554]
[0,816,1125,1342,1614,1821,2118,2554]
[0,816,1125,1342,1821,2554]
[0,1821,2554]
[0,816,1342,2554]
[0,816,1125,1342,1614,1821,2406,2554]
[0,816,1125,1342,1614,1821,2554]
[0,1909,2554]
[0,1821,2118,2406,2554]
[0,303,559,1614,1821,2554]
[0,816,1125,1342,1614,1821,2118,2406,2554]
[0,816,1342,1821,2118,2554]
[0,1106,1342,1821,2554]
[0,816,1342,1614,1821,2406,2554]
[0,303,1909,2554]
[0,559,1821,2554]
[0,1821,2118,2554]
[0,261,559,1159,1821,2186,2554]
[0,559,1614,1821,2554]
[0,303,2406,2554]
[0,1106,1342,1614,1821,2554]
[0,2406,2554]
[0,303,559,1614,2554]
[0,559,1614,1821,2406,2554]
[0,559,1614,2554]
[0,303,559,1614,1821,2004,2406,2554]
[0,816,1125,1342,1821,2118,2554]
[0,816,1614,1821,2118,2554]
[0,559,2554]
[0,1821,2406,2554]
[0,303,559,1614,1821,2004,2554]
[0,303,559,2406,2554]
[0,1342,1821,2554]
[0,1614,1821,2118,2554]
[0,1106,1342,1614,1821,2406,2554]
[0,816,2554]
[0,303,559,2554]
[0,816,1614,2554]
[0,816,1821,2118,2554]
[0,303,1614,1821,2554]
[0,816,2118,2554]
[0,816,1614,1821,2406,2554]
[0,1106,1342,1821,2406,2554]
[0,816,1342,1614,1821,2554]
[0,303,2554]
[0,1106,1342,2554]
[0,1614,1821,2406,2554]
[0,1342,1821,2406,2554]
[0,1159,1821,2554]
[0,1106,2554]
[0,303,559,1614,1821,2406,2554]
[0,1614,1821,2554]
[0,559,1159,1821,2186,2554]
[0,816,1614,1821,2554]
[0,1614,2554]
[0,816,1342,1614,1821,2118,2554]
[0,559,1159,1821,2554]
[0,816,1342,1821,2554]
