[0,565,1180]
[0,358,1180]
[0,264,727,1180]
[0,315,452,565,685,1180]
[0,44,358,452,565,674,1122,1180]
[0,44,358,674,1000,1180]
[0,315,452,727,1180]
[0,44,264,315,452,565,685,1180]
[0,674,1180]
[0,555,1122,1180]
[0,452,565,727,1180]
[0,565,727,878,1180]
[0,727,1180]
[0,264,315,452,565,727,1180]
[0,555,1180]
[0,358,452,565,674,727,878,1122,1180]
[0,358,452,565,1122,1180]
[0,315,452,1180]
[0,315,1180]
[0,358,1122,1180]
[0,44,315,452,565,685,1180]
[0,315,727,1180]
[0,555,685,1122,1180]
[0,44,358,452,565,685,1122,1180]
[0,358,452,565,674,1122,1180]
[0,44,565,685,1122,1180]
[0,44,555,685,1000,1180]
[0,358,452,565,727,1180]
[0,358,452,1122,1180]
[0,555,1000,1180]
[0,44,555,685,1180]
[0,358,452,565,1180]
[0,358,674,1180]
[0,358,452,565,685,1122,1180]
[0,358,452,565,674,1180]
[0,950,1180]
[0,44,358,674,1180]
[0,315,452,565,727,1180]
[0,358,674,1000,1180]
[0,44,674,1180]
[0,565,1122,1180]
[0,555,685,1000,1180]
[0,44,315,950,1180]
[0,315,950,1180]
[0,44,264,315,452,565,727,1180]
[0,315,452,685,1180]
[0,1000,1180]
[0,452,565,727,878,1180]
[0,565,685,1122,1180]
[0,44,358,452,565,674,727,878,1122,1180]
[0,358,452,565,727,878,1180]
[0,44,358,452,565,727,1122,1180]
[0,44,555,685,1122,1180]
[0,452,565,685,1180]
[0,452,565,674,1180]
[0,178,1000,1180]
[0,452,1180]
[0,685,1180]
[0,264,315,452,565,685,1180]
[0,44,565,685,1180]
[0,178,667,1000,1180]
[0,667,1180]
[0,44,315,452,565,727,1180]
[0,44,1180]
[0,44,358,452,565,727,878,1122,1180]
[0,358,452,565,727,878,1122,1180]
[0,358,452,565,727,1122,1180]
[0,667,1000,1180]
[0,315,685,1180]
[0,565,727,1180]
[0,452,565,1180]
[0,565,674,1180]
[0,358,452,1180]
[0,44,950,1180]
[0,358,452,565,685,1180]
[0,565,685,1180]
[0,555,685,1180]
[0,1122,1180]
