[0,119,184,394,698,867,1046]
[0,119,184,394,698,867,950,1046]
[0,119,184,394,515,698,867,1046]
[0,119,394,515,698,1046]
[0,44,119,184,394,532,698,867,950,1046]
[0,119,394,698,867,950,1046]
[0,698,867,1046]
[0,44,119,1046]
[0,394,698,867,1046]
[0,394,532,698,867,1046]
[0,119,394,532,698,867,1046]
[0,698,1046]
[0,119,394,515,698,867,1046]
[0,119,1046]
[0,119,394,1046]
[0,119,394,648,698,867,1046]
[0,119,394,532,698,867,950,1046]
[0,119,184,394,515,648,698,867,950,1046]
[0,119,394,698,867,1046]
[0,119,184,394,515,698,867,950,1046]
[0,44,119,184,394,648,698,867,1046]
[0,394,515,698,1046]
[0,394,532,698,1046]
[0,44,119,184,394,515,648,698,867,950,1046]
[0,44,119,394,532,1046]
[0,44,119,394,532,698,867,1046]
[0,119,184,394,648,698,867,950,1046]
[0,44,119,394,532,698,1046]
[0,394,867,1046]
[0,394,515,1046]
[0,119,184,394,532,698,867,950,1046]
[0,394,532,1046]
[0,119,184,698,867,1046]
[0,119,698,867,950,1046]
[0,119,394,515,698,867,950,1046]
[0,44,119,184,394,648,698,867,950,1046]
[0,119,698,867,1046]
[0,119,648,698,1046]
[0,119,184,394,532,698,867,1046]
[0,119,184,394,532,648,698,867,950,1046]
[0,44,119,184,394,532,648,698,867,950,1046]
[0,44,119,648,698,867,1046]
[0,119,698,1046]
[0,119,394,515,1046]
[0,119,184,698,867,950,1046]
[0,44,119,394,1046]
[0,394,1046]
[0,119,648,698,867,1046]
[0,44,119,394,648,698,867,1046]
[0,44,119,184,394,532,698,867,1046]
[0,119,184,394,648,698,867,1046]
[0,119,394,532,1046]
[0,119,394,532,698,1046]
[0,394,698,1046]
[0,394,515,698,867,1046]
[0,44,119,648,698,1046]
