[0,438,885,1270,2554]
[0,1392,2554]
[0,885,1270,2554]
[0,438,2215,2554]
[0,247,438,1064,1309,2215,2554]
[0,438,569,885,1270,2487,2554]
[0,438,579,1064,1309,2554]
[0,569,1064,2554]
[0,438,569,885,2554]
[0,885,2554]
[0,438,579,2554]
[0,438,885,1270,2215,2554]
[0,885,1309,2554]
[0,438,579,885,1309,2554]
[0,438,579,885,1309,2215,2554]
[0,438,569,1064,1270,2554]
[0,1064,1309,2215,2554]
[0,438,569,1064,1270,2487,2554]
[0,438,885,1309,2554]
[0,438,1270,2215,2554]
[0,1475,2554]
[0,439,1392,2215,2554]
[0,1653,2554]
[0,247,438,579,1064,1309,2215,2554]
[0,579,1064,1309,2215,2554]
[0,885,1270,2215,2554]
[0,438,1270,2554]
[0,1270,2554]
[0,579,1064,1309,2554]
[0,438,885,1475,2215,2554]
[0,438,2554]
[0,438,569,885,1270,2554]
[0,1309,2554]
[0,579,1064,2554]
[0,569,885,2554]
[0,438,579,885,2554]
[0,1064,2215,2554]
[0,885,1475,2554]
[0,344,885,1270,2215,2554]
[0,439,1392,2554]
[0,579,885,1309,2215,2554]
[0,569,1064,1270,2554]
[0,579,885,2554]
[0,579,885,1309,2554]
[0,438,885,1309,2215,2554]
[0,885,1309,2215,2554]
[0,438,1309,2554]
[0,1064,1270,2554]
[0,579,1064,2215,2554]
[0,438,1064,1309,2215,2554]
[0,438,885,1475,2554]
[0,438,569,2554]
[0,2215,2554]
[0,1064,2554]
[0,438,1064,2554]
[0,344,885,1270,2554]
[0,438,1064,2215,2554]
[0,1064,1309,2554]
[0,438,579,1064,1309,2215,2554]
[0,569,885,1270,2554]
[0,885,1475,2215,2554]
