[0,794,1585,1923,2019]
[0,1773,1923,2019]
[0,794,1773,1923,2019]
[0,553,794,1593,1868,2019]
[0,617,794,1593,1868,2019]
[0,595,794,1593,1868,2019]
[0,117,332,617,794,1378,1450,1593,1868,2019]
[0,794,1773,2019]
[0,595,794,1593,2019]
[0,1450,1593,1923,2019]
[0,332,722,1585,2019]
[0,794,2019]
[0,553,1450,1593,2019]
[0,617,794,2019]
[0,553,2019]
[0,553,794,1593,2019]
[0,117,595,794,1585,1773,1923,2019]
[0,117,553,794,1593,1868,2019]
[0,595,794,1773,2019]
[0,595,794,1773,1923,2019]
[0,1585,2019]
[0,617,794,1450,1593,1868,2019]
[0,794,1585,2019]
[0,332,722,2019]
[0,332,617,794,1593,1868,2019]
[0,553,794,1414,1593,1868,2019]
[0,332,794,2019]
[0,722,1585,2019]
[0,617,794,1378,1450,1593,1868,2019]
[0,553,794,2019]
[0,722,2019]
[0,117,553,794,2019]
[0,117,595,794,1450,1585,1773,2019]
[0,332,2019]
[0,617,794,1378,1450,1593,2019]
[0,387,553,794,1450,1593,2019]
[0,1450,1593,2019]
[0,595,794,1450,1585,1773,1923,2019]
[0,595,794,1585,2019]
[0,794,1593,2019]
[0,332,794,1593,2019]
[0,595,794,1585,1923,2019]
[0,553,794,1378,1450,1593,1923,2019]
[0,595,794,1585,1773,2019]
[0,117,595,794,1585,2019]
[0,1773,2019]
[0,387,553,794,1593,2019]
[0,117,595,794,1414,1593,1868,2019]
[0,117,617,794,1378,1450,1593,1868,2019]
[0,117,595,794,1585,1773,2019]
[0,553,794,1414,1593,2019]
[0,595,794,1450,1585,1923,2019]
[0,332,617,794,1450,1593,1868,2019]
[0,117,617,794,1450,1593,1868,2019]
[0,1585,1923,2019]
[0,595,794,1450,1585,1773,2019]
[0,617,1593,2019]
[0,117,595,794,1450,1585,2019]
[0,595,794,1414,1593,2019]
[0,595,2019]
[0,617,2019]
[0,595,794,2019]
[0,595,794,1585,1773,1923,2019]
[0,617,1450,1593,2019]
[0,332,617,794,1593,2019]
[0,553,1450,1593,1923,2019]
[0,117,332,617,794,1450,1593,1868,2019]
[0,387,553,794,1378,1450,1593,1923,2019]
[0,595,794,1450,1585,2019]
[0,553,1593,2019]
[0,553,794,1450,1593,2019]
[0,617,794,1450,1593,2019]
[0,617,794,1593,2019]
[0,387,553,794,1450,1593,1923,2019]
[0,553,794,1450,1593,1923,2019]
[0,595,794,1414,1593,1868,2019]
[0,117,553,794,1414,1593,1868,2019]
[0,1593,2019]
[0,117,595,794,1450,1585,1773,1923,2019]
[0,1923,2019]
[0,617,1585,2019]
