[0,396,897,1249,1652,1950,2019]
[0,396,578,715,897,1006,1249,1652,1950,2019]
[0,396,578,1249,2019]
[0,367,897,2019]
[0,578,1249,1652,2019]
[0,337,808,1249,1927,2019]
[0,1927,2019]
[0,1643,2019]
[0,396,897,1006,1249,1652,1950,2019]
[0,396,1006,2019]
[0,196,396,897,1006,1249,1500,1927,2019]
[0,897,1249,1652,2019]
[0,196,396,714,897,1006,1249,1500,2019]
[0,396,578,715,897,1006,1249,1652,2019]
[0,396,1249,1500,2019]
[0,1500,2019]
[0,1533,2019]
[0,396,1249,1420,1652,1950,2019]
[0,1249,2019]
[0,396,714,897,1006,1249,1420,1652,1950,2019]
[0,396,1005,1249,1643,2019]
[0,396,1006,1249,2019]
[0,396,578,715,897,2019]
[0,1249,1500,2019]
[0,897,1249,1500,2019]
[0,196,396,1249,1500,2019]
[0,367,897,1673,2019]
[0,396,647,714,897,1006,1249,1500,1927,2019]
[0,367,1673,2019]
[0,396,897,1249,1500,1927,2019]
[0,396,1652,2019]
[0,337,808,1249,2019]
[0,396,578,715,897,1249,1652,2019]
[0,396,578,2019]
[0,396,1005,1249,1420,1652,1950,2019]
[0,396,897,1249,1652,2019]
[0,396,714,897,1006,1249,1500,2019]
[0,1373,1927,2019]
[0,1006,1249,2019]
[0,196,396,647,714,897,1006,1249,1500,1927,2019]
[0,715,1373,2019]
[0,396,578,1249,1652,2019]
[0,396,714,897,1249,1652,2019]
[0,1673,2019]
[0,196,396,714,897,1249,1500,2019]
[0,396,578,1950,2019]
[0,396,714,897,1006,1249,1420,1652,2019]
[0,396,714,1249,2019]
[0,396,897,2019]
[0,396,578,715,2019]
[0,1249,1652,1950,2019]
[0,715,1373,1927,2019]
[0,196,396,897,1249,1500,2019]
[0,396,897,1006,1249,1500,1927,2019]
[0,396,897,1006,1249,1500,2019]
[0,396,1249,1643,1950,2019]
[0,1249,1420,1652,1950,2019]
[0,396,897,1006,1249,1420,1652,1950,2019]
[0,1006,2019]
[0,396,578,897,1249,1652,2019]
[0,1373,2019]
[0,396,578,715,897,1006,1249,1420,1652,1950,2019]
[0,396,897,1249,1420,1652,2019]
[0,196,396,897,1006,1249,1500,2019]
[0,396,578,897,2019]
[0,396,897,1006,1249,1420,1652,2019]
[0,396,714,1006,1249,2019]
[0,396,714,1006,1249,1927,2019]
[0,367,2019]
[0,1652,2019]
[0,396,1249,1420,1652,2019]
[0,396,1249,1500,1927,2019]
[0,396,578,715,897,1249,1420,1652,2019]
[0,396,1006,1927,2019]
[0,396,578,715,897,1249,1652,1950,2019]
[0,396,647,714,897,1249,1500,2019]
[0,396,714,897,1006,1249,1500,1927,2019]
[0,396,1006,1249,1927,2019]
[0,396,1005,1249,1643,1950,2019]
[0,578,1249,2019]
[0,396,897,1249,2019]
[0,396,647,714,897,1249,1500,1927,2019]
[0,396,1249,1652,2019]
[0,897,2019]
[0,396,1249,1643,2019]
[0,396,714,897,1249,1500,1927,2019]
[0,196,396,1249,1500,1927,2019]
[0,396,1005,1249,1652,2019]
[0,1249,1420,1652,2019]
[0,1643,1950,2019]
[0,897,1249,2019]
[0,1249,1652,2019]
[0,396,1005,1249,1420,1652,2019]
[0,714,897,1249,1500,2019]
[0,396,714,897,1249,1500,2019]
[0,396,897,1006,1249,1652,2019]
[0,396,578,897,1249,1420,1652,2019]
[0,396,578,897,1249,1652,1950,2019]
[0,1249,1643,2019]
[0,808,1249,2019]
[0,396,578,1652,1950,2019]
[0,808,2019]
[0,396,578,1249,1652,1950,2019]
[0,396,1500,2019]
[0,396,1927,2019]
[0,396,1249,2019]
[0,396,897,1249,1500,2019]
[0,1249,1500,1927,2019]
[0,196,396,714,897,1006,1249,1500,1927,2019]
[0,1652,1950,2019]
[0,396,714,2019]
[0,396,714,897,1249,1420,1652,2019]
[0,1950,2019]
[0,715,1533,2019]
[0,396,578,715,897,1249,2019]
[0,396,578,715,897,1006,1249,1420,1652,2019]
[0,396,2019]
[0,396,578,1652,2019]
[0,396,578,897,1249,2019]
[0,647,714,897,1249,1500,2019]
[0,1249,1643,1950,2019]
[0,897,1249,1652,1950,2019]
[0,715,2019]
