[0,587,816,1022,1245,2019]
[0,515,657,1022,1245,1919,2019]
[0,515,657,1340,1919,2019]
[0,86,430,587,816,1245,1386,1919,2019]
[0,587,1245,2019]
[0,430,587,1245,1919,2019]
[0,547,1114,1603,2019]
[0,515,1022,1919,2019]
[0,587,816,1022,1245,1919,2019]
[0,430,547,657,1340,1622,1919,2019]
[0,1022,2019]
[0,515,1340,2019]
[0,515,1022,1245,2019]
[0,430,547,657,1340,1919,2019]
[0,1022,1919,2019]
[0,86,547,1114,1919,2019]
[0,86,1245,1603,1671,1919,2019]
[0,1245,1386,1919,2019]
[0,86,587,1245,1603,1671,1919,2019]
[0,79,515,657,1022,1245,1919,2019]
[0,515,1022,1671,1919,2019]
[0,515,1671,1919,2019]
[0,86,430,587,1245,1603,1671,1919,2019]
[0,79,515,1022,1919,2019]
[0,430,515,816,1245,1919,2019]
[0,515,816,1245,1603,1919,2019]
[0,430,587,1245,1603,2019]
[0,430,587,816,1022,1245,1603,1919,2019]
[0,547,1114,2019]
[0,515,1245,1603,1919,2019]
[0,515,816,1022,1245,1919,2019]
[0,515,1245,1919,2019]
[0,430,547,1340,1919,2019]
[0,86,430,547,657,1340,1622,1919,2019]
[0,86,515,657,1340,1919,2019]
[0,1245,2019]
[0,587,1245,1603,1919,2019]
[0,430,515,1245,1919,2019]
[0,1114,1919,2019]
[0,515,1340,1622,2019]
[0,86,430,587,1245,1919,2019]
[0,547,1340,1919,2019]
[0,430,587,1245,1386,2019]
[0,86,547,1114,1603,1919,2019]
[0,430,547,657,1340,1622,2019]
[0,79,515,1022,1671,1919,2019]
[0,587,1245,1386,2019]
[0,86,430,587,816,1022,1245,1603,1919,2019]
[0,515,1245,1603,2019]
[0,1245,1386,2019]
[0,430,547,1340,2019]
[0,515,657,1092,1340,1622,2019]
[0,515,1245,2019]
[0,1671,2019]
[0,547,657,2019]
[0,515,816,1245,1919,2019]
[0,86,1245,1919,2019]
[0,1114,2019]
[0,86,1245,1603,1919,2019]
[0,430,587,816,1022,1245,1919,2019]
[0,86,547,1114,2019]
[0,430,587,816,1245,1386,2019]
[0,86,430,587,816,1245,1919,2019]
[0,515,657,1245,1919,2019]
[0,79,1919,2019]
[0,430,515,1245,1603,1671,1919,2019]
[0,587,1245,1603,2019]
[0,79,515,1245,1919,2019]
[0,515,1022,2019]
[0,515,657,1245,2019]
[0,515,1022,1671,2019]
[0,430,515,816,1022,1245,1919,2019]
[0,1245,1603,2019]
[0,1340,2019]
[0,587,816,1022,1245,1603,1919,2019]
[0,430,587,816,1245,1603,2019]
[0,86,515,657,1340,1622,1919,2019]
[0,430,515,657,1245,1919,2019]
[0,430,587,816,1245,2019]
[0,515,816,1245,1603,2019]
[0,547,1340,2019]
[0,86,430,587,1245,1603,1919,2019]
[0,430,515,657,1022,1245,1919,2019]
[0,430,587,1245,1386,1919,2019]
[0,430,587,1245,2019]
[0,79,1671,1919,2019]
[0,430,587,816,1245,1603,1919,2019]
[0,547,1340,1622,2019]
[0,430,515,1245,1603,1919,2019]
[0,86,430,587,816,1022,1245,1919,2019]
[0,1245,1603,1919,2019]
[0,515,657,1022,1245,2019]
[0,86,430,547,657,1340,1919,2019]
[0,79,515,1671,1919,2019]
[0,86,430,587,816,1245,1603,1919,2019]
[0,430,547,657,1340,2019]
[0,515,1340,1622,1919,2019]
[0,430,547,2019]
[0,430,515,816,1245,1603,1671,1919,2019]
[0,515,816,1245,2019]
[0,430,515,816,1022,1245,1603,1919,2019]
[0,430,515,1245,1603,1671,2019]
[0,1919,2019]
[0,430,547,1340,1622,2019]
[0,587,1245,1386,1919,2019]
[0,587,816,1022,1245,1603,2019]
[0,515,816,1022,1245,1603,1919,2019]
[0,79,1022,1919,2019]
[0,1671,1919,2019]
[0,515,657,1092,1340,1622,1919,2019]
[0,86,1340,1919,2019]
[0,547,1114,1603,1919,2019]
[0,587,816,1245,2019]
[0,515,1671,2019]
[0,1340,1919,2019]
[0,515,657,1340,1622,2019]
[0,587,816,1245,1603,2019]
[0,1245,1603,1671,1919,2019]
[0,587,1245,1919,2019]
[0,430,587,816,1022,1245,1603,2019]
[0,1245,1919,2019]
[0,430,515,1245,2019]
[0,86,587,1245,1919,2019]
[0,657,2019]
[0,515,1340,1919,2019]
[0,430,2019]
[0,515,1092,1340,1622,2019]
[0,86,430,587,816,1245,1603,1671,1919,2019]
[0,515,816,1022,1245,2019]
[0,515,816,1022,1245,1603,2019]
[0,430,587,816,1245,1919,2019]
[0,86,515,1340,1622,1919,2019]
[0,430,587,816,1022,1245,2019]
[0,79,515,657,1245,1919,2019]
[0,1340,1622,2019]
[0,86,515,657,1092,1340,1622,1919,2019]
[0,587,816,1245,1919,2019]
[0,86,515,1340,1919,2019]
[0,515,657,1340,2019]
[0,515,1245,1603,1671,2019]
[0,430,515,1245,1603,2019]
[0,515,657,1340,1622,1919,2019]
[0,547,1114,1919,2019]
[0,515,657,2019]
[0,430,547,657,2019]
[0,86,587,1245,1603,1919,2019]
[0,515,2019]
[0,1245,1603,1671,2019]
[0,430,515,816,1245,1603,1919,2019]
[0,86,430,587,1245,1386,1919,2019]
[0,430,587,1245,1603,1919,2019]
[0,430,587,816,1245,1386,1919,2019]
[0,86,430,587,816,1022,1245,1603,1671,1919,2019]
[0,430,515,816,1022,1245,1603,1671,1919,2019]
