[0,76,400,706,1911]
[0,76,400,1225,1498,1911]
[0,76,400,706,786,1225,1486,1911]
[0,1225,1486,1911]
[0,1225,1498,1911]
[0,1225,1911]
[0,76,400,706,786,1225,1911]
[0,400,706,1911]
[0,76,706,1911]
[0,400,706,786,1225,1911]
[0,76,1911]
[0,400,1225,1498,1911]
[0,76,1225,1911]
[0,400,1225,1911]
[0,400,1225,1486,1911]
[0,235,1225,1498,1911]
[0,400,706,1225,1911]
[0,706,1225,1911]
[0,76,400,706,1225,1486,1911]
[0,76,400,706,786,1911]
[0,235,1225,1911]
[0,76,400,706,1225,1498,1911]
[0,400,706,786,1225,1486,1911]
[0,400,706,1225,1486,1911]
[0,400,706,786,1911]
[0,400,706,1225,1498,1911]
[0,706,1911]
[0,400,1911]
[0,235,1911]
[0,76,1225,1486,1911]
[0,76,1225,1498,1911]
[0,235,706,1911]
[0,501,1911]
[0,76,400,1225,1486,1911]
[0,501,1436,1911]
