[0,526,732,1181,1875]
[0,433,1150,1875]
[0,98,1181,1875]
[0,433,770,1181,1875]
[0,170,433,1181,1875]
[0,433,732,1181,1875]
[0,98,433,770,1181,1875]
[0,98,526,1181,1875]
[0,433,732,1181,1418,1653,1875]
[0,433,526,732,1181,1418,1788,1875]
[0,526,1181,1875]
[0,838,1181,1875]
[0,838,1181,1442,1653,1875]
[0,433,526,732,1181,1231,1788,1875]
[0,433,1181,1653,1875]
[0,732,1181,1418,1653,1875]
[0,98,433,526,770,1181,1875]
[0,433,1231,1875]
[0,98,433,770,1181,1442,1788,1875]
[0,98,770,1181,1442,1788,1875]
[0,1181,1875]
[0,170,732,1181,1418,1653,1788,1875]
[0,98,1875]
[0,1150,1875]
[0,98,770,1181,1875]
[0,170,433,732,1181,1418,1653,1788,1875]
[0,732,1181,1653,1875]
[0,433,838,1181,1875]
[0,98,433,770,1181,1788,1875]
[0,98,433,526,770,1181,1442,1875]
[0,732,1181,1602,1653,1875]
[0,170,433,732,1181,1653,1875]
[0,98,838,1181,1442,1875]
[0,433,838,1181,1442,1875]
[0,732,1181,1875]
[0,98,433,838,1181,1875]
[0,770,1181,1442,1875]
[0,170,732,1181,1418,1653,1875]
[0,433,770,1181,1442,1875]
[0,838,1181,1442,1875]
[0,98,433,838,1181,1442,1653,1875]
[0,433,526,732,1181,1231,1875]
[0,98,433,770,1181,1442,1875]
[0,732,1181,1788,1875]
[0,1231,1875]
[0,98,838,1181,1442,1653,1875]
[0,98,838,1181,1875]
[0,433,526,732,1181,1418,1875]
[0,433,732,1181,1418,1875]
[0,770,1181,1875]
[0,98,770,1181,1442,1875]
[0,732,1181,1418,1788,1875]
[0,433,526,732,1181,1788,1875]
[0,98,433,526,770,1181,1442,1788,1875]
[0,170,433,1181,1653,1875]
[0,732,1181,1418,1653,1788,1875]
[0,170,433,732,1181,1418,1653,1875]
[0,170,732,1181,1653,1875]
[0,732,1181,1418,1875]
[0,526,732,1181,1418,1875]
[0,433,838,1181,1442,1653,1875]
[0,433,526,732,1181,1875]
[0,433,732,1181,1653,1875]
[0,433,1181,1875]
