[0,487,867,1219,2716,4285]
[0,809,3642,4285]
[0,1219,4285]
[0,809,1219,3291,3642,4285]
[0,487,867,1219,2595,2716,3642,4167,4285]
[0,2425,2716,3642,4285]
[0,487,809,1219,2595,2716,3291,3642,4285]
[0,3642,4285]
[0,809,1219,3054,3642,4285]
[0,487,3642,4285]
[0,809,2715,3054,3642,4285]
[0,487,3291,3642,4285]
[0,3291,3642,4285]
[0,1219,3054,3642,4285]
[0,809,4285]
[0,487,867,1219,2716,3351,4285]
[0,487,809,1219,2716,3642,4285]
[0,487,809,4285]
[0,3054,3642,4285]
[0,3351,4285]
[0,2716,3642,4285]
[0,2425,2716,3642,4167,4285]
[0,487,2716,3351,4167,4285]
[0,488,2715,4285]
[0,487,2595,2716,3642,4285]
[0,487,2425,2716,3642,4167,4285]
[0,2425,2716,4285]
[0,487,4285]
[0,487,809,1219,2595,2716,3291,3642,4083,4285]
[0,487,4167,4285]
[0,487,809,3291,3642,4285]
[0,2715,3054,3642,4285]
[0,487,867,2595,2716,3642,4167,4285]
[0,2595,2716,3642,4167,4285]
[0,487,867,4167,4285]
[0,1219,2716,3642,4285]
[0,488,2716,4285]
[0,487,867,4285]
[0,487,2716,3351,4285]
[0,487,809,1219,2716,3291,3642,4285]
[0,487,867,2425,2716,3642,4285]
[0,487,2716,4285]
[0,487,2716,4167,4285]
[0,487,867,1219,2716,3351,4167,4285]
[0,1219,2716,3642,4167,4285]
[0,487,867,2716,4285]
[0,487,809,1219,4285]
[0,487,867,1219,2595,2716,3642,4285]
[0,487,867,1219,2716,3642,4285]
[0,487,867,1219,4285]
[0,488,1219,4285]
[0,809,1219,2715,3054,3642,4285]
[0,487,809,3642,4285]
[0,2716,3351,4167,4285]
[0,487,809,1219,2716,3291,3642,4083,4285]
[0,487,809,2715,3054,3642,4285]
[0,487,809,1219,3642,4285]
[0,488,4285]
[0,488,2715,4083,4285]
[0,809,3291,3642,4285]
[0,3642,4167,4285]
[0,487,867,2716,3351,4285]
[0,2716,3642,4167,4285]
[0,809,3054,3642,4285]
[0,2715,4285]
[0,487,2716,3642,4285]
[0,3351,4167,4285]
[0,2716,3351,4285]
[0,867,1219,2716,3642,4167,4285]
[0,487,867,1219,2716,4167,4285]
[0,487,2595,2716,3642,4167,4285]
[0,487,809,1219,2595,2716,3642,4285]
[0,1219,2716,4285]
[0,487,809,1219,3291,3642,4285]
[0,809,1219,2716,3642,4285]
[0,487,867,1219,2716,3642,4167,4285]
[0,487,2425,2716,3642,4285]
[0,4167,4285]
[0,487,867,2425,2716,3642,4167,4285]
[0,487,809,1219,2715,3054,3642,4285]
[0,487,867,1219,4167,4285]
[0,487,867,2595,2716,3642,4285]
[0,867,1219,2716,3642,4285]
[0,1219,3642,4285]
[0,809,1219,3642,4285]
[0,487,867,2716,3642,4285]
[0,809,1219,4285]
[0,2716,4285]
[0,809,1219,2716,3291,3642,4285]
[0,2595,2716,3642,4285]
