[0,1178,1934,2812]
[0,872,1149,1454,2812]
[0,410,936,1139,1454,1934,2343,2601,2812]
[0,1934,2812]
[0,410,872,1149,2812]
[0,410,1149,1454,2812]
[0,48,1139,1454,1934,2601,2812]
[0,410,2601,2812]
[0,410,1139,1454,2812]
[0,410,920,1934,2812]
[0,936,1139,1454,2601,2812]
[0,920,1149,1454,1934,2343,2812]
[0,410,1454,1934,2812]
[0,410,920,1149,1454,1934,2343,2812]
[0,410,1149,1454,1934,2343,2812]
[0,872,1149,1454,1934,2812]
[0,1139,2812]
[0,410,872,1934,2812]
[0,1139,1454,1934,2601,2812]
[0,410,1139,1934,2343,2812]
[0,936,1139,1454,1934,2601,2812]
[0,48,872,1149,2812]
[0,410,1454,1934,2601,2812]
[0,920,1149,2812]
[0,410,920,1149,2601,2812]
[0,48,410,872,1149,1934,2601,2812]
[0,872,1149,1934,2601,2812]
[0,410,1139,1454,1934,2343,2601,2812]
[0,410,872,2812]
[0,1149,2343,2812]
[0,410,936,1139,1454,2601,2812]
[0,1139,2343,2812]
[0,920,1934,2812]
[0,920,1149,1454,1934,2812]
[0,48,410,936,1139,2812]
[0,920,1149,2343,2812]
[0,1139,1454,2601,2812]
[0,872,1149,2601,2812]
[0,1454,1934,2812]
[0,1139,1454,1934,2812]
[0,410,872,1149,1454,1934,2812]
[0,936,1139,2601,2812]
[0,48,410,920,1149,2601,2812]
[0,410,872,1149,1454,1934,2601,2812]
[0,48,2812]
[0,48,410,936,1139,1454,1934,2343,2601,2812]
[0,936,1139,2812]
[0,411,1139,1454,1934,2601,2812]
[0,410,920,1149,1454,1934,2601,2812]
[0,1934,2343,2812]
[0,410,1139,1454,2601,2812]
[0,410,872,1149,1934,2601,2812]
[0,48,410,936,1139,1454,1934,2601,2812]
[0,1149,1454,1934,2343,2812]
[0,1454,2812]
[0,410,1139,2343,2812]
[0,2343,2812]
[0,920,1149,1934,2343,2812]
[0,48,1139,2601,2812]
[0,48,1149,2812]
[0,1139,1934,2343,2812]
[0,48,410,920,1149,1934,2601,2812]
[0,1139,2601,2812]
[0,48,410,872,1149,2812]
[0,410,1454,2343,2812]
[0,920,1149,2601,2812]
[0,1149,1454,2812]
[0,48,1139,1454,2601,2812]
[0,1139,1454,2812]
[0,410,1934,2343,2812]
[0,410,920,1149,1454,1934,2812]
[0,920,1149,1454,2812]
[0,48,920,1149,2812]
[0,48,410,936,1139,2601,2812]
[0,872,1149,2812]
[0,1139,1454,1934,2343,2601,2812]
[0,920,1149,1454,1934,2601,2812]
[0,410,936,1139,2601,2812]
[0,920,2812]
[0,48,410,1139,1454,1934,2601,2812]
[0,410,1149,2812]
[0,1252,2812]
[0,410,1139,1454,1934,2343,2812]
[0,872,1934,2812]
[0,410,872,1149,1934,2812]
[0,410,1139,2601,2812]
[0,1178,2601,2812]
[0,2601,2812]
[0,1454,2343,2812]
[0,920,1149,1934,2601,2812]
[0,1252,2601,2812]
[0,410,1934,2812]
[0,48,936,1139,2812]
[0,48,410,920,1149,1454,1934,2601,2812]
[0,1149,1454,1934,2812]
[0,410,1934,2601,2812]
[0,410,1139,2812]
[0,1139,1454,1934,2343,2812]
[0,410,920,1149,1934,2812]
[0,872,1149,1454,1934,2601,2812]
[0,48,410,920,1149,2812]
[0,410,920,1149,1934,2601,2812]
[0,1178,2812]
[0,410,2812]
[0,872,2812]
[0,410,1149,1454,1934,2812]
[0,410,936,1139,1454,1934,2601,2812]
[0,48,410,920,1149,1454,1934,2343,2601,2812]
[0,410,920,1149,1454,1934,2343,2601,2812]
[0,410,1139,1934,2812]
[0,411,1139,1934,2812]
[0,410,872,1149,2601,2812]
[0,1934,2601,2812]
[0,48,411,1139,1454,1934,2601,2812]
[0,48,1139,2812]
[0,410,872,1149,1454,2812]
[0,872,1149,1934,2812]
[0,411,1139,1454,1934,2812]
[0,410,1139,1454,1934,2812]
[0,410,936,1139,2812]
[0,410,2343,2812]
[0,48,410,872,1149,1454,1934,2601,2812]
[0,1149,1934,2812]
[0,1139,1934,2812]
[0,920,1149,1934,2812]
[0,1178,1934,2601,2812]
[0,410,1454,1934,2343,2812]
[0,410,920,1149,1454,2812]
[0,410,1139,1454,1934,2601,2812]
[0,1149,2812]
[0,1149,1934,2343,2812]
[0,48,410,872,1149,2601,2812]
[0,410,920,1149,2812]
[0,410,920,2812]
[0,1454,2601,2812]
[0,48,410,936,1139,1454,2601,2812]
