[0,169,399,490,809,947,1046]
[0,176,666,1046]
[0,169,225,315,1046]
[0,169,399,490,561,809,884,1046]
[0,634,809,1046]
[0,169,225,315,399,490,1046]
[0,169,315,399,490,634,809,1046]
[0,315,399,490,561,1046]
[0,315,490,1046]
[0,169,399,809,884,1046]
[0,176,315,399,490,809,1046]
[0,169,490,561,809,884,1046]
[0,81,169,315,399,490,561,809,947,1046]
[0,169,315,399,490,1046]
[0,169,399,490,561,1046]
[0,169,225,315,399,1046]
[0,169,399,947,1046]
[0,399,809,1046]
[0,169,315,1046]
[0,169,315,399,490,561,1046]
[0,169,561,809,1046]
[0,169,315,399,884,1046]
[0,176,399,809,1046]
[0,176,490,666,809,947,1046]
[0,169,315,399,490,809,947,1046]
[0,169,399,490,809,1046]
[0,176,315,399,1046]
[0,81,169,225,315,399,490,561,809,947,1046]
[0,176,399,490,1046]
[0,169,634,1046]
[0,176,399,1046]
[0,176,490,666,809,1046]
[0,176,634,1046]
[0,315,399,1046]
[0,176,315,399,490,947,1046]
[0,176,315,399,490,561,809,1046]
[0,176,315,1046]
[0,176,315,399,490,666,809,947,1046]
[0,176,634,809,1046]
[0,169,315,399,490,884,1046]
[0,176,315,399,490,561,809,947,1046]
[0,490,666,1046]
[0,169,809,884,1046]
[0,176,399,809,947,1046]
[0,169,225,315,809,884,1046]
[0,169,399,490,809,884,1046]
[0,169,399,809,947,1046]
[0,176,1046]
[0,169,1046]
[0,315,399,490,1046]
[0,176,399,490,666,809,947,1046]
[0,169,225,315,399,490,561,1046]
[0,81,169,315,399,490,561,809,884,1046]
[0,169,225,315,399,490,561,809,947,1046]
[0,169,399,809,1046]
[0,561,1046]
[0,169,399,490,1046]
[0,81,169,315,399,490,809,884,1046]
[0,169,809,947,1046]
[0,169,315,399,490,561,809,884,1046]
[0,169,315,399,490,634,809,884,1046]
[0,169,809,1046]
[0,169,490,634,809,1046]
[0,666,1046]
[0,81,169,399,490,634,809,1046]
[0,176,490,666,1046]
[0,809,1046]
[0,169,315,399,490,947,1046]
[0,81,169,399,490,634,809,884,1046]
[0,169,561,809,884,1046]
[0,561,809,1046]
[0,81,169,315,399,490,634,809,1046]
[0,176,315,399,490,1046]
[0,490,1046]
[0,169,225,809,884,1046]
[0,169,315,399,490,634,1046]
[0,176,399,490,666,1046]
[0,169,399,1046]
[0,176,809,1046]
[0,169,947,1046]
[0,169,225,1046]
[0,176,315,399,490,666,1046]
[0,176,315,399,490,666,809,1046]
[0,399,1046]
[0,176,399,490,809,1046]
[0,176,947,1046]
[0,81,169,315,399,490,884,1046]
[0,169,225,315,399,490,809,884,1046]
[0,81,169,315,399,490,809,947,1046]
[0,169,315,399,490,561,809,947,1046]
[0,169,399,490,884,1046]
[0,169,315,884,1046]
[0,634,1046]
[0,176,666,809,947,1046]
[0,315,1046]
[0,176,809,947,1046]
[0,169,490,634,1046]
[0,169,225,315,399,490,561,809,884,1046]
[0,176,399,490,947,1046]
[0,176,399,490,809,947,1046]
[0,169,399,490,634,809,884,1046]
[0,169,315,399,490,561,809,1046]
[0,169,315,399,490,809,1046]
[0,169,634,809,1046]
[0,169,561,1046]
[0,81,169,315,399,490,634,809,884,1046]
[0,81,169,315,399,490,1046]
[0,169,399,490,634,809,1046]
[0,176,666,809,1046]
[0,169,315,399,809,884,1046]
[0,176,315,399,490,809,947,1046]
[0,81,169,315,399,490,947,1046]
[0,176,399,947,1046]
[0,176,399,490,666,809,1046]
[0,169,315,399,1046]
[0,169,490,561,1046]
[0,176,315,399,490,561,1046]
[0,169,399,490,947,1046]
[0,169,399,884,1046]
[0,169,225,315,399,490,561,809,1046]
[0,81,169,225,315,399,490,561,809,884,1046]
[0,169,884,1046]
[0,169,225,315,399,809,884,1046]
[0,169,399,490,634,1046]
[0,169,315,399,490,809,884,1046]
[0,169,315,809,884,1046]
