[0,1777,1869,2079,4129,4758]
[0,2710,4129,4758]
[0,1788,2079,4758]
[0,1000,1848,4129,4758]
[0,93,1000,2681,4129,4758]
[0,93,2710,4129,4758]
[0,1000,2079,4758]
[0,1542,1848,4129,4758]
[0,1777,2079,4758]
[0,1848,4758]
[0,1869,4129,4758]
[0,93,1119,1542,1869,4129,4758]
[0,2079,4129,4758]
[0,1542,2710,4758]
[0,1542,2710,4129,4758]
[0,1788,2079,4129,4758]
[0,1542,1869,4758]
[0,1847,2079,4758]
[0,2079,4758]
[0,93,1542,1869,4129,4758]
[0,1119,1869,4129,4758]
[0,93,1000,1847,2079,4129,4758]
[0,1542,1869,4129,4758]
[0,93,1847,2681,4129,4758]
[0,2681,4129,4758]
[0,93,1542,1848,2710,4129,4758]
[0,1000,2079,4129,4758]
[0,1542,2681,4758]
[0,1119,1869,4758]
[0,93,2681,4129,4758]
[0,1119,1542,1869,4129,4758]
[0,1847,2079,4129,4758]
[0,93,1542,2681,4129,4758]
[0,1777,1869,4758]
[0,1000,2681,4758]
[0,93,4129,4758]
[0,1542,1848,2710,4129,4758]
[0,2710,4758]
[0,1847,2681,4129,4758]
[0,1000,2681,4129,4758]
[0,1869,4758]
[0,1542,2681,4129,4758]
[0,1777,1869,4129,4758]
[0,1847,4129,4758]
[0,1000,1847,2079,4129,4758]
[0,1847,2681,4758]
[0,1847,4758]
[0,2681,4758]
[0,93,1847,4129,4758]
[0,4129,4758]
[0,1777,2079,4129,4758]
[0,1542,1848,4758]
[0,1000,1848,4758]
[0,1848,4129,4758]
[0,93,1542,1848,4129,4758]
