[0,125,259,515,663,1046]
[0,125,238,539,1046]
[0,259,515,1046]
[0,125,238,539,663,1046]
[0,866,1046]
[0,259,515,663,1046]
[0,259,539,1046]
[0,147,515,663,1046]
[0,125,515,663,1046]
[0,125,259,539,663,1046]
[0,147,866,1046]
[0,238,539,1046]
[0,515,1046]
[0,515,866,1046]
[0,539,1046]
[0,515,663,1046]
[0,238,539,663,1046]
[0,539,866,1046]
[0,147,663,1046]
[0,125,663,1046]
[0,125,259,515,1046]
[0,125,259,1046]
[0,125,238,1046]
[0,125,259,539,1046]
[0,125,515,663,866,1046]
[0,147,1046]
[0,539,663,1046]
[0,125,663,866,1046]
[0,515,663,866,1046]
[0,147,539,866,1046]
[0,663,866,1046]
[0,663,1046]
[0,259,1046]
[0,238,1046]
