[0,604,670,997]
[0,209,277,381,604,670,997]
[0,209,277,670,997]
[0,277,604,997]
[0,106,277,997]
[0,277,670,997]
[0,106,381,604,997]
[0,238,670,997]
[0,106,277,381,604,997]
[0,604,997]
[0,106,277,381,670,997]
[0,670,997]
[0,277,381,604,670,997]
[0,277,381,997]
[0,209,277,381,604,997]
[0,163,209,277,604,670,997]
[0,106,277,670,997]
[0,163,604,670,997]
[0,238,381,997]
[0,106,997]
[0,82,209,277,381,997]
[0,209,277,381,997]
[0,238,997]
[0,163,670,997]
[0,163,209,604,670,997]
[0,277,604,670,997]
[0,209,277,604,670,997]
[0,82,277,381,997]
[0,209,670,997]
[0,381,997]
[0,277,381,604,997]
[0,163,997]
[0,106,277,381,997]
[0,163,209,670,997]
[0,381,604,997]
[0,163,238,381,670,997]
[0,238,381,670,997]
[0,82,277,381,604,997]
[0,82,277,381,670,997]
[0,163,209,277,381,604,670,997]
[0,82,209,277,381,604,670,997]
[0,277,381,670,997]
[0,106,381,997]
[0,82,209,277,381,604,997]
[0,106,209,277,381,670,997]
[0,82,209,277,381,670,997]
[0,163,238,381,997]
[0,106,209,277,381,604,997]
[0,106,209,277,381,997]
[0,163,209,997]
[0,106,209,277,381,604,670,997]
[0,277,997]
