[0,464,1427]
[0,139,464,607,932,1000,1194,1427]
[0,139,464,600,932,1000,1427]
[0,45,464,794,932,1370,1427]
[0,45,932,1427]
[0,932,1370,1427]
[0,464,794,932,1427]
[0,464,607,932,1427]
[0,932,1000,1427]
[0,464,600,932,1427]
[0,139,464,600,932,1000,1194,1427]
[0,139,932,1427]
[0,600,932,1194,1427]
[0,139,464,607,932,1000,1194,1370,1427]
[0,464,607,794,932,1370,1427]
[0,45,464,607,932,1370,1427]
[0,464,932,1370,1427]
[0,139,464,600,932,1427]
[0,464,932,1194,1427]
[0,464,607,932,1000,1194,1370,1427]
[0,464,932,1000,1427]
[0,600,932,1427]
[0,464,932,1427]
[0,45,464,607,794,932,1370,1427]
[0,932,1427]
[0,464,607,932,1370,1427]
[0,45,464,932,1370,1427]
[0,464,607,932,1194,1427]
[0,932,1367,1427]
[0,139,464,607,932,1194,1427]
[0,45,932,1370,1427]
[0,45,464,794,932,1367,1427]
[0,45,464,607,794,932,1427]
[0,464,607,932,1000,1427]
[0,464,600,932,1370,1427]
[0,45,464,600,932,1370,1427]
[0,464,607,794,932,1427]
[0,139,464,600,932,1000,1194,1370,1427]
[0,464,600,932,1194,1427]
[0,45,464,607,932,1427]
[0,464,600,794,932,1427]
[0,464,607,794,932,1367,1427]
[0,464,932,1367,1427]
[0,139,464,607,932,1000,1427]
[0,464,600,794,932,1370,1427]
[0,464,607,932,1000,1194,1427]
[0,464,794,932,1370,1427]
[0,45,464,607,794,932,1367,1427]
[0,45,932,1367,1427]
[0,45,464,794,932,1427]
[0,139,600,932,1427]
[0,139,464,607,932,1427]
[0,45,464,600,794,932,1370,1427]
[0,464,600,932,1000,1427]
[0,139,600,932,1194,1427]
[0,464,600,932,1000,1194,1370,1427]
[0,464,794,932,1367,1427]
[0,139,464,600,932,1194,1427]
[0,464,600,932,1000,1194,1427]
