[0,317,863,1343]
[0,145,558,671,863,1126,1243,1343]
[0,154,395,513,671,1343]
[0,181,558,671,863,1126,1343]
[0,181,671,863,1126,1343]
[0,145,671,863,1126,1343]
[0,181,482,558,671,863,1126,1243,1343]
[0,863,1343]
[0,154,395,513,671,1126,1343]
[0,482,558,671,863,1126,1243,1343]
[0,154,395,513,671,1126,1243,1343]
[0,154,395,513,1126,1243,1343]
[0,145,1243,1343]
[0,482,1343]
[0,482,671,863,1126,1343]
[0,163,1343]
[0,154,671,863,1126,1343]
[0,154,395,513,1126,1343]
[0,671,863,1343]
[0,163,1126,1243,1343]
[0,395,1126,1343]
[0,863,1126,1243,1343]
[0,154,395,513,558,671,863,1126,1243,1343]
[0,145,1126,1343]
[0,154,395,513,558,1243,1343]
[0,513,558,1343]
[0,145,558,1343]
[0,317,671,863,1343]
[0,395,671,863,1343]
[0,181,558,1126,1343]
[0,181,482,558,1126,1243,1343]
[0,154,1243,1343]
[0,181,1126,1243,1343]
[0,154,1126,1343]
[0,163,863,1126,1343]
[0,181,863,1343]
[0,154,671,863,1343]
[0,154,395,513,863,1343]
[0,558,671,863,1343]
[0,154,395,1126,1343]
[0,163,863,1126,1243,1343]
[0,145,863,1126,1243,1343]
[0,181,863,1126,1243,1343]
[0,154,558,1343]
[0,154,395,671,863,1343]
[0,145,1126,1243,1343]
[0,482,671,1343]
[0,671,863,1126,1343]
[0,558,1126,1343]
[0,482,1243,1343]
[0,410,1343]
[0,317,558,671,863,1126,1343]
[0,145,558,671,863,1126,1343]
[0,395,671,1343]
[0,482,1126,1343]
[0,863,1126,1343]
[0,482,558,1343]
[0,317,1343]
[0,154,671,863,1126,1243,1343]
[0,558,671,863,1126,1243,1343]
[0,181,558,671,1343]
[0,317,863,1126,1343]
[0,163,863,1343]
[0,163,558,671,1343]
[0,317,558,671,863,1343]
[0,154,558,671,863,1343]
[0,317,558,671,863,1126,1243,1343]
[0,154,395,513,863,1126,1243,1343]
[0,181,671,863,1343]
[0,154,395,671,1343]
[0,181,558,671,1126,1243,1343]
[0,317,671,863,1126,1343]
[0,154,863,1126,1343]
[0,154,513,558,1343]
[0,558,863,1126,1343]
[0,163,558,671,863,1343]
[0,154,395,558,671,863,1126,1343]
[0,181,426,482,558,671,1126,1243,1343]
[0,482,671,1126,1243,1343]
[0,154,395,671,863,1126,1343]
[0,395,671,863,1126,1343]
[0,482,558,671,1126,1243,1343]
[0,154,395,1343]
[0,395,863,1343]
[0,482,863,1126,1343]
[0,154,395,513,558,1126,1243,1343]
[0,181,482,558,671,1126,1243,1343]
[0,145,863,1126,1343]
[0,163,671,863,1126,1243,1343]
[0,482,863,1126,1243,1343]
[0,154,863,1343]
[0,482,671,863,1126,1243,1343]
[0,181,671,863,1126,1243,1343]
[0,154,395,863,1343]
[0,482,671,1126,1343]
[0,145,1343]
[0,482,1126,1243,1343]
[0,181,558,671,1126,1343]
[0,181,558,1126,1243,1343]
[0,558,863,1343]
[0,154,395,513,558,671,1126,1243,1343]
[0,1243,1343]
[0,1126,1343]
[0,154,863,1126,1243,1343]
[0,558,1343]
[0,482,863,1343]
[0,181,426,482,558,671,863,1126,1243,1343]
[0,181,426,482,558,1126,1243,1343]
[0,145,863,1343]
[0,145,558,671,1343]
[0,163,1126,1343]
[0,163,558,671,863,1126,1343]
[0,426,482,558,1126,1243,1343]
[0,163,671,863,1343]
[0,395,671,1126,1343]
[0,181,1243,1343]
[0,145,671,863,1343]
[0,181,863,1126,1343]
[0,163,558,1343]
[0,181,1343]
[0,154,395,558,671,863,1126,1243,1343]
[0,154,395,513,671,863,1126,1243,1343]
[0,558,671,863,1126,1343]
[0,513,1343]
[0,154,395,513,1343]
[0,482,558,1243,1343]
[0,154,1126,1243,1343]
[0,154,395,513,1243,1343]
[0,181,1126,1343]
[0,181,558,1343]
[0,145,671,863,1126,1243,1343]
[0,154,1343]
[0,671,1343]
[0,395,863,1126,1343]
[0,154,395,671,1126,1343]
[0,154,558,671,863,1126,1243,1343]
[0,154,558,671,1343]
[0,154,395,1126,1243,1343]
[0,154,395,513,558,1343]
[0,163,558,671,863,1126,1243,1343]
[0,154,395,513,671,863,1126,1343]
[0,154,395,513,863,1126,1343]
[0,482,558,1126,1243,1343]
[0,181,558,671,863,1126,1243,1343]
[0,163,671,863,1126,1343]
[0,154,395,863,1126,1343]
[0,395,1343]
[0,163,1243,1343]
[0,181,558,671,863,1343]
[0,1126,1243,1343]
[0,145,558,671,863,1343]
[0,671,863,1126,1243,1343]
[0,154,558,671,863,1126,1343]
