[0,440,714,1425,1641,2108,2383,2812]
[0,440,714,1034,1425,2812]
[0,440,2812]
[0,2108,2812]
[0,1747,2812]
[0,2383,2812]
[0,440,714,2812]
[0,440,1034,1425,2383,2812]
[0,440,1034,1425,2108,2812]
[0,67,440,714,1034,1425,1641,2108,2383,2812]
[0,440,1425,1641,2108,2383,2812]
[0,440,940,1425,1641,2108,2383,2812]
[0,440,1641,2383,2812]
[0,440,1425,2812]
[0,1034,1425,2812]
[0,440,714,1034,1425,1641,2108,2383,2743,2812]
[0,1641,2812]
[0,1425,2812]
[0,440,714,1425,2108,2383,2812]
[0,440,1425,1641,2108,2812]
[0,440,2108,2383,2812]
[0,440,1425,2108,2812]
[0,440,940,1425,2383,2812]
[0,440,714,2108,2383,2812]
[0,440,714,1034,1425,1641,2108,2383,2812]
[0,440,1425,2383,2812]
[0,940,1425,2812]
[0,440,1425,1641,2812]
[0,440,714,1034,1425,1641,2108,2812]
[0,440,714,1034,1425,2108,2812]
[0,440,2108,2812]
[0,440,714,1034,1425,2383,2812]
[0,67,440,714,1034,1425,1641,2108,2383,2743,2812]
[0,714,1641,2812]
[0,1641,2383,2812]
[0,440,1425,2108,2383,2812]
[0,440,940,1425,2108,2383,2812]
[0,440,714,2108,2812]
[0,440,1034,1425,2108,2383,2812]
[0,440,1034,1425,2812]
[0,1425,2108,2812]
[0,440,714,1034,1425,2108,2383,2812]
[0,440,714,1034,1425,1641,2812]
[0,440,1641,2812]
[0,440,940,1425,2812]
