[0,170,640,1123,1600,1735,2053]
[0,1225,2053]
[0,345,640,1159,1362,1556,2053]
[0,1227,2053]
[0,640,1159,1362,1809,2053]
[0,713,1227,2053]
[0,1224,1556,2053]
[0,640,1362,2053]
[0,170,640,1362,1600,2053]
[0,170,640,1123,1735,2053]
[0,345,640,1159,1362,1809,2053]
[0,345,640,1224,1556,2053]
[0,713,1227,1600,2053]
[0,345,640,1159,1556,2053]
[0,345,640,1159,1556,1962,2053]
[0,170,640,1123,1735,1962,2053]
[0,640,1362,1735,2053]
[0,345,640,1159,1362,1556,1809,2053]
[0,1123,2053]
[0,170,640,1227,1735,1962,2053]
[0,640,1224,1556,1962,2053]
[0,170,640,1159,1362,1809,2053]
[0,345,640,1159,1809,2053]
[0,640,1227,1735,2053]
[0,640,1159,1362,1556,1809,2053]
[0,1227,1735,2053]
[0,1159,1809,2053]
[0,640,1159,2053]
[0,640,1159,1962,2053]
[0,640,1225,2053]
[0,170,640,1362,1600,1735,2053]
[0,1362,1735,2053]
[0,640,1227,2053]
[0,1224,2053]
[0,640,1225,1809,2053]
[0,713,1225,1809,2053]
[0,312,713,1227,1600,2053]
[0,170,640,1225,1809,2053]
[0,640,1227,1600,2053]
[0,1809,2053]
[0,640,1123,1735,2053]
[0,640,1123,2053]
[0,170,640,1123,1600,1735,1962,2053]
[0,170,640,1159,1809,2053]
[0,1225,1809,2053]
[0,170,640,1159,1362,1556,1809,2053]
[0,640,1362,1600,2053]
[0,713,1225,2053]
[0,1362,2053]
[0,640,1159,1809,2053]
[0,640,2053]
[0,640,1159,1556,2053]
[0,345,640,1159,1362,1556,1962,2053]
[0,345,640,1224,1556,1962,2053]
[0,170,640,1362,1735,2053]
[0,170,640,1362,2053]
[0,1159,2053]
[0,170,640,1227,1735,2053]
[0,345,640,1159,1962,2053]
[0,345,640,1159,2053]
[0,640,1224,1556,2053]
[0,640,1224,2053]
[0,640,1600,2053]
