[0,189,876,1483,1535,1651]
[0,246,418,788,1067,1651]
[0,189,418,876,1067,1651]
[0,826,1651]
[0,246,876,1067,1535,1651]
[0,826,1274,1651]
[0,189,418,876,1651]
[0,788,1651]
[0,246,876,1067,1651]
[0,826,1260,1535,1651]
[0,246,670,788,1067,1651]
[0,246,418,876,1535,1651]
[0,189,876,1067,1535,1651]
[0,246,418,876,1483,1535,1651]
[0,189,826,1535,1651]
[0,246,876,1483,1535,1651]
[0,246,418,788,1651]
[0,246,418,876,1651]
[0,418,826,1651]
[0,246,788,1067,1651]
[0,189,418,876,1535,1651]
[0,189,1651]
[0,246,418,876,1067,1535,1651]
[0,826,1535,1651]
[0,418,876,1067,1651]
[0,876,1535,1651]
[0,418,876,1651]
[0,246,418,670,876,1067,1535,1651]
[0,246,670,788,1651]
[0,418,670,876,1067,1651]
[0,246,418,876,1067,1651]
[0,189,418,876,1483,1535,1651]
[0,670,788,1651]
[0,670,876,1651]
[0,1535,1651]
[0,189,418,670,876,1067,1651]
[0,189,876,1067,1651]
[0,788,1067,1651]
[0,189,418,826,1274,1651]
[0,418,670,876,1651]
[0,189,826,1651]
[0,189,876,1535,1651]
[0,189,418,876,1067,1535,1651]
[0,876,1067,1651]
[0,876,1651]
[0,1483,1535,1651]
[0,246,418,670,876,1067,1651]
[0,189,670,788,1651]
[0,876,1483,1535,1651]
[0,418,1651]
[0,189,418,826,1274,1535,1651]
[0,189,788,1651]
[0,189,1483,1535,1651]
[0,189,876,1651]
[0,246,418,670,788,1067,1651]
[0,246,876,1535,1651]
[0,418,826,1274,1651]
[0,670,876,1067,1651]
[0,189,418,826,1535,1651]
[0,826,1260,1651]
[0,468,1651]
[0,189,418,670,876,1067,1535,1651]
[0,246,670,876,1651]
[0,246,670,876,1067,1651]
[0,189,418,826,1651]
[0,246,788,1651]
[0,189,1535,1651]
[0,246,876,1651]
