[0,283,1046]
[0,598,680,894,1046]
[0,224,283,499,598,680,894,1002,1046]
[0,283,400,598,680,903,978,1046]
[0,499,598,680,903,1046]
[0,400,598,680,894,1002,1046]
[0,499,598,903,1046]
[0,283,671,1046]
[0,283,671,903,1046]
[0,283,499,1046]
[0,283,400,598,680,863,1046]
[0,121,400,598,1046]
[0,283,400,598,680,863,1002,1046]
[0,121,671,1046]
[0,283,499,680,1046]
[0,121,283,499,903,1046]
[0,121,283,694,903,1046]
[0,400,680,903,1046]
[0,283,400,598,680,903,1046]
[0,694,1046]
[0,400,598,680,903,978,1046]
[0,283,400,1046]
[0,121,283,499,680,894,1046]
[0,400,598,680,1046]
[0,283,400,598,694,1046]
[0,499,903,1046]
[0,903,1046]
[0,400,694,1046]
[0,283,400,694,903,1046]
[0,121,283,499,598,680,903,978,1046]
[0,121,400,1046]
[0,121,283,400,1046]
[0,598,680,1046]
[0,499,598,680,894,1002,1046]
[0,283,400,598,680,894,1002,1046]
[0,499,598,680,1046]
[0,680,903,978,1046]
[0,903,978,1046]
[0,283,680,894,1046]
[0,671,903,1046]
[0,283,400,680,903,1046]
[0,400,598,680,903,1046]
[0,121,283,499,1046]
[0,283,400,680,1046]
[0,121,1046]
[0,121,283,499,598,903,1046]
[0,499,598,680,903,978,1046]
[0,283,680,863,1046]
[0,671,1046]
[0,283,499,598,1046]
[0,121,671,903,1046]
[0,121,283,400,598,1046]
[0,680,894,1046]
[0,121,694,903,1046]
[0,121,224,283,499,598,680,894,1046]
[0,283,598,903,1046]
[0,283,499,598,680,894,1046]
[0,283,903,1046]
[0,283,400,680,894,1046]
[0,400,680,1046]
[0,400,1046]
[0,598,680,894,1002,1046]
[0,499,598,1046]
[0,598,1046]
[0,121,283,499,598,680,894,1046]
[0,224,283,499,598,680,894,1046]
[0,121,283,499,598,1046]
[0,283,400,694,1046]
[0,121,283,400,694,903,1046]
[0,283,499,598,680,903,978,1046]
[0,400,598,694,1046]
[0,283,680,1046]
[0,598,694,1046]
[0,499,598,680,894,1046]
[0,283,400,598,680,894,1046]
[0,223,283,499,598,680,903,978,1046]
[0,121,283,671,903,1046]
[0,283,671,894,1046]
[0,121,224,283,499,598,680,894,1002,1046]
[0,283,694,903,1046]
[0,283,598,1046]
[0,978,1046]
[0,283,400,671,903,1046]
[0,499,680,894,1046]
[0,121,223,283,499,598,680,903,978,1046]
[0,283,499,598,903,1046]
[0,283,680,903,1046]
[0,400,680,894,1046]
[0,400,598,680,894,1046]
[0,694,903,1046]
[0,598,680,903,978,1046]
[0,680,1046]
[0,283,400,598,680,1046]
[0,680,903,1046]
[0,283,400,598,1046]
[0,283,499,598,680,1046]
[0,121,283,400,598,694,903,1046]
[0,499,1046]
[0,283,400,598,694,903,1046]
[0,283,499,598,680,903,1046]
[0,499,680,1046]
[0,283,694,1046]
[0,598,680,903,1046]
[0,121,283,400,671,903,1046]
[0,283,400,680,863,1046]
[0,121,283,499,598,680,903,1046]
[0,283,499,680,894,1046]
[0,121,694,1046]
[0,283,499,598,680,894,1002,1046]
[0,283,499,903,1046]
[0,400,598,1046]
