[0,1113,1180]
[0,96,340,1042,1180]
[0,948,1180]
[0,340,906,948,1042,1113,1180]
[0,340,906,1180]
[0,96,340,906,1113,1180]
[0,906,1180]
[0,906,1113,1180]
[0,477,1180]
[0,228,313,477,906,1042,1180]
[0,340,838,1042,1180]
[0,96,1180]
[0,340,838,1042,1113,1180]
[0,96,340,838,948,1042,1180]
[0,340,906,1042,1180]
[0,340,1180]
[0,313,477,906,1180]
[0,313,477,906,948,1042,1113,1180]
[0,228,313,477,906,1042,1113,1180]
[0,906,948,1042,1113,1180]
[0,340,1042,1180]
[0,96,313,477,906,1042,1180]
[0,906,1042,1180]
[0,96,340,906,1042,1180]
[0,1042,1180]
[0,96,340,838,1042,1180]
[0,477,906,948,1042,1113,1180]
[0,96,340,948,1113,1180]
[0,340,1042,1113,1180]
[0,96,313,477,906,1180]
[0,1042,1113,1180]
[0,96,228,313,477,906,1042,1180]
[0,313,477,906,1042,1180]
[0,340,1004,1180]
[0,838,1180]
[0,340,838,948,1042,1113,1180]
[0,340,906,1042,1113,1180]
[0,96,228,313,477,906,1042,1113,1180]
[0,1004,1180]
[0,228,313,477,906,948,1042,1113,1180]
[0,96,340,948,1180]
[0,477,1042,1113,1180]
[0,96,340,1042,1113,1180]
[0,96,340,906,948,1042,1113,1180]
[0,340,948,1113,1180]
[0,948,1113,1180]
[0,228,313,477,906,1180]
[0,477,906,1042,1180]
[0,96,340,906,1042,1113,1180]
[0,96,340,838,1180]
[0,477,906,1042,1113,1180]
[0,340,838,948,1042,1180]
[0,477,906,1180]
[0,96,340,906,1180]
[0,96,340,838,948,1042,1113,1180]
[0,96,340,1180]
[0,96,228,313,477,906,1180]
[0,96,228,313,477,906,948,1042,1113,1180]
[0,477,1042,1180]
[0,340,906,1113,1180]
[0,313,477,906,1042,1113,1180]
[0,906,1042,1113,1180]
[0,340,948,1180]
[0,340,838,1180]
[0,340,1113,1180]
