[0,961,2053]
[0,1025,1326,2053]
[0,1025,1240,2053]
[0,1949,2053]
[0,1326,2053]
[0,1240,1949,2053]
[0,431,1025,1326,2053]
[0,1240,2053]
[0,1882,1949,2053]
[0,431,1025,2053]
[0,961,1025,1882,1949,2053]
[0,1025,1240,1949,2053]
[0,1024,2053]
[0,961,1882,1949,2053]
[0,812,1025,1326,2053]
[0,1025,1882,2053]
[0,961,1025,1240,1882,1949,2053]
[0,961,1025,1949,2053]
[0,389,1025,1882,2053]
[0,1240,1882,1949,2053]
[0,1025,1240,1882,1949,2053]
[0,812,2053]
[0,787,1025,1326,2053]
[0,389,1025,2053]
[0,961,1025,2053]
[0,961,1949,2053]
[0,787,1025,2053]
[0,431,2053]
[0,812,1025,2053]
[0,1025,2053]
[0,787,2053]
