[0,90,887,1046]
[0,90,200,524,659,1046]
[0,90,506,659,853,970,1046]
[0,853,1046]
[0,200,524,853,1046]
[0,659,1046]
[0,200,524,659,1046]
[0,90,506,659,1046]
[0,90,200,506,659,853,1046]
[0,524,853,1046]
[0,200,506,659,853,1046]
[0,200,659,1046]
[0,90,524,659,970,1046]
[0,524,659,970,1046]
[0,506,853,1046]
[0,524,659,1046]
[0,90,200,524,659,853,1046]
[0,90,524,659,853,1046]
[0,506,659,1046]
[0,506,659,970,1046]
[0,90,659,1046]
[0,524,1046]
[0,887,1046]
[0,200,506,853,1046]
[0,200,524,659,853,1046]
[0,90,200,506,659,1046]
[0,90,524,659,853,970,1046]
[0,524,659,853,1046]
[0,506,659,853,970,1046]
[0,90,1046]
[0,524,659,853,970,1046]
[0,200,506,659,1046]
[0,506,1046]
[0,506,659,853,1046]
[0,90,506,659,853,1046]
[0,90,200,524,659,853,970,1046]
[0,200,524,1046]
[0,90,524,1046]
[0,200,506,1046]
[0,90,524,659,1046]
[0,90,200,506,659,853,970,1046]
