[0,480,937,1465]
[0,146,937,1465]
[0,1035,1465]
[0,385,1035,1465]
[0,198,820,937,1465]
[0,385,820,1035,1465]
[0,198,937,1465]
[0,198,358,820,937,1035,1465]
[0,146,385,820,937,1035,1465]
[0,156,358,814,1035,1465]
[0,480,1465]
[0,156,385,814,1035,1377,1465]
[0,146,480,1035,1465]
[0,310,1035,1465]
[0,146,480,820,1035,1465]
[0,198,385,937,1465]
[0,480,820,1035,1465]
[0,385,814,1035,1465]
[0,146,480,820,937,1035,1465]
[0,198,358,820,937,1035,1377,1465]
[0,198,358,1035,1465]
[0,198,385,820,937,1465]
[0,198,310,385,820,937,1035,1465]
[0,198,358,820,937,1465]
[0,480,1035,1465]
[0,156,385,1035,1465]
[0,198,1035,1465]
[0,937,1465]
[0,198,310,385,820,937,1035,1377,1465]
[0,146,385,937,1465]
[0,146,1035,1465]
[0,156,385,820,1035,1465]
[0,156,358,1035,1465]
[0,198,385,820,937,1035,1377,1465]
[0,198,385,820,937,1035,1465]
[0,156,385,814,1035,1465]
[0,814,1035,1465]
[0,385,937,1465]
[0,156,1035,1465]
[0,358,1035,1465]
[0,198,358,937,1465]
[0,358,814,1035,1465]
[0,146,385,820,937,1465]
[0,156,358,1035,1377,1465]
[0,146,480,937,1465]
[0,310,937,1465]
[0,146,310,385,820,937,1035,1465]
[0,820,1035,1465]
[0,146,480,820,937,1465]
[0,146,820,937,1465]
[0,156,358,814,1035,1377,1465]
