[0,231,635,881,1025,1207,1422,1715,1812,1911]
[0,635,1422,1911]
[0,231,527,1422,1715,1812,1911]
[0,70,231,527,881,1422,1715,1812,1911]
[0,231,635,1025,1207,1911]
[0,231,527,1215,1422,1715,1911]
[0,231,1715,1911]
[0,70,231,527,1422,1715,1911]
[0,231,527,1422,1715,1911]
[0,527,881,1911]
[0,231,635,1025,1422,1715,1911]
[0,70,231,527,1025,1422,1715,1911]
[0,1025,1911]
[0,635,1025,1422,1911]
[0,1124,1911]
[0,70,231,635,1025,1207,1422,1715,1812,1911]
[0,231,1422,1911]
[0,231,527,881,1422,1911]
[0,527,1422,1911]
[0,231,635,1025,1207,1422,1715,1812,1911]
[0,231,1422,1715,1911]
[0,527,1025,1422,1911]
[0,231,527,1025,1422,1715,1812,1911]
[0,231,527,1025,1422,1715,1911]
[0,231,527,881,1422,1715,1812,1911]
[0,231,527,1025,1911]
[0,231,527,1025,1422,1911]
[0,231,527,1124,1911]
[0,231,635,1025,1911]
[0,881,1911]
[0,1715,1911]
[0,1422,1911]
[0,231,635,1911]
[0,231,527,1124,1715,1911]
[0,231,1124,1715,1911]
[0,70,231,527,650,1124,1215,1422,1715,1812,1911]
[0,527,881,1422,1911]
[0,231,527,650,1215,1422,1715,1812,1911]
[0,231,635,1025,1207,1422,1911]
[0,231,527,1911]
[0,70,231,527,1025,1422,1715,1812,1911]
[0,231,527,650,1124,1215,1422,1715,1911]
[0,231,527,881,1911]
[0,231,527,1124,1215,1911]
[0,231,1911]
[0,231,527,650,1215,1422,1715,1911]
[0,231,527,1422,1911]
[0,635,1025,1911]
[0,231,635,881,1025,1207,1422,1715,1911]
[0,70,231,635,1025,1207,1422,1715,1911]
[0,231,635,1025,1207,1422,1715,1911]
[0,231,635,1025,1715,1911]
[0,231,635,1422,1715,1911]
[0,1422,1715,1911]
[0,1207,1715,1911]
[0,231,635,1422,1911]
[0,231,527,1215,1422,1911]
[0,231,527,1124,1215,1715,1911]
[0,635,1911]
[0,70,231,527,1422,1715,1812,1911]
[0,1207,1911]
[0,231,635,1025,1422,1911]
[0,527,1911]
[0,231,527,881,1422,1715,1911]
[0,70,231,635,881,1025,1207,1422,1715,1812,1911]
[0,231,1124,1911]
[0,527,1025,1911]
[0,231,527,650,1422,1715,1911]
[0,527,1124,1911]
[0,231,527,650,1124,1215,1422,1715,1812,1911]
