[0,224,406,503,556,1046]
[0,224,266,1046]
[0,76,406,556,669,1046]
[0,76,266,503,556,1046]
[0,266,503,556,1046]
[0,224,406,556,1046]
[0,224,503,556,995,1046]
[0,266,406,503,1046]
[0,76,266,503,556,995,1046]
[0,358,406,503,556,995,1046]
[0,76,406,503,995,1046]
[0,224,266,358,406,503,556,995,1046]
[0,266,358,556,669,1046]
[0,76,266,358,556,669,1046]
[0,224,266,358,406,1046]
[0,266,358,503,556,995,1046]
[0,266,358,406,556,995,1046]
[0,503,556,995,1046]
[0,406,503,1046]
[0,76,266,406,503,669,995,1046]
[0,76,266,556,1046]
[0,224,266,358,406,556,1046]
[0,224,406,556,669,1046]
[0,358,406,556,1046]
[0,224,266,503,556,1046]
[0,76,266,358,503,556,669,995,1046]
[0,224,266,358,503,556,995,1046]
[0,224,406,1046]
[0,406,503,556,995,1046]
[0,76,224,266,406,503,556,669,995,1046]
[0,266,358,406,503,556,995,1046]
[0,266,995,1046]
[0,224,266,406,503,556,995,1046]
[0,224,406,503,556,995,1046]
[0,995,1046]
[0,358,406,1046]
[0,224,503,556,1046]
[0,266,503,556,995,1046]
[0,76,406,995,1046]
[0,76,406,503,556,1046]
[0,503,556,1046]
[0,76,406,503,556,995,1046]
[0,224,266,556,1046]
[0,406,556,995,1046]
[0,76,406,503,556,669,995,1046]
[0,76,266,358,503,556,995,1046]
[0,266,556,1046]
[0,266,358,406,1046]
[0,266,358,503,556,1046]
[0,76,266,358,503,556,1046]
[0,76,503,556,995,1046]
[0,266,406,556,1046]
[0,406,669,1046]
[0,76,266,995,1046]
[0,76,266,556,669,1046]
[0,556,995,1046]
[0,406,556,669,1046]
[0,76,224,406,503,556,669,1046]
[0,266,358,1046]
[0,266,820,1046]
[0,503,1046]
[0,266,406,1046]
[0,76,224,406,503,556,669,995,1046]
[0,556,1046]
[0,406,1046]
[0,76,503,1046]
[0,76,1046]
[0,76,266,556,669,995,1046]
[0,76,266,503,556,669,1046]
[0,76,406,503,1046]
[0,76,406,1046]
[0,266,556,995,1046]
[0,406,503,556,1046]
[0,266,406,556,995,1046]
[0,224,503,1046]
[0,224,406,503,556,669,995,1046]
[0,76,266,358,556,1046]
[0,406,556,1046]
[0,358,406,556,995,1046]
[0,76,406,556,1046]
[0,76,503,556,1046]
[0,224,406,556,995,1046]
[0,224,266,503,556,995,1046]
[0,76,266,406,503,995,1046]
[0,266,556,669,1046]
[0,224,266,406,503,556,669,995,1046]
[0,76,266,406,503,669,1046]
[0,76,266,406,503,1046]
[0,266,406,669,1046]
[0,224,406,503,556,669,1046]
[0,76,224,406,556,669,1046]
[0,266,406,503,669,1046]
[0,266,358,556,1046]
[0,266,1046]
[0,224,266,358,1046]
[0,406,503,669,1046]
[0,76,406,503,556,669,1046]
[0,224,266,358,406,556,995,1046]
[0,76,266,556,995,1046]
[0,76,266,1046]
[0,76,266,358,503,556,669,1046]
[0,266,358,406,556,1046]
