[0,450,664,997]
[0,664,997]
[0,149,214,311,382,450,601,745,848,997]
[0,149,214,997]
[0,214,450,601,745,997]
[0,745,799,997]
[0,311,382,450,601,745,997]
[0,149,214,311,382,450,601,745,997]
[0,214,745,997]
[0,149,311,450,601,997]
[0,149,997]
[0,382,450,745,997]
[0,745,997]
[0,149,450,601,997]
[0,214,745,799,997]
[0,149,214,406,450,745,997]
[0,149,214,406,450,745,799,997]
[0,149,214,450,745,997]
[0,214,450,745,997]
[0,311,450,601,745,997]
[0,450,997]
[0,149,214,406,450,601,745,799,997]
[0,211,799,997]
[0,214,382,450,601,997]
[0,366,454,745,997]
[0,149,214,382,450,601,745,997]
[0,311,997]
[0,149,450,601,745,848,997]
[0,454,997]
[0,450,745,997]
[0,450,601,745,997]
[0,382,450,601,997]
[0,149,311,382,450,601,745,848,997]
[0,149,311,450,601,745,848,997]
[0,149,450,601,745,997]
[0,149,214,450,601,745,799,997]
[0,149,450,664,956,997]
[0,366,454,745,956,997]
[0,311,745,997]
[0,311,382,450,745,997]
[0,149,214,745,997]
[0,149,311,382,450,601,745,997]
[0,149,214,450,601,745,997]
[0,214,601,997]
[0,149,450,664,997]
[0,149,214,382,450,745,997]
[0,149,214,311,382,450,601,997]
[0,149,214,406,450,601,745,997]
[0,149,311,450,601,745,997]
[0,149,214,450,745,799,997]
[0,214,382,450,601,745,997]
[0,149,214,745,799,997]
[0,149,311,382,450,601,997]
[0,149,214,336,450,601,997]
[0,311,450,601,997]
[0,214,336,450,601,997]
[0,601,997]
[0,214,450,601,997]
[0,799,997]
[0,149,214,450,601,997]
[0,382,450,601,745,997]
[0,311,382,745,997]
[0,149,214,601,997]
[0,149,450,745,997]
[0,211,997]
[0,450,601,997]
[0,454,745,997]
[0,214,382,450,745,997]
[0,149,214,382,450,601,997]
[0,311,382,450,601,997]
[0,336,450,601,997]
