[0,191,538,774,846,1046]
[0,388,538,846,987,1046]
[0,388,538,987,1046]
[0,191,538,1046]
[0,191,388,538,726,1046]
[0,245,885,1046]
[0,538,726,824,987,1046]
[0,429,538,726,846,1046]
[0,249,429,538,774,846,987,1046]
[0,538,726,846,1046]
[0,388,429,538,846,987,1046]
[0,191,388,538,774,1046]
[0,538,846,1046]
[0,249,429,538,774,846,1046]
[0,846,1046]
[0,245,1046]
[0,388,538,1046]
[0,538,774,846,987,1046]
[0,245,485,885,1046]
[0,388,538,726,846,987,1046]
[0,191,538,774,846,987,1046]
[0,191,388,538,987,1046]
[0,429,538,774,1046]
[0,191,249,538,726,846,987,1046]
[0,245,774,1046]
[0,388,538,774,846,987,1046]
[0,191,388,429,538,774,846,987,1046]
[0,388,429,538,1046]
[0,538,774,846,1046]
[0,191,388,538,726,846,1046]
[0,388,538,726,1046]
[0,538,846,987,1046]
[0,245,987,1046]
[0,191,249,388,429,538,774,846,987,1046]
[0,249,538,1046]
[0,191,388,538,726,987,1046]
[0,538,726,1046]
[0,245,485,1046]
[0,249,538,726,1046]
[0,388,429,538,987,1046]
[0,538,774,1046]
[0,429,538,726,846,987,1046]
[0,191,388,538,774,846,987,1046]
[0,429,846,1046]
[0,388,429,538,726,846,987,1046]
[0,388,429,538,774,846,987,1046]
[0,191,249,538,774,846,987,1046]
[0,538,987,1046]
[0,191,388,538,1046]
[0,191,538,774,1046]
[0,191,538,726,846,1046]
[0,774,1046]
[0,249,429,538,726,846,1046]
[0,388,538,846,1046]
[0,538,824,1046]
[0,388,538,774,846,1046]
[0,249,538,774,1046]
[0,538,1046]
[0,191,388,1046]
[0,191,249,429,538,726,846,987,1046]
[0,538,726,824,1046]
[0,538,824,987,1046]
[0,245,429,1046]
[0,485,1046]
[0,388,538,726,824,987,1046]
[0,245,429,774,1046]
[0,249,429,538,774,1046]
[0,429,538,774,846,987,1046]
[0,245,429,774,987,1046]
[0,388,1046]
[0,191,249,388,429,538,726,846,987,1046]
[0,245,774,987,1046]
[0,388,538,726,824,1046]
[0,191,538,726,846,987,1046]
[0,388,538,726,846,1046]
[0,538,726,846,987,1046]
[0,249,429,538,726,846,987,1046]
[0,191,388,538,726,846,987,1046]
[0,429,1046]
[0,429,538,774,846,1046]
[0,191,388,429,538,726,846,987,1046]
[0,191,388,538,774,846,1046]
[0,191,538,726,1046]
[0,191,249,429,538,774,846,987,1046]
[0,388,538,774,1046]
[0,388,429,1046]
[0,249,538,726,846,1046]
