[0,185,628,1136,1419]
[0,166,498,628,1046,1136,1295,1419]
[0,185,498,628,1146,1342,1419]
[0,498,628,1146,1342,1419]
[0,498,628,1136,1342,1419]
[0,498,1046,1419]
[0,166,628,1419]
[0,166,498,628,1136,1419]
[0,1295,1419]
[0,166,628,1046,1342,1419]
[0,185,498,628,1046,1146,1278,1419]
[0,498,628,1146,1278,1419]
[0,54,166,1419]
[0,628,1046,1146,1342,1419]
[0,498,1419]
[0,628,1146,1342,1419]
[0,185,498,628,1146,1278,1419]
[0,166,1046,1342,1419]
[0,166,628,1163,1419]
[0,54,185,498,628,1046,1146,1342,1419]
[0,628,1146,1278,1419]
[0,1136,1295,1419]
[0,54,166,1136,1342,1419]
[0,1046,1146,1278,1419]
[0,628,1342,1419]
[0,54,185,498,628,1146,1342,1419]
[0,54,185,1146,1342,1419]
[0,1046,1146,1419]
[0,185,628,1146,1342,1419]
[0,166,628,1046,1419]
[0,498,628,1046,1146,1342,1419]
[0,166,628,1136,1419]
[0,54,166,498,628,1419]
[0,166,498,628,1136,1342,1419]
[0,54,185,498,628,1146,1278,1419]
[0,498,628,1046,1146,1278,1419]
[0,54,166,498,628,1136,1295,1419]
[0,54,166,628,1136,1295,1419]
[0,54,185,498,628,675,1046,1146,1278,1419]
[0,185,628,1146,1278,1419]
[0,1146,1278,1419]
[0,1146,1419]
[0,1278,1419]
[0,185,1146,1278,1419]
[0,185,498,628,1146,1419]
[0,1136,1342,1419]
[0,166,498,1046,1419]
[0,1046,1146,1342,1419]
[0,498,628,1419]
[0,1163,1419]
[0,54,185,628,1136,1342,1419]
[0,185,1146,1419]
[0,166,1419]
[0,628,1419]
[0,1046,1419]
[0,54,185,628,1146,1278,1419]
[0,166,498,628,1046,1419]
[0,628,1046,1419]
[0,166,498,1419]
[0,166,498,628,1046,1136,1419]
[0,166,1136,1295,1419]
[0,185,498,628,1046,1146,1342,1419]
[0,54,166,498,1419]
[0,54,166,1136,1419]
[0,54,166,498,628,1046,1136,1342,1419]
[0,166,1046,1419]
[0,1136,1419]
[0,185,498,628,1136,1342,1419]
[0,498,628,1046,1146,1419]
[0,628,1046,1146,1278,1419]
[0,54,166,498,628,1342,1419]
[0,628,1136,1419]
[0,628,1136,1295,1419]
[0,166,628,1136,1295,1419]
[0,54,166,498,628,1046,1342,1419]
[0,54,166,498,628,675,1046,1136,1295,1419]
[0,185,498,628,1136,1419]
[0,54,166,498,628,1136,1342,1419]
[0,54,166,628,1136,1342,1419]
[0,498,628,1136,1295,1419]
[0,628,1046,1146,1419]
[0,166,1136,1419]
[0,498,628,1146,1419]
[0,54,185,1146,1278,1419]
[0,54,185,498,628,1046,1146,1278,1419]
[0,185,628,1146,1419]
[0,185,1136,1419]
[0,166,498,628,1342,1419]
[0,166,498,628,1046,1342,1419]
[0,628,1146,1419]
[0,54,185,498,628,1136,1342,1419]
[0,54,166,498,628,1046,1136,1295,1419]
[0,166,498,628,1046,1136,1342,1419]
[0,166,1136,1342,1419]
[0,1146,1342,1419]
[0,185,628,1136,1342,1419]
[0,185,498,628,1046,1146,1419]
[0,1342,1419]
[0,54,1146,1342,1419]
[0,166,1342,1419]
[0,185,1146,1342,1419]
[0,628,1136,1342,1419]
[0,185,1136,1342,1419]
[0,54,1146,1278,1419]
[0,54,185,1136,1342,1419]
[0,166,498,628,1419]
[0,166,498,628,1136,1295,1419]
[0,628,1163,1419]
[0,54,1419]
[0,54,166,1136,1295,1419]
[0,498,628,1136,1419]
[0,166,628,1136,1342,1419]
[0,54,1136,1342,1419]
[0,54,185,628,1146,1342,1419]
[0,166,1163,1419]
