[0,250,529,693,842,1046]
[0,842,1046]
[0,202,529,842,1046]
[0,529,693,842,1046]
[0,250,529,613,693,842,970,1046]
[0,253,529,693,842,1046]
[0,253,355,529,842,970,1046]
[0,253,529,613,693,842,1046]
[0,202,529,842,970,1046]
[0,202,529,613,693,842,1046]
[0,529,1046]
[0,529,693,842,970,1046]
[0,253,529,693,1046]
[0,177,355,529,613,693,842,970,1046]
[0,177,355,529,693,842,1046]
[0,177,529,693,842,1046]
[0,250,529,1046]
[0,253,529,970,1046]
[0,253,529,842,970,1046]
[0,177,355,529,613,693,842,1046]
[0,529,693,1046]
[0,177,529,693,1046]
[0,250,529,693,1046]
[0,533,1046]
[0,177,253,529,613,693,842,970,1046]
[0,250,529,613,693,842,1046]
[0,177,529,693,842,970,1046]
[0,202,529,693,842,1046]
[0,202,529,1046]
[0,253,529,1046]
[0,202,529,613,693,842,970,1046]
[0,253,529,842,1046]
[0,177,355,529,693,1046]
[0,253,533,1046]
[0,253,529,693,842,970,1046]
[0,202,529,693,842,970,1046]
[0,177,355,529,1046]
[0,177,253,355,529,613,693,842,970,1046]
[0,529,842,1046]
[0,177,529,613,693,842,970,1046]
[0,177,529,1046]
[0,253,355,529,842,1046]
[0,253,529,613,693,842,970,1046]
[0,202,529,693,1046]
[0,177,529,613,693,842,1046]
[0,253,355,529,1046]
[0,202,529,970,1046]
[0,250,529,693,842,970,1046]
