[0,2649,2956]
[0,421,674,1415,1884,2649,2956]
[0,1415,1591,2502,2956]
[0,421,1415,1884,2956]
[0,674,1416,2956]
[0,1415,2624,2956]
[0,1598,2431,2956]
[0,1244,1415,1591,2649,2956]
[0,421,1244,1415,1591,1884,2502,2956]
[0,1416,2956]
[0,1415,1598,2431,2956]
[0,1415,1591,2649,2956]
[0,1598,2956]
[0,1415,1884,2502,2956]
[0,1415,1598,2956]
[0,1415,1884,2956]
[0,1244,1415,1591,1884,2502,2956]
[0,421,1415,1884,2502,2956]
[0,1415,1591,2956]
[0,421,1244,1415,1591,1884,2649,2956]
[0,1415,1591,1884,2502,2956]
[0,1884,2956]
[0,421,674,1244,1415,1591,1884,2502,2956]
[0,1591,2502,2956]
[0,421,1415,1591,1884,2502,2956]
[0,1415,2956]
[0,421,1415,1884,2649,2956]
[0,1244,1415,1591,1884,2649,2956]
[0,1415,1884,2649,2956]
[0,1415,1591,1884,2649,2956]
[0,421,674,1415,1591,1884,2502,2956]
[0,674,1416,2649,2956]
[0,1591,2956]
[0,421,674,1415,1884,2502,2956]
[0,1591,2649,2956]
[0,421,674,1244,1415,1591,1884,2649,2956]
[0,421,1415,1591,1884,2649,2956]
[0,1415,2649,2956]
[0,421,674,1415,1591,1884,2649,2956]
