[0,482,861,2019]
[0,482,1266,2019]
[0,482,993,2019]
[0,482,739,861,993,1223,1394,2019]
[0,482,1871,2019]
[0,228,482,993,1223,2019]
[0,482,993,1223,1592,1871,2019]
[0,177,482,747,861,993,1223,1485,1592,1871,2019]
[0,1394,2019]
[0,177,482,747,993,1223,1592,1871,2019]
[0,482,747,1592,1871,2019]
[0,228,482,739,1223,2019]
[0,228,482,993,1223,1592,2019]
[0,1223,1485,2019]
[0,228,482,861,1223,1592,2019]
[0,482,739,861,1223,1394,1871,2019]
[0,1266,2019]
[0,482,739,861,1223,1394,2019]
[0,482,747,861,993,1223,1592,1871,2019]
[0,482,2019]
[0,482,1223,2019]
[0,482,739,993,1223,2019]
[0,482,747,861,1223,1592,1871,2019]
[0,482,993,1223,2019]
[0,482,747,1223,1592,2019]
[0,482,861,1871,2019]
[0,482,739,1223,1394,1871,2019]
[0,482,747,1592,2019]
[0,482,747,993,1223,1592,2019]
[0,482,739,1223,2019]
[0,482,861,1223,1592,2019]
[0,228,482,739,2019]
[0,228,482,1223,1592,2019]
[0,482,1223,1485,2019]
[0,482,739,993,1223,1394,2019]
[0,1485,2019]
[0,482,1592,2019]
[0,1223,2019]
[0,228,482,739,993,1223,2019]
[0,1592,1871,2019]
[0,482,747,993,1223,1592,1871,2019]
[0,177,482,993,1223,1485,2019]
[0,1223,1485,1871,2019]
[0,482,739,993,1223,1394,1871,2019]
[0,177,482,1223,1485,1871,2019]
[0,482,739,1223,1394,2019]
[0,177,482,861,1223,1485,2019]
[0,482,1223,1394,2019]
[0,228,482,739,993,1223,1394,1871,2019]
[0,228,482,993,1223,1394,2019]
[0,228,482,739,1223,1394,1871,2019]
[0,482,747,1223,1592,1871,2019]
[0,177,482,993,1223,1592,1871,2019]
[0,482,1223,1592,2019]
[0,482,1485,2019]
[0,177,482,993,1223,1485,1871,2019]
[0,482,739,2019]
[0,1223,1628,2019]
[0,482,993,1223,1485,2019]
[0,1592,2019]
[0,177,482,747,1223,1592,1871,2019]
[0,228,482,739,861,993,1223,1394,1871,2019]
[0,993,2019]
[0,482,739,861,993,1223,1394,1871,2019]
[0,177,482,993,1223,1485,1592,1871,2019]
[0,482,1223,1592,1871,2019]
[0,482,1223,1485,1871,2019]
[0,482,861,1223,1485,2019]
[0,177,482,993,1223,1592,2019]
[0,177,482,747,861,993,1223,1592,1871,2019]
[0,177,482,747,993,1223,1592,2019]
[0,482,993,1223,1394,2019]
[0,228,482,739,993,1223,1394,2019]
[0,228,482,739,1223,1394,2019]
[0,1871,2019]
[0,177,482,861,1223,1485,1871,2019]
[0,482,993,1223,1592,2019]
[0,482,1592,1871,2019]
[0,1223,1394,2019]
[0,482,993,1223,1485,1871,2019]
[0,228,482,739,861,993,1223,1394,2019]
[0,482,1394,2019]
[0,482,747,2019]
[0,177,482,747,1223,1592,2019]
[0,177,482,1223,1485,2019]
[0,482,861,1485,2019]
