[0,164,863,963,1180]
[0,164,286,714,963,1180]
[0,963,1180]
[0,164,711,963,1180]
[0,164,286,963,1180]
[0,307,1180]
[0,164,963,1180]
[0,164,333,618,988,1180]
[0,333,988,1180]
[0,164,286,359,501,555,714,863,963,1180]
[0,164,286,501,963,1180]
[0,164,286,359,711,963,1180]
[0,359,963,1180]
[0,164,1180]
[0,164,286,359,501,711,899,963,1180]
[0,714,1180]
[0,307,711,1180]
[0,164,307,711,863,963,1180]
[0,164,501,711,963,1180]
[0,164,501,714,963,1180]
[0,164,618,1107,1180]
[0,164,501,963,1180]
[0,359,1180]
[0,164,286,714,863,963,1180]
[0,501,711,963,1180]
[0,164,286,359,501,555,711,899,963,1180]
[0,307,717,1180]
[0,164,286,359,501,555,963,1180]
[0,164,307,717,963,1180]
[0,164,286,501,714,963,1180]
[0,164,286,359,963,1180]
[0,164,286,501,714,863,963,1180]
[0,164,286,359,711,899,963,1180]
[0,711,1180]
[0,164,286,359,714,863,963,1180]
[0,988,1180]
[0,501,963,1180]
[0,286,359,963,1180]
[0,307,717,963,1180]
[0,286,501,555,963,1180]
[0,618,1180]
[0,717,1180]
[0,501,1180]
[0,286,359,501,963,1180]
[0,307,711,963,1180]
[0,164,286,711,963,1180]
[0,286,555,1180]
[0,307,711,863,963,1180]
[0,286,555,963,1180]
[0,164,714,963,1180]
[0,618,988,1180]
[0,333,1180]
[0,286,501,963,1180]
[0,164,286,359,501,555,711,963,1180]
[0,333,618,1180]
[0,164,714,863,963,1180]
[0,286,618,1180]
[0,164,286,359,501,963,1180]
[0,286,359,501,555,963,1180]
[0,333,618,988,1180]
[0,714,963,1180]
[0,307,963,1180]
[0,164,618,988,1180]
[0,164,988,1180]
[0,164,286,501,711,963,1180]
[0,286,963,1180]
[0,286,1180]
[0,286,618,963,1180]
[0,164,307,711,963,1180]
[0,501,714,963,1180]
[0,164,286,359,501,711,963,1180]
[0,164,286,359,501,714,863,963,1180]
[0,164,618,1180]
[0,164,333,618,1180]
[0,711,963,1180]
[0,164,333,618,1107,1180]
