[0,259,1109,1849,2019]
[0,712,900,1012,1794,2019]
[0,900,1139,1899,2019]
[0,900,1139,2019]
[0,1112,1794,1975,2019]
[0,1139,1794,1899,2019]
[0,529,746,1139,1794,2019]
[0,746,1012,2019]
[0,259,1110,1794,1975,2019]
[0,900,1139,1794,1899,2019]
[0,110,712,900,1012,2019]
[0,746,1899,2019]
[0,900,1012,1794,1975,2019]
[0,1139,2019]
[0,259,1110,1849,2019]
[0,746,1139,1794,2019]
[0,110,900,1012,2019]
[0,1110,2019]
[0,110,746,1139,1794,2019]
[0,110,900,1012,1794,1975,2019]
[0,110,1112,1794,1975,2019]
[0,110,900,1012,1794,2019]
[0,1139,1899,2019]
[0,259,812,1110,1419,1849,2019]
[0,110,1139,2019]
[0,900,1012,1975,2019]
[0,1975,2019]
[0,259,1109,1419,1849,2019]
[0,746,1139,2019]
[0,1112,2019]
[0,1110,1794,1975,2019]
[0,110,746,1139,1794,1975,2019]
[0,1794,2019]
[0,110,1112,2019]
[0,110,712,900,1012,1794,1975,2019]
[0,259,1110,2019]
[0,110,1112,1794,2019]
[0,110,746,1012,1794,1899,2019]
[0,528,1139,1794,2019]
[0,900,1012,1794,2019]
[0,746,2019]
[0,110,900,1139,1794,2019]
[0,110,1139,1794,1975,2019]
[0,1112,1794,2019]
[0,812,2019]
[0,110,2019]
[0,900,1899,2019]
[0,900,2019]
[0,259,1112,2019]
[0,900,1012,1899,2019]
[0,712,1012,2019]
[0,1899,2019]
[0,900,1012,1794,1899,2019]
[0,110,528,1139,1794,2019]
[0,712,1012,1794,2019]
[0,1012,2019]
[0,110,1139,1794,2019]
[0,1110,1794,2019]
[0,259,1110,1794,2019]
[0,1139,1794,2019]
[0,528,1139,2019]
[0,110,712,900,1012,1794,2019]
[0,259,529,812,1110,1419,2019]
[0,259,1109,2019]
[0,110,529,746,1139,1794,1975,2019]
[0,370,1109,1849,2019]
[0,529,812,1110,1419,2019]
[0,110,529,746,1139,1794,2019]
[0,1012,1899,2019]
[0,1794,1899,2019]
[0,1012,1794,1899,2019]
[0,110,746,1139,2019]
[0,370,1109,2019]
[0,712,900,1012,2019]
[0,812,1110,2019]
[0,812,1110,1419,2019]
[0,259,1109,1419,2019]
[0,110,900,1139,2019]
[0,1110,1419,2019]
[0,259,1110,1419,2019]
[0,259,529,812,1110,1419,1849,2019]
[0,1139,1794,1975,2019]
[0,110,746,1012,1899,2019]
[0,812,1794,2019]
[0,1794,1975,2019]
[0,259,1110,1419,1849,2019]
[0,259,1112,1849,2019]
[0,900,1139,1794,2019]
[0,1109,2019]
[0,900,1012,2019]
[0,746,1012,1899,2019]
[0,746,1012,1794,1899,2019]
[0,1012,1794,2019]
[0,1109,1419,2019]
[0,259,812,1110,1419,2019]
