[0,150,1249]
[0,66,111,200,338,934,1070,1249]
[0,200,338,1070,1249]
[0,200,338,447,552,934,1070,1249]
[0,111,200,338,447,934,1070,1249]
[0,111,200,934,1070,1249]
[0,200,338,447,934,986,1070,1249]
[0,66,111,200,338,934,986,1070,1249]
[0,200,1070,1249]
[0,1070,1249]
[0,150,400,849,1069,1249]
[0,986,1249]
[0,150,1070,1249]
[0,200,934,1070,1249]
[0,200,1249]
[0,200,338,440,552,934,1070,1249]
[0,200,338,934,1070,1249]
[0,111,200,338,440,552,934,986,1070,1249]
[0,66,111,200,338,440,934,986,1070,1249]
[0,111,338,934,1249]
[0,934,986,1249]
[0,111,200,338,447,552,934,986,1070,1249]
[0,111,200,338,934,986,1070,1249]
[0,111,200,338,447,934,986,1070,1249]
[0,552,1249]
[0,200,338,552,934,1070,1249]
[0,849,1249]
[0,1069,1249]
[0,200,552,1249]
[0,400,1249]
[0,262,934,1070,1249]
[0,111,200,338,934,1070,1249]
[0,400,849,1249]
[0,200,338,440,934,986,1070,1249]
[0,66,111,200,338,447,934,1070,1249]
[0,111,200,338,440,934,986,1070,1249]
[0,150,400,1249]
[0,150,1069,1249]
[0,200,552,1070,1249]
[0,200,338,934,986,1070,1249]
[0,150,934,1070,1249]
[0,200,338,440,934,1070,1249]
[0,200,338,552,1070,1249]
[0,400,1069,1249]
[0,111,200,338,447,552,934,1070,1249]
[0,338,1249]
[0,66,111,200,338,440,552,934,986,1070,1249]
[0,200,338,447,934,1070,1249]
[0,934,1249]
[0,111,200,338,440,552,934,1070,1249]
[0,111,200,338,440,934,1070,1249]
[0,150,400,1069,1249]
[0,400,849,1069,1249]
[0,934,1070,1249]
[0,66,111,200,338,440,934,1070,1249]
[0,66,111,200,338,447,934,986,1070,1249]
[0,849,1069,1249]
[0,338,934,1249]
[0,66,111,200,338,440,552,934,1070,1249]
[0,66,111,200,338,447,552,934,986,1070,1249]
[0,262,1249]
[0,262,1070,1249]
