[0,1487,1646,2019]
[0,178,391,515,842,1487,1646,2019]
[0,842,2019]
[0,391,515,842,1646,2019]
[0,178,515,842,1136,1659,2019]
[0,391,515,691,2019]
[0,842,1646,2019]
[0,1095,2019]
[0,515,691,2019]
[0,515,1095,1646,2019]
[0,512,1095,2019]
[0,515,691,1371,1487,2019]
[0,391,515,842,1487,1646,2019]
[0,178,515,1095,1487,1646,2019]
[0,178,391,515,842,1646,2019]
[0,178,515,691,1487,1646,2019]
[0,515,842,1646,2019]
[0,178,1095,1646,2019]
[0,178,391,515,842,1371,1487,1646,2019]
[0,515,1487,2019]
[0,178,391,515,842,1136,1659,2019]
[0,178,391,515,842,1136,1646,2019]
[0,515,691,1371,2019]
[0,515,842,1136,1659,2019]
[0,691,1646,2019]
[0,178,391,515,691,1487,1646,2019]
[0,515,842,2019]
[0,178,1095,1487,1646,2019]
[0,178,2019]
[0,391,515,691,1371,1487,1646,2019]
[0,1371,2019]
[0,178,515,691,2019]
[0,178,515,1095,1646,2019]
[0,178,515,691,842,1487,1646,2019]
[0,1659,2019]
[0,515,691,1371,1487,1646,2019]
[0,512,2019]
[0,515,842,1487,1646,2019]
[0,391,515,842,1371,1487,1646,2019]
[0,178,515,842,1136,1646,2019]
[0,178,391,515,691,1371,1487,1646,2019]
[0,178,391,515,691,2019]
[0,178,391,515,691,842,1371,1487,1646,2019]
[0,1487,2019]
[0,842,1371,2019]
[0,842,1659,2019]
[0,515,1371,2019]
[0,515,1095,1659,2019]
[0,515,842,1371,2019]
[0,391,515,842,1659,2019]
[0,178,391,515,842,1659,2019]
[0,178,1095,2019]
[0,515,842,1659,2019]
[0,391,515,691,1487,1646,2019]
[0,1095,1646,2019]
[0,178,1095,1659,2019]
[0,178,391,515,691,1646,2019]
[0,515,842,1136,1646,2019]
[0,178,1487,1646,2019]
[0,178,515,842,1646,2019]
[0,515,691,1646,2019]
[0,178,515,1095,2019]
[0,1095,1659,2019]
[0,691,1371,2019]
[0,515,842,1371,1487,1646,2019]
[0,178,691,1646,2019]
[0,515,691,1487,1646,2019]
[0,178,515,842,1659,2019]
[0,178,515,842,1487,1646,2019]
[0,515,1095,2019]
[0,515,2019]
[0,691,2019]
[0,178,391,515,691,842,1487,1646,2019]
[0,515,842,1371,1487,2019]
[0,178,515,691,1646,2019]
[0,1646,2019]
[0,178,691,2019]
[0,391,515,691,1646,2019]
[0,178,1646,2019]
[0,178,515,1095,1659,2019]
