[0,270,324,429,479,641,742,799,914,969]
[0,307,479,641,742,969]
[0,307,479,641,969]
[0,429,479,641,742,799,914,969]
[0,479,641,742,914,969]
[0,270,479,641,742,969]
[0,251,307,479,641,742,799,914,969]
[0,307,479,641,742,799,969]
[0,270,479,641,742,799,914,969]
[0,270,479,641,969]
[0,307,479,641,742,799,914,969]
[0,251,307,429,479,641,742,799,914,969]
[0,479,641,742,799,969]
[0,479,969]
[0,479,641,742,799,914,969]
[0,479,641,914,969]
[0,429,742,969]
[0,270,324,479,641,742,799,914,969]
[0,251,307,479,641,742,799,969]
[0,307,479,969]
[0,479,914,969]
[0,479,641,969]
[0,270,479,641,742,799,969]
[0,270,479,969]
[0,429,969]
[0,479,641,742,969]
