[0,112,617,1260,1483,1902,2506,2759]
[0,1027,1260,1483,2759]
[0,112,617,1027,1304,1483,2759]
[0,617,1027,1304,2759]
[0,112,617,1027,1304,1945,2759]
[0,1304,1945,2759]
[0,112,617,1027,1260,1483,1902,2759]
[0,953,2759]
[0,617,1260,1483,2759]
[0,112,617,1027,1304,2759]
[0,112,2759]
[0,617,1260,1483,1902,2506,2759]
[0,617,1027,1260,1483,1902,2506,2759]
[0,1260,1483,1902,2759]
[0,617,1027,1483,1902,2506,2759]
[0,112,617,1027,2759]
[0,1483,2759]
[0,1483,1902,2759]
[0,1945,2759]
[0,617,1483,1902,2506,2759]
[0,617,1027,2759]
[0,112,617,2506,2759]
[0,112,617,1260,1483,2759]
[0,617,2506,2759]
[0,112,617,1027,1260,1483,2759]
[0,1027,1304,1483,2759]
[0,1027,2759]
[0,1027,1483,2759]
[0,1027,1304,1945,2759]
[0,112,953,1945,2759]
[0,953,1945,2759]
[0,617,1027,1483,2759]
[0,617,1027,1304,1483,2759]
[0,617,1027,1483,1902,2759]
[0,617,1027,1304,1945,2759]
[0,1483,1902,2506,2759]
[0,858,1483,2759]
[0,112,1027,1304,1945,2759]
[0,2506,2759]
[0,953,2506,2759]
[0,112,953,2506,2759]
[0,112,617,1260,1483,1902,2759]
[0,617,1483,2759]
[0,112,1945,2759]
[0,617,2759]
[0,112,617,1027,1260,1483,1902,2506,2759]
[0,1260,1483,1902,2506,2759]
[0,617,1027,1260,1483,1902,2759]
[0,617,1027,1945,2759]
[0,617,1027,1260,1483,2759]
[0,1304,1483,2759]
[0,1260,1483,2759]
[0,112,2506,2759]
[0,617,1945,2759]
[0,617,1260,1483,1902,2759]
[0,1027,1304,2759]
[0,112,1260,1483,2759]
[0,617,1483,1902,2759]
