[0,516,748,960,1058,1180]
[0,435,960,1058,1180]
[0,160,435,748,960,1180]
[0,435,1180]
[0,516,748,960,1180]
[0,89,160,263,371,435,748,960,1058,1180]
[0,89,160,435,748,960,1058,1180]
[0,505,960,1180]
[0,89,160,371,435,748,960,1058,1180]
[0,371,505,748,960,1058,1180]
[0,505,1180]
[0,516,1180]
[0,371,435,748,960,1058,1180]
[0,435,748,960,1180]
[0,505,748,960,1180]
[0,956,1180]
[0,748,960,1058,1180]
[0,748,960,1180]
[0,89,371,435,748,960,1058,1180]
[0,435,960,1180]
[0,371,505,748,960,1180]
[0,288,371,516,748,960,1058,1180]
[0,960,1180]
[0,516,960,1180]
[0,505,748,960,1058,1180]
[0,435,748,960,1058,1180]
[0,288,371,505,748,960,1058,1180]
[0,160,263,435,748,960,1058,1180]
[0,160,435,748,960,1058,1180]
[0,371,516,748,960,1180]
[0,371,516,748,960,1058,1180]
[0,89,160,263,435,748,960,1058,1180]
[0,89,435,748,960,1058,1180]
[0,960,1058,1180]
[0,371,435,960,1058,1180]
[0,160,263,435,748,960,1180]
