[0,533,752,922]
[0,218,679,752,922]
[0,533,922]
[0,679,752,922]
[0,66,218,383,533,624,679,752,860,922]
[0,218,752,922]
[0,383,752,922]
[0,66,218,624,752,922]
[0,218,383,533,624,752,922]
[0,218,307,752,922]
[0,383,533,624,752,922]
[0,66,218,533,752,860,922]
[0,218,307,383,533,621,752,922]
[0,383,922]
[0,66,922]
[0,66,218,383,533,624,752,922]
[0,66,218,307,922]
[0,218,307,383,533,679,752,922]
[0,66,218,307,383,533,679,752,860,922]
[0,218,307,922]
[0,218,383,624,752,922]
[0,383,621,752,922]
[0,218,587,752,922]
[0,383,533,621,752,922]
[0,752,922]
[0,66,218,383,533,621,679,752,860,922]
[0,66,218,307,383,533,624,679,752,860,922]
[0,533,624,752,922]
[0,66,218,679,752,922]
[0,66,218,383,533,621,752,922]
[0,383,624,752,922]
[0,66,218,307,383,533,624,752,922]
[0,218,624,752,922]
[0,66,218,383,679,752,922]
[0,66,587,752,922]
[0,218,383,621,752,922]
[0,621,752,922]
[0,587,752,922]
[0,66,218,307,752,922]
[0,218,383,533,679,752,922]
[0,307,533,624,752,922]
[0,307,624,752,922]
[0,533,621,752,922]
[0,218,307,533,624,752,922]
[0,218,307,383,752,922]
[0,66,752,860,922]
[0,66,218,307,533,624,752,922]
[0,218,383,533,621,752,922]
[0,66,218,307,752,860,922]
[0,218,383,533,752,922]
[0,66,679,752,922]
[0,66,218,307,383,533,621,752,922]
[0,307,752,922]
[0,66,218,307,624,752,922]
[0,66,218,383,533,624,752,860,922]
[0,66,218,383,533,621,752,860,922]
[0,218,922]
[0,66,218,752,922]
[0,218,383,679,752,922]
[0,66,218,533,752,922]
[0,66,218,307,383,533,679,752,922]
[0,218,621,752,922]
[0,218,307,383,533,752,922]
[0,66,218,307,533,624,752,860,922]
[0,66,218,922]
[0,66,218,752,860,922]
[0,218,307,624,752,922]
[0,624,752,922]
[0,307,922]
[0,66,218,307,383,533,624,752,860,922]
[0,218,533,922]
[0,218,307,383,533,624,752,922]
[0,218,533,752,922]
[0,66,752,922]
[0,66,218,307,383,533,621,752,860,922]
[0,66,218,307,383,533,621,679,752,860,922]
[0,218,383,752,922]
[0,752,860,922]
[0,66,218,383,533,679,752,922]
[0,66,218,383,533,679,752,860,922]
