[0,135,218,491,602,948,1046]
[0,245,602,733,1046]
[0,135,218,272,602,733,948,1046]
[0,218,491,602,733,948,1046]
[0,602,1046]
[0,602,691,948,1046]
[0,245,491,602,733,948,1046]
[0,135,245,491,602,733,1046]
[0,135,218,602,733,948,1046]
[0,218,602,733,1046]
[0,218,733,1046]
[0,135,218,272,491,602,733,948,1046]
[0,218,691,948,1046]
[0,135,245,491,602,733,948,1046]
[0,135,218,272,391,491,602,733,948,1046]
[0,218,272,602,948,1046]
[0,245,602,1046]
[0,218,691,733,948,1046]
[0,218,272,602,691,733,948,1046]
[0,135,218,691,733,948,1046]
[0,135,218,272,691,733,948,1046]
[0,491,602,1046]
[0,135,218,272,491,602,691,733,948,1046]
[0,491,602,948,1046]
[0,218,391,491,602,733,948,1046]
[0,691,733,948,1046]
[0,602,733,1046]
[0,218,272,691,948,1046]
[0,135,218,272,602,691,733,948,1046]
[0,135,245,491,602,691,733,948,1046]
[0,491,602,691,733,948,1046]
[0,218,491,602,733,1046]
[0,218,691,1046]
[0,245,491,602,691,733,948,1046]
[0,218,272,602,733,948,1046]
[0,691,733,1046]
[0,135,218,691,948,1046]
[0,218,602,691,948,1046]
[0,245,491,602,733,1046]
[0,218,272,691,733,948,1046]
[0,733,1046]
[0,602,948,1046]
[0,602,691,733,948,1046]
[0,218,602,948,1046]
[0,135,218,391,491,602,733,948,1046]
[0,218,948,1046]
[0,135,218,602,948,1046]
[0,218,602,1046]
[0,218,1046]
[0,691,1046]
[0,218,491,602,948,1046]
[0,218,602,733,948,1046]
[0,218,391,491,602,733,1046]
[0,135,218,272,691,948,1046]
[0,691,948,1046]
[0,491,602,733,1046]
[0,135,218,272,602,948,1046]
[0,135,218,491,602,733,948,1046]
[0,135,218,272,391,491,602,691,733,948,1046]
[0,218,491,602,1046]
[0,491,602,733,948,1046]
[0,602,733,948,1046]
[0,218,733,948,1046]
