[0,585,1235,1402,2019]
[0,71,932,1108,1235,1402,2019]
[0,71,1108,1235,1402,2019]
[0,71,218,1100,1235,1402,2019]
[0,218,1235,1402,1661,2019]
[0,585,932,1235,1402,2019]
[0,71,218,1235,1402,1661,1844,2019]
[0,71,585,932,1108,1235,1402,2019]
[0,1235,1402,2019]
[0,585,932,1402,2019]
[0,1269,2019]
[0,1235,1402,1661,2019]
[0,71,218,1235,1402,2019]
[0,218,1235,1402,2019]
[0,1195,1402,2019]
[0,71,1235,1402,2019]
[0,1402,1661,2019]
[0,218,1100,1235,1402,1661,1844,2019]
[0,291,952,1430,2019]
[0,932,1108,1235,1402,2019]
[0,218,1100,1235,1402,1661,2019]
[0,218,1402,2019]
[0,1100,1235,1402,1661,1844,2019]
[0,952,1430,2019]
[0,218,1100,1235,1402,2019]
[0,71,218,1100,1235,1402,1661,1844,2019]
[0,291,2019]
[0,71,218,1100,1235,1402,1661,2019]
[0,609,1195,1402,2019]
[0,932,1402,2019]
[0,71,609,1195,1402,2019]
[0,935,1402,2019]
[0,1100,1235,1402,2019]
[0,71,1195,1402,2019]
[0,71,1100,1235,1402,2019]
[0,1402,2019]
[0,862,1402,1661,2019]
[0,585,1402,2019]
[0,71,218,1235,1402,1661,2019]
[0,862,1402,2019]
[0,1100,1235,1402,1661,2019]
[0,252,1269,2019]
[0,218,1402,1661,1844,2019]
[0,932,1235,1402,2019]
[0,585,932,1108,1235,1402,2019]
[0,1108,1235,1402,2019]
[0,218,1402,1661,2019]
[0,1235,1402,1661,1844,2019]
[0,609,1402,2019]
[0,1402,1661,1844,2019]
[0,218,1235,1402,1661,1844,2019]
[0,1430,2019]
