[0,172,217,551,987,1105,1180]
[0,217,323,534,1105,1180]
[0,172,217,323,395,534,581,1105,1180]
[0,217,551,987,1180]
[0,172,217,323,534,581,1105,1180]
[0,172,217,323,395,534,581,987,1105,1180]
[0,217,551,1180]
[0,172,217,551,1105,1180]
[0,534,1180]
[0,551,903,1180]
[0,212,551,1105,1180]
[0,212,314,534,1180]
[0,217,534,987,1105,1180]
[0,217,323,534,987,1105,1180]
[0,217,323,395,534,1105,1180]
[0,212,534,987,1180]
[0,217,534,581,1105,1180]
[0,212,314,534,581,1105,1180]
[0,395,1180]
[0,551,1180]
[0,551,1050,1180]
[0,551,1105,1180]
[0,395,1050,1180]
[0,212,534,1180]
[0,212,314,369,534,1105,1180]
[0,212,314,369,534,581,1105,1180]
[0,212,551,903,1180]
[0,217,551,1050,1180]
[0,212,534,1105,1180]
[0,217,551,1105,1180]
[0,217,323,395,534,581,987,1105,1180]
[0,1050,1180]
[0,1105,1180]
[0,212,551,987,1180]
[0,217,534,987,1180]
[0,217,551,987,1105,1180]
[0,212,534,1050,1180]
[0,212,534,987,1105,1180]
[0,217,323,534,1180]
[0,212,551,903,1105,1180]
[0,212,551,1180]
[0,212,534,581,1105,1180]
[0,217,323,534,987,1180]
[0,172,217,534,581,1105,1180]
[0,222,551,903,1180]
[0,534,1050,1180]
[0,222,551,903,1105,1180]
[0,534,1105,1180]
[0,217,534,1180]
[0,217,323,534,581,1105,1180]
[0,217,323,395,534,581,1105,1180]
[0,217,534,1105,1180]
[0,222,551,1180]
[0,212,314,534,1105,1180]
[0,222,551,1105,1180]
[0,212,551,987,1105,1180]
[0,217,323,395,534,987,1105,1180]
