[0,1822,2211]
[0,1419,1634,2211]
[0,579,1260,1419,1634,1910,2211]
[0,262,777,1634,1910,2211]
[0,1260,1634,1910,2211]
[0,262,579,1910,2211]
[0,800,1634,1910,2211]
[0,112,262,579,1634,1910,2211]
[0,262,800,1822,2211]
[0,1260,1383,1634,1910,2211]
[0,1018,2211]
[0,1419,1634,1910,2211]
[0,800,2211]
[0,112,262,579,1260,1419,1634,1910,2211]
[0,1260,2211]
[0,262,800,2211]
[0,579,866,1910,2211]
[0,777,1260,1634,1910,2211]
[0,311,1736,2211]
[0,1260,1419,1634,2211]
[0,1260,1910,2211]
[0,579,1018,1634,1910,2211]
[0,579,1910,2211]
[0,262,777,1018,1634,1910,2211]
[0,262,579,1634,1910,2211]
[0,777,1269,1910,2211]
[0,777,1269,2211]
[0,1260,1419,1634,1910,2211]
[0,262,579,1260,1634,1910,2211]
[0,262,777,1260,1634,1910,2211]
[0,579,866,2211]
[0,579,1260,2211]
[0,777,1634,1910,2211]
[0,112,262,579,866,1634,1910,2211]
[0,262,579,2211]
[0,777,1260,1383,1634,1910,2211]
[0,579,1260,1634,1910,2211]
[0,777,1018,1634,1910,2211]
[0,262,777,1018,1383,1634,1910,2211]
[0,800,1822,2211]
[0,112,262,777,1018,1634,1910,2211]
[0,262,579,1260,1419,1634,1910,2211]
[0,579,1634,2211]
[0,1736,2211]
[0,262,1910,2211]
[0,112,262,777,1018,1383,1634,1910,2211]
[0,262,777,1260,1910,2211]
[0,1634,1910,2211]
[0,579,1260,1910,2211]
[0,866,2211]
[0,800,1634,2211]
[0,262,579,866,1634,1910,2211]
[0,1269,2211]
[0,777,1260,1910,2211]
[0,866,1910,2211]
[0,262,777,1260,1383,1634,1910,2211]
[0,1634,2211]
[0,262,579,1018,1634,1910,2211]
[0,777,1269,1634,1910,2211]
[0,579,1634,1910,2211]
[0,579,1018,1910,2211]
[0,579,2211]
[0,262,2211]
[0,112,262,777,1018,1260,1383,1634,1910,2211]
[0,112,262,777,1260,1383,1634,1910,2211]
[0,1260,1419,2211]
[0,262,777,1383,1634,1910,2211]
[0,777,1260,2211]
[0,777,2211]
[0,579,866,1634,1910,2211]
[0,262,777,1018,1260,1383,1634,1910,2211]
[0,579,1018,2211]
[0,1910,2211]
[0,262,777,1269,1634,1910,2211]
[0,777,1634,2211]
[0,262,800,1634,1910,2211]
