[0,1340,1700,1810]
[0,793,1810]
[0,790,1042,1810]
[0,379,793,1042,1810]
[0,550,654,1700,1810]
[0,379,550,654,1700,1810]
[0,379,654,1302,1810]
[0,206,1340,1700,1810]
[0,206,654,1340,1810]
[0,379,790,1042,1302,1810]
[0,790,1042,1302,1700,1810]
[0,206,379,550,654,1042,1205,1302,1700,1810]
[0,1302,1700,1810]
[0,64,206,614,1700,1810]
[0,96,206,654,1340,1700,1810]
[0,206,379,790,1042,1302,1700,1810]
[0,206,379,1340,1700,1810]
[0,64,206,550,672,1042,1291,1700,1810]
[0,64,206,790,1042,1302,1700,1810]
[0,96,206,1700,1810]
[0,614,1288,1700,1810]
[0,64,206,379,550,654,1042,1205,1302,1700,1810]
[0,665,1621,1810]
[0,96,206,379,555,654,1042,1340,1700,1810]
[0,96,206,379,793,1042,1340,1700,1810]
[0,64,206,614,1288,1700,1810]
[0,206,379,550,654,1205,1302,1700,1810]
[0,379,790,1042,1288,1810]
[0,206,654,1302,1810]
[0,614,1700,1810]
[0,64,614,1700,1810]
[0,654,1042,1340,1700,1810]
[0,793,1042,1340,1700,1810]
[0,96,206,379,1810]
[0,1340,1810]
[0,654,1042,1810]
[0,206,379,654,1042,1340,1810]
[0,379,555,654,1700,1810]
[0,96,206,379,654,1042,1340,1700,1810]
[0,654,1042,1302,1700,1810]
[0,64,206,672,1042,1291,1700,1810]
[0,206,379,614,790,1042,1181,1302,1810]
[0,64,206,379,614,790,1042,1181,1302,1700,1810]
[0,206,614,1700,1810]
[0,1291,1810]
[0,1302,1810]
[0,206,379,614,790,1042,1288,1700,1810]
[0,206,1810]
[0,206,379,654,1042,1302,1810]
[0,793,1340,1810]
[0,206,614,1810]
[0,206,654,1042,1340,1810]
[0,1700,1810]
[0,790,1302,1810]
[0,206,790,1042,1302,1810]
[0,96,206,379,1700,1810]
[0,157,555,793,1810]
[0,379,1810]
[0,206,379,654,1810]
[0,64,206,379,550,654,1205,1302,1700,1810]
[0,96,206,1810]
[0,206,654,1042,1302,1810]
[0,206,614,1288,1700,1810]
[0,206,379,654,1042,1302,1700,1810]
[0,379,790,1810]
[0,157,555,793,1288,1810]
[0,96,206,379,555,654,1340,1700,1810]
[0,654,1340,1810]
[0,379,654,1042,1340,1700,1810]
[0,206,614,1042,1302,1810]
[0,206,379,790,1042,1288,1810]
[0,206,790,1042,1302,1700,1810]
[0,790,1042,1700,1810]
[0,206,672,1042,1291,1810]
[0,157,654,1281,1810]
[0,96,206,1340,1700,1810]
[0,793,1042,1810]
[0,672,1042,1291,1700,1810]
[0,379,654,1042,1302,1700,1810]
[0,206,379,555,654,1700,1810]
[0,379,555,793,1042,1810]
[0,379,654,1700,1810]
[0,614,1042,1302,1810]
[0,379,654,1302,1700,1810]
[0,206,654,1340,1700,1810]
[0,654,1302,1810]
[0,206,379,654,1340,1810]
[0,672,1042,1291,1810]
[0,654,1281,1700,1810]
[0,96,206,654,1810]
[0,793,1340,1700,1810]
[0,206,379,1302,1700,1810]
[0,379,550,654,1205,1302,1700,1810]
[0,157,793,1288,1700,1810]
[0,206,379,550,654,1302,1700,1810]
[0,96,206,379,1340,1700,1810]
[0,672,1291,1700,1810]
[0,654,1700,1810]
[0,96,1810]
[0,614,1288,1810]
[0,64,790,1042,1288,1700,1810]
[0,206,614,1042,1288,1810]
[0,96,206,654,1042,1340,1700,1810]
[0,654,1340,1700,1810]
[0,206,654,1700,1810]
[0,550,654,1205,1302,1700,1810]
[0,550,654,1042,1302,1700,1810]
[0,206,379,654,1302,1810]
[0,64,206,379,790,1042,1302,1700,1810]
[0,206,379,555,793,1042,1810]
[0,654,1302,1700,1810]
[0,96,206,379,555,654,1700,1810]
[0,379,793,1042,1340,1810]
[0,379,790,1042,1288,1700,1810]
[0,206,654,1042,1340,1700,1810]
[0,379,550,654,1042,1302,1700,1810]
[0,96,206,555,654,1700,1810]
[0,206,614,790,1042,1302,1810]
[0,206,379,790,1042,1181,1302,1810]
[0,157,1288,1810]
[0,206,654,1042,1302,1700,1810]
[0,379,793,1810]
[0,64,206,379,790,1042,1181,1302,1700,1810]
[0,157,654,1810]
[0,550,654,1302,1700,1810]
[0,206,555,654,1700,1810]
[0,64,672,1042,1291,1700,1810]
[0,64,206,790,1042,1288,1700,1810]
[0,206,614,1288,1810]
[0,654,1281,1810]
[0,654,1205,1302,1700,1810]
[0,64,206,379,614,790,1042,1288,1700,1810]
[0,206,1340,1810]
[0,379,555,654,1042,1340,1700,1810]
[0,1288,1810]
[0,555,654,1700,1810]
[0,206,790,1042,1288,1700,1810]
[0,654,1810]
[0,206,379,1042,1340,1810]
[0,157,665,1621,1810]
[0,206,379,654,1042,1340,1700,1810]
[0,206,379,614,790,1042,1288,1810]
[0,790,1700,1810]
[0,790,1042,1302,1810]
[0,790,1288,1810]
[0,793,1700,1810]
[0,1042,1700,1810]
[0,555,793,1810]
[0,790,1810]
[0,379,1340,1810]
[0,1288,1700,1810]
[0,206,1700,1810]
[0,790,1042,1288,1810]
[0,206,379,790,1042,1288,1700,1810]
[0,379,790,1042,1302,1700,1810]
[0,206,379,555,793,1042,1340,1700,1810]
[0,614,1042,1810]
[0,206,379,793,1042,1810]
[0,379,1302,1810]
[0,206,379,1810]
[0,550,672,1042,1291,1810]
[0,157,793,1288,1810]
[0,206,379,790,1042,1810]
[0,379,793,1042,1340,1700,1810]
[0,206,379,790,1042,1181,1302,1700,1810]
[0,157,1288,1700,1810]
[0,379,790,1042,1810]
[0,206,550,672,1042,1291,1810]
[0,96,206,379,1042,1340,1700,1810]
[0,379,1340,1700,1810]
[0,672,1291,1810]
[0,206,379,654,1700,1810]
[0,206,379,555,654,1042,1340,1700,1810]
[0,379,550,654,1302,1700,1810]
[0,157,555,793,1288,1700,1810]
[0,206,379,793,1810]
[0,206,379,793,1042,1340,1810]
[0,379,1302,1700,1810]
[0,206,614,790,1042,1288,1810]
[0,672,1042,1810]
[0,555,793,1288,1810]
[0,206,379,550,654,1042,1302,1700,1810]
[0,206,379,614,790,1042,1181,1302,1700,1810]
[0,665,1810]
[0,379,654,1042,1340,1810]
[0,96,206,379,555,793,1042,1340,1700,1810]
[0,614,1810]
[0,555,654,1042,1340,1700,1810]
[0,206,379,1042,1340,1700,1810]
[0,379,654,1042,1810]
[0,206,550,672,1042,1291,1700,1810]
[0,206,790,1042,1288,1810]
[0,793,1288,1810]
[0,157,654,1281,1700,1810]
[0,654,1042,1340,1810]
[0,64,790,1042,1302,1700,1810]
[0,379,654,1042,1302,1810]
[0,206,379,1340,1810]
[0,550,672,1042,1291,1700,1810]
[0,790,1042,1288,1700,1810]
[0,379,555,793,1042,1340,1810]
[0,790,1288,1700,1810]
[0,206,654,1810]
[0,64,206,379,790,1042,1288,1700,1810]
[0,555,654,1340,1700,1810]
[0,379,1042,1340,1810]
[0,206,379,793,1042,1340,1700,1810]
[0,206,672,1042,1291,1700,1810]
[0,206,379,614,790,1042,1302,1810]
[0,654,1042,1302,1810]
[0,206,379,1302,1810]
[0,206,379,654,1340,1700,1810]
[0,614,1042,1288,1810]
[0,793,1042,1340,1810]
[0,206,379,550,654,1700,1810]
[0,379,1700,1810]
[0,157,793,1810]
[0,1042,1810]
[0,1291,1700,1810]
[0,96,206,654,1700,1810]
[0,157,1810]
[0,379,654,1810]
[0,379,1042,1302,1810]
[0,206,379,555,793,1042,1340,1810]
[0,206,379,790,1042,1302,1810]
[0,206,379,654,1302,1700,1810]
[0,206,379,555,654,1340,1700,1810]
[0,206,379,1700,1810]
[0,672,1810]
