[0,410,1056,1180]
[0,136,242,448,867,1180]
[0,136,242,415,754,867,946,1065,1180]
[0,242,415,867,946,1180]
[0,754,1180]
[0,136,242,410,691,1180]
[0,415,946,1180]
[0,415,754,867,946,1180]
[0,242,448,754,867,1180]
[0,136,242,415,1065,1180]
[0,136,242,754,867,1065,1180]
[0,136,242,691,754,867,946,1180]
[0,242,410,1056,1180]
[0,136,691,1180]
[0,136,242,410,754,867,946,1180]
[0,136,867,1180]
[0,410,754,867,1180]
[0,136,242,946,1180]
[0,136,242,304,867,946,1180]
[0,242,410,754,946,1056,1180]
[0,136,242,304,415,691,754,867,1180]
[0,136,242,415,754,867,1180]
[0,448,1180]
[0,136,242,410,754,867,1180]
[0,754,867,946,1180]
[0,410,754,1180]
[0,136,242,754,867,946,1065,1180]
[0,754,867,1180]
[0,136,242,415,867,946,1065,1180]
[0,136,242,415,867,946,1180]
[0,242,415,867,1180]
[0,136,242,415,754,867,1065,1180]
[0,136,946,1180]
[0,136,242,448,754,867,1180]
[0,242,410,754,1180]
[0,136,242,410,481,691,754,867,1180]
[0,136,242,415,754,867,946,1180]
[0,242,304,1180]
[0,410,1180]
[0,136,242,304,691,754,867,946,1065,1180]
[0,136,242,304,754,867,946,1180]
[0,136,242,304,415,691,754,867,946,1065,1180]
[0,136,242,754,867,1180]
[0,242,410,867,946,1180]
[0,410,691,754,867,946,1180]
[0,304,1180]
[0,421,1180]
[0,242,415,946,1180]
[0,136,242,410,481,1180]
[0,136,242,410,691,754,1180]
[0,136,754,1180]
[0,304,867,1180]
[0,136,242,448,1180]
[0,136,242,304,691,1180]
[0,136,242,410,867,946,1056,1180]
[0,304,754,1056,1180]
[0,136,242,410,946,1056,1180]
[0,242,448,691,1180]
[0,242,415,754,867,1065,1180]
[0,136,242,691,754,867,1180]
[0,867,1180]
[0,242,410,691,754,867,946,1180]
[0,136,242,304,410,691,754,867,946,1056,1180]
[0,136,242,410,754,867,946,1056,1180]
[0,242,448,1056,1180]
[0,242,415,867,1065,1180]
[0,136,242,448,691,1180]
[0,136,242,691,754,1180]
[0,304,1056,1180]
[0,136,1180]
[0,415,691,1180]
[0,136,242,304,691,754,1180]
[0,410,754,867,946,1180]
[0,136,242,410,1180]
[0,242,415,946,1065,1180]
[0,136,242,415,691,754,867,946,1180]
[0,136,867,1065,1180]
[0,136,242,691,754,867,946,1065,1180]
[0,136,242,448,663,754,867,1180]
[0,136,242,304,1180]
[0,242,410,867,1180]
[0,410,691,1180]
[0,242,415,1180]
[0,136,242,691,1180]
[0,136,242,415,691,1180]
[0,136,242,304,691,754,867,1180]
[0,415,1180]
[0,136,242,415,867,1180]
[0,136,754,867,1180]
[0,136,242,1180]
[0,242,415,754,867,1180]
[0,136,242,410,867,946,1180]
[0,136,242,410,867,1180]
[0,867,946,1180]
[0,136,242,410,1056,1180]
[0,136,242,410,691,754,867,946,1180]
[0,242,410,1180]
[0,242,421,1180]
[0,803,1180]
[0,415,867,946,1180]
[0,691,754,867,946,1180]
[0,136,242,415,691,754,867,1180]
[0,136,242,754,867,946,1180]
[0,136,242,410,691,754,867,946,1056,1180]
[0,410,867,946,1180]
[0,242,410,754,1056,1180]
[0,242,415,691,1180]
[0,421,867,1180]
[0,136,242,304,691,754,867,946,1180]
[0,415,691,754,867,946,1180]
[0,242,410,754,867,946,1180]
[0,136,754,867,1065,1180]
[0,136,242,754,1180]
[0,136,242,415,1180]
[0,242,410,946,1056,1180]
[0,242,415,1065,1180]
[0,242,421,867,1180]
[0,136,242,410,481,867,1180]
[0,136,242,410,691,754,867,1180]
[0,304,867,946,1180]
[0,304,803,1180]
[0,415,754,867,1180]
[0,136,242,415,946,1065,1180]
[0,136,242,867,946,1180]
[0,136,242,410,754,946,1056,1180]
[0,136,242,410,481,754,867,1180]
[0,242,410,754,867,1180]
[0,242,448,867,1180]
[0,448,691,1180]
[0,691,1180]
[0,448,867,1180]
[0,946,1180]
[0,136,242,304,410,691,754,867,1180]
[0,136,242,415,691,754,1180]
[0,415,867,1180]
[0,242,304,867,946,1180]
[0,242,415,691,754,867,946,1180]
[0,304,754,1180]
[0,136,867,946,1180]
[0,242,415,754,867,946,1180]
[0,242,410,691,1180]
[0,410,867,1180]
[0,136,242,415,691,754,867,946,1065,1180]
[0,242,448,1180]
