[0,90,213,538,597,663,997]
[0,90,213,336,599,667,997]
[0,90,821,997]
[0,90,538,597,997]
[0,90,213,599,667,997]
[0,90,213,336,597,997]
[0,540,599,997]
[0,90,336,411,599,997]
[0,213,340,599,997]
[0,90,213,336,597,663,997]
[0,90,213,597,663,997]
[0,90,213,597,997]
[0,90,411,597,997]
[0,90,213,411,597,876,997]
[0,90,213,336,538,597,663,997]
[0,213,411,597,997]
[0,213,336,597,997]
[0,90,213,411,599,997]
[0,90,213,411,597,997]
[0,90,213,336,411,597,997]
[0,90,597,663,997]
[0,90,213,336,599,997]
[0,213,336,599,997]
[0,90,213,336,411,599,997]
[0,604,997]
[0,90,597,665,997]
[0,110,604,876,997]
[0,90,213,599,997]
[0,90,411,599,997]
[0,90,336,411,597,665,997]
[0,213,411,599,997]
[0,90,213,336,411,597,663,997]
[0,110,604,997]
[0,90,411,597,665,997]
[0,597,997]
[0,538,597,997]
[0,90,213,336,411,597,665,997]
[0,604,876,997]
[0,663,997]
[0,599,997]
[0,411,597,876,997]
[0,90,213,336,540,599,667,997]
[0,821,997]
[0,213,597,997]
[0,597,665,997]
[0,411,597,997]
[0,90,540,599,997]
[0,597,663,997]
[0,213,599,997]
[0,90,597,997]
[0,90,997]
[0,90,213,336,540,599,997]
[0,90,213,336,411,599,667,997]
[0,411,599,997]
[0,90,599,997]
[0,90,213,540,599,997]
[0,213,411,597,876,997]
[0,110,599,997]
[0,90,213,336,411,538,597,663,997]
[0,90,213,336,411,540,599,667,997]
[0,90,336,411,597,997]
[0,90,538,597,663,997]
[0,90,213,340,599,997]
