[0,1207,1411,1666,2019]
[0,1024,1411,2019]
[0,250,483,1067,1218,1411,1666,2019]
[0,141,250,483,1067,1207,1411,1666,1888,2019]
[0,1218,1411,1666,2019]
[0,945,1067,1411,1666,1888,2019]
[0,483,1411,2019]
[0,483,1411,1888,2019]
[0,141,250,945,1067,1411,1666,1888,2019]
[0,141,250,483,945,1067,1218,1411,1666,1888,2019]
[0,141,250,483,945,1067,1207,1411,1666,1888,2019]
[0,141,1411,1888,2019]
[0,250,945,1067,1218,1411,1666,1888,2019]
[0,483,1067,1207,1411,1666,2019]
[0,250,483,1411,1666,2019]
[0,250,483,945,1067,1207,1411,1666,1888,2019]
[0,141,1411,2019]
[0,141,250,483,1218,1411,1666,1888,2019]
[0,237,1024,1411,2019]
[0,250,945,1411,1666,1888,2019]
[0,1067,1207,1411,1666,2019]
[0,1207,1411,1666,1888,2019]
[0,141,250,483,1207,1411,1666,1888,2019]
[0,57,141,250,483,945,1067,1218,1411,1666,1888,2019]
[0,1067,1613,2019]
[0,1067,2019]
[0,945,1411,1666,1888,2019]
[0,250,945,1218,1411,1666,2019]
[0,1218,1411,1666,1888,2019]
[0,237,1024,1411,1809,2019]
[0,250,483,1207,1411,1666,2019]
[0,1067,1218,1411,1666,1888,2019]
[0,483,1411,1666,2019]
[0,945,1067,1218,1411,1666,1888,2019]
[0,483,1067,1207,1411,1666,1888,2019]
[0,250,483,1218,1411,1666,1888,2019]
[0,250,483,1067,1207,1411,1666,1888,2019]
[0,237,1067,1613,2019]
[0,1411,1666,2019]
[0,250,483,1067,1218,1411,1666,1888,2019]
[0,57,141,250,483,945,1067,1207,1411,1666,1888,2019]
[0,237,1067,2019]
[0,250,483,1207,1411,1666,1888,2019]
[0,141,250,945,1067,1207,1411,1666,1888,2019]
[0,945,1411,1666,2019]
[0,250,945,1067,1411,1666,1888,2019]
[0,250,483,1218,1411,1666,2019]
[0,945,1411,2019]
[0,1067,1207,1411,1666,1888,2019]
[0,250,945,1067,1207,1411,1666,1888,2019]
[0,483,1207,1411,1666,2019]
[0,141,250,483,1411,1666,1888,2019]
[0,1411,1888,2019]
[0,1411,1666,1888,2019]
[0,250,945,1207,1411,1666,2019]
[0,250,945,1207,1411,1666,1888,2019]
[0,250,945,1411,1666,2019]
[0,141,250,945,1411,1666,1888,2019]
[0,250,483,1411,1666,1888,2019]
[0,1411,2019]
[0,1067,1218,1411,1666,2019]
[0,250,483,1067,1207,1411,1666,2019]
[0,141,250,945,1067,1218,1411,1666,1888,2019]
[0,250,945,1218,1411,1666,1888,2019]
[0,483,1411,1666,1888,2019]
[0,237,1411,2019]
[0,141,1067,2019]
[0,250,483,945,1067,1218,1411,1666,1888,2019]
[0,945,1067,1207,1411,1666,1888,2019]
