[0,254,574,792,922]
[0,261,490,574,639,922]
[0,77,134,261,792,922]
[0,261,319,490,574,792,922]
[0,261,319,490,574,639,792,880,922]
[0,261,319,490,574,631,792,880,922]
[0,134,261,490,574,639,792,880,922]
[0,134,261,490,574,639,922]
[0,77,134,261,319,490,574,639,792,922]
[0,261,574,792,922]
[0,254,792,922]
[0,77,134,261,319,490,574,792,922]
[0,261,319,574,792,922]
[0,254,574,922]
[0,134,261,319,490,574,631,792,880,922]
[0,134,261,792,922]
[0,261,319,574,631,922]
[0,77,134,792,880,922]
[0,134,261,574,922]
[0,77,134,261,319,446,490,574,631,922]
[0,134,261,490,574,631,792,880,922]
[0,261,490,574,631,792,880,922]
[0,77,134,261,319,446,490,574,631,792,922]
[0,134,261,319,490,574,631,792,922]
[0,261,319,792,880,922]
[0,77,134,261,319,490,574,631,922]
[0,261,490,574,792,922]
[0,261,319,490,574,639,922]
[0,134,261,319,574,792,922]
[0,134,261,490,574,639,792,922]
[0,261,922]
[0,134,792,922]
[0,77,134,261,319,446,490,574,639,922]
[0,134,261,319,490,574,922]
[0,77,134,261,319,574,792,880,922]
[0,77,134,792,922]
[0,261,490,574,631,922]
[0,261,319,922]
[0,77,134,261,319,792,880,922]
[0,261,880,922]
[0,134,261,319,574,631,922]
[0,261,490,574,631,792,922]
[0,134,261,490,574,631,922]
[0,261,319,490,574,639,792,922]
[0,261,319,792,922]
[0,134,261,319,792,922]
[0,261,319,574,922]
[0,77,134,261,319,922]
[0,261,319,490,574,922]
[0,134,261,319,574,922]
[0,134,261,319,490,574,792,922]
[0,261,490,574,922]
[0,77,134,261,319,446,490,574,639,792,880,922]
[0,134,261,319,490,574,631,922]
[0,261,490,574,792,880,922]
[0,261,574,922]
[0,134,261,319,574,639,922]
[0,261,490,922]
[0,261,792,880,922]
[0,261,490,574,639,792,922]
[0,77,134,261,922]
[0,134,261,319,490,574,639,792,880,922]
[0,134,261,319,490,574,639,792,922]
[0,77,134,261,319,490,574,792,880,922]
[0,134,261,319,922]
[0,261,319,490,574,631,922]
[0,261,490,574,639,792,880,922]
[0,134,261,490,574,631,792,922]
[0,134,261,574,792,922]
[0,574,922]
[0,134,922]
[0,134,261,490,574,922]
[0,261,574,792,880,922]
[0,134,261,319,490,574,639,922]
[0,77,134,261,319,574,792,922]
[0,261,319,490,574,631,792,922]
[0,77,134,261,792,880,922]
[0,134,261,490,922]
[0,77,134,261,319,446,490,574,639,792,922]
[0,134,261,490,574,792,922]
[0,261,319,574,639,922]
[0,261,319,574,792,880,922]
[0,261,319,490,574,792,880,922]
[0,134,261,490,574,792,880,922]
[0,77,134,261,319,446,490,574,631,792,880,922]
[0,77,134,261,319,574,631,922]
[0,77,134,261,319,792,922]
[0,77,134,922]
[0,261,574,639,922]
[0,77,134,261,319,574,922]
[0,134,261,574,639,922]
[0,77,134,261,319,490,574,639,922]
[0,77,134,261,319,490,574,639,792,880,922]
[0,254,922]
[0,261,792,922]
[0,77,134,880,922]
[0,77,134,261,319,490,574,631,792,880,922]
[0,77,134,261,319,490,574,631,792,922]
[0,134,261,922]
[0,77,134,261,319,574,639,922]
