[0,654,1746,2019]
[0,392,726,1179,1466,1607,1923,2019]
[0,392,726,1179,2019]
[0,392,836,1923,2019]
[0,1179,2019]
[0,392,519,869,1179,1466,1607,1746,1923,2019]
[0,392,869,1179,1607,1746,2019]
[0,333,726,2019]
[0,392,726,1607,1923,2019]
[0,392,1607,2019]
[0,392,735,1179,1466,2019]
[0,392,1466,2019]
[0,392,869,1179,1466,1923,2019]
[0,392,835,1923,2019]
[0,392,735,1179,1466,1607,1923,2019]
[0,836,1466,2019]
[0,392,654,726,1179,1466,1607,1923,2019]
[0,392,726,1179,1466,1607,1746,1923,2019]
[0,333,1923,2019]
[0,392,735,1466,1746,2019]
[0,1746,2019]
[0,392,869,1179,1466,2019]
[0,392,869,1179,2019]
[0,1607,2019]
[0,392,735,1179,1466,1746,2019]
[0,333,726,1794,2019]
[0,392,1923,2019]
[0,654,2019]
[0,392,519,869,1179,1466,2019]
[0,392,869,1179,1466,1607,1746,2019]
[0,392,726,1607,1746,1923,2019]
[0,392,2019]
[0,392,869,1179,1466,1746,2019]
[0,48,392,654,726,1179,1466,1607,1746,1923,2019]
[0,392,654,726,1466,1607,1923,2019]
[0,392,654,726,1179,1466,1607,1746,1923,2019]
[0,392,654,735,1179,1466,1607,1923,2019]
[0,392,735,1179,1466,1607,1746,2019]
[0,392,836,1173,1923,2019]
[0,392,735,1607,2019]
[0,392,836,1173,2019]
[0,392,869,1179,1923,2019]
[0,392,726,1466,2019]
[0,392,735,1607,1923,2019]
[0,392,735,1466,1607,1746,2019]
[0,392,869,1179,1466,1607,2019]
[0,48,392,726,1607,1746,1923,2019]
[0,333,1746,2019]
[0,392,654,726,1607,1923,2019]
[0,836,2019]
[0,869,2019]
[0,392,735,1179,2019]
[0,392,726,1923,2019]
[0,333,745,1746,2019]
[0,392,835,2019]
[0,392,735,1179,1746,2019]
[0,392,836,1173,1466,1923,2019]
[0,745,2019]
[0,392,654,735,1179,1466,1607,1746,1923,2019]
[0,392,869,1179,1466,1607,1923,2019]
[0,392,835,1179,2019]
[0,392,726,1466,1607,1746,2019]
[0,392,836,1173,1466,2019]
[0,392,869,1179,1746,2019]
[0,392,735,1607,1746,2019]
[0,835,2019]
[0,392,726,1179,1746,2019]
[0,392,735,2019]
[0,333,2019]
[0,392,735,1466,1607,1923,2019]
[0,392,835,1179,1923,2019]
[0,392,726,1179,1466,2019]
[0,392,519,869,1179,1466,1607,1923,2019]
[0,392,869,1923,2019]
[0,392,735,1179,1466,1607,1746,1923,2019]
[0,333,745,2019]
[0,392,726,2019]
[0,392,726,1746,2019]
[0,392,836,2019]
[0,392,869,2019]
[0,48,392,519,869,1179,1466,1607,1746,1923,2019]
[0,392,726,1607,1746,2019]
[0,392,735,1746,2019]
[0,392,735,1466,1607,2019]
[0,392,1179,2019]
[0,726,1179,2019]
[0,392,836,1173,1466,1607,2019]
[0,392,726,1179,1466,1607,1746,2019]
[0,392,726,1179,1466,1746,2019]
[0,392,735,1179,1466,1607,2019]
[0,392,836,1466,2019]
[0,392,726,1179,1466,1607,2019]
[0,392,735,1466,2019]
[0,1466,2019]
[0,392,869,1746,2019]
[0,392,654,726,1923,2019]
[0,392,726,1607,2019]
[0,392,726,1466,1607,1923,2019]
[0,726,2019]
[0,392,519,869,1179,1466,1607,2019]
[0,392,726,1466,1746,2019]
[0,333,726,1179,2019]
[0,333,726,1923,2019]
[0,392,726,1466,1607,2019]
[0,392,519,869,1179,1466,1607,1746,2019]
[0,333,726,1179,1923,2019]
[0,392,836,1173,1466,1607,1923,2019]
[0,392,735,1923,2019]
[0,1923,2019]
