[0,230,452,584,641,804,1046]
[0,230,452,584,641,804,846,1001,1046]
[0,93,190,584,671,804,846,1046]
[0,230,804,1046]
[0,536,846,1046]
[0,452,584,641,804,1046]
[0,93,190,452,584,671,804,1046]
[0,355,584,1001,1046]
[0,355,804,1046]
[0,452,584,641,804,952,1046]
[0,584,671,804,1046]
[0,230,452,584,804,952,1046]
[0,536,1046]
[0,230,452,584,641,804,952,1001,1046]
[0,584,671,804,961,1046]
[0,93,190,584,671,804,1046]
[0,846,1046]
[0,355,584,671,804,961,1046]
[0,93,190,452,584,804,1046]
[0,804,1046]
[0,641,1046]
[0,584,1046]
[0,93,190,452,584,671,804,1001,1046]
[0,452,584,641,804,846,1046]
[0,584,804,1046]
[0,584,641,1046]
[0,93,190,584,804,846,1046]
[0,355,1046]
[0,93,190,452,584,671,804,846,1001,1046]
[0,230,452,584,641,804,1001,1046]
[0,230,584,804,1046]
[0,584,641,804,1046]
[0,887,1046]
[0,93,190,452,584,671,804,961,1046]
[0,355,584,671,804,1046]
[0,190,584,804,1046]
[0,584,887,1046]
[0,452,584,804,1046]
[0,584,641,804,846,1046]
[0,230,452,584,641,804,952,1046]
[0,93,190,584,804,1046]
[0,452,584,804,952,1046]
[0,190,452,584,804,1046]
[0,1001,1046]
[0,93,190,584,671,804,961,1046]
[0,452,584,641,804,846,1001,1046]
[0,93,584,804,1046]
[0,93,190,452,584,671,804,846,1046]
[0,355,584,804,1046]
[0,452,584,641,804,1001,1046]
[0,452,584,641,804,952,1001,1046]
[0,230,452,584,804,1046]
[0,584,1001,1046]
[0,584,804,961,1046]
[0,355,584,1046]
