[0,203,1367,1483,1674,1783,1967,2019]
[0,379,897,1674,2019]
[0,171,2019]
[0,1410,2019]
[0,1814,1967,2019]
[0,1786,1967,2019]
[0,897,1410,2019]
[0,1119,1769,1967,2019]
[0,813,1119,1769,1967,2019]
[0,1674,2019]
[0,203,1769,2019]
[0,171,1160,2019]
[0,203,1410,1674,1783,1967,2019]
[0,203,1483,1674,2019]
[0,379,897,1410,1674,2019]
[0,1160,1783,2019]
[0,1674,1786,2019]
[0,171,1410,1967,2019]
[0,379,1410,1674,2019]
[0,203,1674,2019]
[0,1410,1967,2019]
[0,203,1674,1783,2019]
[0,171,1410,2019]
[0,1769,1967,2019]
[0,171,1410,1674,2019]
[0,1119,1769,2019]
[0,1483,1674,1786,1967,2019]
[0,203,1410,1674,2019]
[0,281,1160,1783,2019]
[0,203,1119,2019]
[0,203,1410,1674,1783,2019]
[0,379,897,1410,1674,1967,2019]
[0,171,1160,1410,1967,2019]
[0,1674,1783,2019]
[0,1367,1483,1674,2019]
[0,171,1410,1674,1967,2019]
[0,1119,1674,2019]
[0,1367,1483,1674,1786,1967,2019]
[0,1483,1674,1783,1967,2019]
[0,203,1367,1483,1674,1786,2019]
[0,379,897,1967,2019]
[0,1674,1786,1967,2019]
[0,1769,2019]
[0,379,897,1410,2019]
[0,813,1119,2019]
[0,277,813,1119,1786,2019]
[0,379,897,2019]
[0,1119,1786,2019]
[0,1367,1483,1674,1783,1967,2019]
[0,1674,1814,1967,2019]
[0,203,1119,1410,1674,1783,1967,2019]
[0,1410,1674,1967,2019]
[0,203,1367,1483,1674,2019]
[0,1674,1783,1967,2019]
[0,203,1674,1783,1967,2019]
[0,897,2019]
[0,1786,2019]
[0,379,897,1410,1967,2019]
[0,1119,2019]
[0,1783,1967,2019]
[0,1483,1674,1786,2019]
[0,203,1367,1483,1674,1783,2019]
[0,203,1967,2019]
[0,1367,1483,1674,1786,2019]
[0,203,1119,1410,1674,1783,2019]
[0,813,1119,1769,2019]
[0,1119,1410,1674,2019]
[0,203,1119,1769,1967,2019]
[0,203,1119,1410,1674,2019]
[0,1410,1674,2019]
[0,1483,1674,2019]
[0,1814,2019]
[0,203,2019]
[0,203,1769,1967,2019]
[0,379,2019]
[0,1367,1483,1674,1783,2019]
[0,171,1160,1410,1674,1967,2019]
[0,1674,1814,2019]
[0,1160,1410,1674,2019]
[0,171,1967,2019]
[0,1783,2019]
[0,813,1119,1786,2019]
[0,1160,2019]
[0,171,1160,1410,2019]
[0,203,1367,1483,1674,1786,1967,2019]
[0,1483,1674,1783,2019]
[0,379,1967,2019]
[0,1160,1410,2019]
[0,171,1160,1410,1674,2019]
[0,203,1119,1769,2019]
[0,277,813,1119,2019]
[0,281,1160,2019]
[0,1967,2019]
[0,379,1674,2019]
