[0,109,467,554,752,961,1034,1180]
[0,554,1180]
[0,533,610,961,1034,1180]
[0,495,610,1180]
[0,109,610,961,1180]
[0,961,1180]
[0,109,1180]
[0,495,610,961,1180]
[0,467,737,1034,1180]
[0,610,961,1034,1180]
[0,176,406,554,752,1180]
[0,406,961,1180]
[0,109,401,610,961,1034,1180]
[0,752,961,1180]
[0,533,1180]
[0,467,737,1180]
[0,610,1180]
[0,495,610,961,1034,1180]
[0,109,533,610,961,1034,1180]
[0,109,176,961,1034,1180]
[0,109,176,533,610,961,1034,1180]
[0,109,533,610,961,1180]
[0,467,1034,1180]
[0,109,176,401,610,961,1034,1122,1180]
[0,109,610,961,1034,1180]
[0,495,1180]
[0,554,752,961,1180]
[0,1034,1180]
[0,737,1180]
[0,109,961,1034,1180]
[0,109,610,1034,1180]
[0,752,961,1034,1180]
[0,109,176,495,610,961,1034,1180]
[0,109,467,554,752,961,1180]
[0,109,610,1180]
[0,109,176,610,961,1034,1180]
[0,109,554,752,961,1180]
[0,109,401,610,961,1180]
[0,406,1180]
[0,176,406,554,752,1034,1180]
[0,109,1034,1180]
[0,554,752,1034,1180]
[0,109,554,752,961,1034,1180]
[0,109,176,467,533,610,961,1034,1180]
[0,109,176,401,467,533,610,961,1034,1122,1180]
[0,109,752,961,1180]
[0,176,554,752,1034,1180]
[0,109,752,961,1034,1180]
[0,401,610,1180]
[0,401,1180]
[0,533,610,961,1180]
[0,467,1180]
[0,401,610,961,1180]
[0,961,1034,1180]
[0,109,495,610,961,1034,1180]
[0,176,554,752,1180]
[0,610,1034,1180]
[0,109,495,610,961,1180]
[0,554,752,961,1034,1180]
[0,109,176,401,467,533,610,961,1034,1180]
[0,610,961,1180]
[0,554,752,1180]
[0,109,176,401,610,961,1034,1180]
[0,533,610,1180]
