[0,624,1452,1867,2554]
[0,187,461,1452,1867,2113,2554]
[0,62,187,1867,2113,2554]
[0,62,461,1452,1867,2113,2554]
[0,505,1373,2554]
[0,1867,2554]
[0,624,1867,2554]
[0,1452,1867,2554]
[0,187,275,1867,2113,2554]
[0,187,1867,2113,2554]
[0,170,505,1373,2554]
[0,170,2554]
[0,461,1452,1867,2113,2554]
[0,62,187,275,461,1452,1867,2113,2554]
[0,62,624,1867,2113,2554]
[0,62,1452,1867,2113,2554]
[0,461,1867,2554]
[0,624,1867,2113,2554]
[0,461,1867,2113,2554]
[0,264,1452,1867,2554]
[0,1373,1867,2554]
[0,187,1867,2554]
[0,187,2554]
[0,275,2554]
[0,1373,2554]
[0,187,624,1452,1867,2113,2554]
[0,62,187,275,1867,2113,2554]
[0,170,1373,2554]
[0,62,624,1452,1867,2113,2554]
[0,187,275,1452,1867,2113,2554]
[0,1867,2113,2554]
[0,461,1452,1867,2554]
[0,170,1452,1867,2113,2554]
[0,1373,1867,2113,2554]
[0,1452,2554]
[0,1452,1867,2113,2554]
[0,624,1452,1867,2113,2554]
[0,62,187,275,1452,1867,2113,2554]
[0,187,275,624,1452,1867,2113,2554]
[0,170,1373,1867,2113,2554]
[0,187,275,461,1452,1867,2113,2554]
[0,62,187,1867,2554]
[0,461,2554]
[0,624,2554]
[0,62,187,2554]
[0,62,461,1867,2113,2554]
[0,264,1452,1867,2113,2554]
[0,62,187,275,624,1452,1867,2113,2554]
[0,187,1452,1867,2113,2554]
[0,62,264,1452,1867,2113,2554]
