[0,385,504,966,1302,1588,2067,2120]
[0,598,1302,1588,2120]
[0,598,1518,2067,2120]
[0,504,617,1302,1588,2067,2120]
[0,385,504,598,966,1302,1588,2120]
[0,598,966,1302,1588,2120]
[0,966,1302,1588,2120]
[0,504,617,2120]
[0,1302,2120]
[0,385,1302,2120]
[0,504,598,966,1302,1588,2067,2120]
[0,385,504,617,1302,1588,1863,2120]
[0,966,1302,2120]
[0,617,2120]
[0,385,966,1302,1588,1863,2067,2120]
[0,966,1302,1588,1863,2120]
[0,598,1302,1588,2067,2120]
[0,598,966,1302,2120]
[0,1518,2067,2120]
[0,385,966,1302,2120]
[0,385,966,1302,1588,2120]
[0,617,1518,2120]
[0,598,966,1302,1588,2067,2120]
[0,2067,2120]
[0,385,504,617,1302,1588,2067,2120]
[0,617,1302,1588,1863,2120]
[0,504,617,1302,1588,2120]
[0,504,617,1302,1588,1863,2067,2120]
[0,966,2067,2120]
[0,385,966,1302,1588,1863,2120]
[0,617,1302,1588,2120]
[0,966,1302,2067,2120]
[0,966,1302,1588,2067,2120]
[0,1302,1588,2120]
[0,617,1302,2120]
[0,385,504,966,1302,1588,1863,2067,2120]
[0,598,1302,2067,2120]
[0,598,966,2120]
[0,385,2120]
[0,385,504,617,1302,1588,1863,2067,2120]
[0,598,1302,2120]
[0,385,966,1302,1588,2067,2120]
[0,385,504,966,1302,1588,1863,2120]
[0,504,617,1302,1588,1863,2120]
[0,966,2120]
[0,1302,2067,2120]
[0,385,504,598,966,1302,1588,2067,2120]
[0,385,504,966,1302,1588,2120]
[0,598,1518,2120]
[0,504,617,1302,2067,2120]
[0,385,617,1302,1588,1863,2120]
[0,385,617,1302,1588,2120]
[0,617,1302,1588,1863,2067,2120]
[0,1518,2120]
[0,504,598,966,1302,1588,2120]
[0,598,2120]
[0,504,617,1302,2120]
[0,385,504,617,1302,1588,2120]
[0,966,1302,1588,1863,2067,2120]
