[0,1037,1266,2019]
[0,41,1037,1266,1506,1678,1937,2019]
[0,41,2019]
[0,1037,1937,2019]
[0,1037,1144,1678,1937,2019]
[0,149,1037,2019]
[0,1037,1144,1506,1678,2019]
[0,149,1037,1144,1506,1678,2019]
[0,1037,1506,1678,2019]
[0,94,1037,1334,1937,2019]
[0,41,1037,1424,1678,1937,2019]
[0,41,1037,1334,1937,2019]
[0,982,1266,2019]
[0,41,1037,1678,2019]
[0,41,1037,1144,1506,1678,1937,2019]
[0,41,1037,1266,1678,1937,2019]
[0,1037,1334,1937,2019]
[0,1037,1266,1678,2019]
[0,1037,1144,2019]
[0,94,1037,1334,2019]
[0,1037,1144,1937,2019]
[0,1037,1266,1678,1937,2019]
[0,1506,2019]
[0,1037,1291,1937,2019]
[0,982,2019]
[0,1037,1266,1506,2019]
[0,41,149,1037,1424,1678,1937,2019]
[0,1037,1678,2019]
[0,149,1037,1144,1506,2019]
[0,1937,2019]
[0,1037,1424,1937,2019]
[0,1037,1144,1506,1604,1937,2019]
[0,1037,1144,1506,1678,1937,2019]
[0,149,1037,1144,2019]
[0,149,1037,1144,1506,1604,2019]
[0,41,1037,1144,1937,2019]
[0,1037,1506,2019]
[0,41,1037,1291,1937,2019]
[0,41,149,1037,1144,1506,1604,1937,2019]
[0,41,149,1037,1144,1506,1678,1937,2019]
[0,1037,1424,2019]
[0,1037,1144,1678,2019]
[0,1037,1424,1678,1937,2019]
[0,41,149,1037,1334,1937,2019]
[0,149,1037,1266,1506,1678,2019]
[0,149,1037,1506,2019]
[0,41,149,1037,1266,1506,1678,1937,2019]
[0,149,1037,1334,2019]
[0,149,1037,1291,1937,2019]
[0,1037,1144,1506,2019]
[0,149,1037,1144,1506,1937,2019]
[0,1037,1506,1937,2019]
[0,982,1937,2019]
[0,1037,1424,1678,2019]
[0,982,1266,1937,2019]
[0,1376,2019]
[0,41,149,1037,1144,1937,2019]
[0,1037,1144,1506,1937,2019]
[0,149,1037,1506,1678,2019]
[0,1037,1266,1937,2019]
[0,1037,1266,1506,1678,2019]
[0,41,149,1037,1291,1937,2019]
[0,1037,1291,2019]
[0,1037,1641,2019]
[0,41,1037,2019]
[0,149,1037,1144,1506,1604,1937,2019]
[0,1037,2019]
[0,41,1037,1937,2019]
[0,149,1037,1424,1678,1937,2019]
[0,149,1037,1334,1937,2019]
[0,149,1037,1266,1506,1678,1937,2019]
[0,41,149,1037,1144,1506,1937,2019]
[0,1037,1266,1506,1678,1937,2019]
[0,1037,1144,1506,1604,2019]
[0,149,1037,1291,2019]
[0,149,1037,1424,1678,2019]
[0,149,1037,1144,1937,2019]
[0,149,1037,1144,1506,1678,1937,2019]
[0,1037,1334,2019]
