[0,699,1603,1810]
[0,130,940,1450,1810]
[0,130,397,454,699,940,1347,1450,1810]
[0,699,940,1450,1810]
[0,130,699,940,1450,1810]
[0,940,1810]
[0,397,940,1810]
[0,130,1450,1810]
[0,454,699,1810]
[0,1521,1810]
[0,397,901,1521,1810]
[0,130,699,1450,1810]
[0,397,940,1450,1810]
[0,1450,1810]
[0,130,454,699,1450,1810]
[0,130,940,1347,1450,1810]
[0,699,1450,1810]
[0,454,699,940,1450,1810]
[0,130,699,1810]
[0,454,699,1603,1810]
[0,130,397,940,1450,1810]
[0,1603,1810]
[0,699,1810]
[0,130,397,454,699,765,940,1347,1450,1810]
[0,901,1521,1810]
[0,130,699,765,940,1347,1450,1810]
[0,130,454,699,765,940,1347,1450,1810]
[0,130,901,1450,1810]
[0,130,454,699,940,1450,1810]
[0,454,940,1810]
[0,130,901,1810]
[0,130,397,940,1347,1450,1810]
[0,940,1450,1810]
[0,130,397,940,1810]
[0,130,454,699,940,1347,1450,1810]
[0,901,1810]
[0,397,901,1810]
[0,454,940,1450,1810]
[0,901,1450,1810]
[0,130,1603,1810]
[0,130,397,454,940,1810]
[0,454,699,1450,1810]
[0,130,454,699,1603,1810]
[0,130,699,940,1347,1450,1810]
[0,130,699,1603,1810]
[0,130,397,454,940,1347,1450,1810]
[0,130,940,1810]
[0,130,397,454,940,1450,1810]
