[0,146,909,1172,1642]
[0,909,1055,1373,1642]
[0,330,909,1373,1642]
[0,146,909,1055,1373,1642]
[0,146,523,1373,1642]
[0,909,1172,1642]
[0,146,422,575,909,1373,1642]
[0,307,1373,1642]
[0,465,523,1373,1442,1642]
[0,146,330,909,1055,1172,1373,1442,1642]
[0,523,909,1373,1642]
[0,146,422,909,1373,1642]
[0,146,1172,1373,1642]
[0,523,909,1642]
[0,1373,1442,1642]
[0,1373,1642]
[0,307,523,1642]
[0,146,330,909,1055,1172,1373,1642]
[0,146,523,909,1373,1642]
[0,523,1373,1442,1642]
[0,523,1373,1642]
[0,146,465,523,909,1373,1442,1642]
[0,146,909,1373,1642]
[0,146,909,1055,1172,1373,1442,1642]
[0,307,523,909,1055,1373,1442,1642]
[0,422,909,1373,1642]
[0,146,422,909,1373,1442,1642]
[0,146,330,909,1373,1642]
[0,422,909,1172,1373,1642]
[0,146,909,1642]
[0,307,523,909,1055,1172,1373,1442,1642]
[0,146,465,523,1373,1442,1642]
[0,523,1642]
[0,307,523,909,1055,1172,1373,1642]
[0,307,523,1373,1642]
[0,307,909,1642]
[0,146,1373,1642]
[0,146,422,575,909,1172,1373,1642]
[0,307,523,909,1055,1172,1642]
[0,422,575,909,1373,1642]
[0,307,909,1172,1642]
[0,307,523,1373,1442,1642]
[0,465,523,1373,1642]
[0,307,523,909,1172,1642]
[0,146,909,1055,1373,1442,1642]
[0,307,523,1172,1642]
[0,146,1172,1642]
[0,422,575,909,1172,1373,1642]
[0,146,909,1055,1172,1642]
[0,307,523,1055,1172,1642]
[0,909,1642]
[0,307,523,909,1373,1442,1642]
[0,1172,1373,1642]
[0,146,465,523,1373,1642]
[0,363,1642]
[0,146,422,575,909,1373,1442,1642]
[0,307,1172,1642]
[0,146,523,1373,1442,1642]
[0,909,1373,1642]
[0,422,909,1642]
[0,363,1373,1642]
[0,307,523,909,1055,1373,1642]
[0,307,1642]
[0,330,909,1055,1373,1642]
[0,146,1373,1442,1642]
[0,1172,1642]
[0,146,909,1373,1442,1642]
[0,146,909,1055,1172,1373,1642]
[0,307,909,1373,1642]
[0,146,465,523,909,1373,1642]
[0,146,523,909,1373,1442,1642]
[0,307,523,909,1373,1642]
[0,146,330,909,1373,1442,1642]
[0,330,909,1642]
[0,146,330,909,1055,1373,1642]
