[0,792,1461,3661,4758]
[0,955,1685,2351,3693,4758]
[0,792,4693,4758]
[0,955,1685,4394,4758]
[0,586,2351,3693,4758]
[0,792,1461,4394,4758]
[0,955,2351,3738,4394,4693,4758]
[0,586,2351,3738,4394,4758]
[0,2668,3661,4758]
[0,792,2668,4758]
[0,792,1461,4693,4758]
[0,2351,3693,4758]
[0,1684,3693,4758]
[0,360,955,1685,2351,3693,4394,4758]
[0,360,955,1461,2668,3661,4394,4693,4758]
[0,303,586,1100,1685,2265,2754,3738,4394,4758]
[0,792,1461,2668,4758]
[0,955,1685,2351,3738,4394,4758]
[0,955,1461,3188,4693,4758]
[0,1685,4758]
[0,303,586,2265,2754,3738,4394,4693,4758]
[0,955,1461,2668,3661,4758]
[0,586,1100,1685,2754,3738,4758]
[0,1685,2754,3738,4758]
[0,360,955,1461,4394,4758]
[0,360,955,1461,2668,3188,4693,4758]
[0,3661,4758]
[0,586,3693,4394,4758]
[0,2754,3738,4758]
[0,586,2351,4758]
[0,303,586,1685,2265,2754,3738,4394,4758]
[0,4394,4758]
[0,360,955,1685,2351,3738,4394,4758]
[0,303,586,2265,2754,3738,4394,4758]
[0,792,1461,3661,4394,4693,4758]
[0,792,2668,3661,4758]
[0,360,955,1461,2668,3661,4394,4758]
[0,360,955,1461,3661,4758]
[0,586,2265,2754,3738,4394,4758]
[0,3738,4394,4758]
[0,955,1685,3693,4758]
[0,586,2351,3738,4758]
[0,360,955,2351,3738,4394,4693,4758]
[0,2351,3661,4758]
[0,792,1461,3661,4394,4758]
[0,2668,4758]
[0,2351,3738,4758]
[0,2351,4758]
[0,303,586,2754,3738,4394,4693,4758]
[0,586,2351,3693,4394,4758]
[0,586,3693,4758]
[0,792,1461,3661,4693,4758]
[0,586,4758]
[0,1685,3738,4758]
[0,586,1685,2754,3738,4758]
[0,955,2668,4758]
[0,586,1100,1685,2265,2754,3738,4394,4758]
[0,303,586,2754,3738,4394,4758]
[0,955,1461,3188,4758]
[0,1684,4758]
[0,586,1684,2351,3693,4758]
[0,586,2265,2754,3738,4758]
[0,955,1461,3661,4394,4758]
[0,955,1461,2668,3661,4394,4758]
[0,360,955,1461,2668,3188,4758]
[0,955,4758]
[0,792,1461,2668,3661,4758]
[0,792,4758]
[0,586,1100,1685,2265,2754,3738,4758]
[0,955,2351,4758]
[0,3693,4758]
[0,955,2668,3661,4758]
[0,360,955,1685,2351,3738,4394,4693,4758]
[0,586,4150,4758]
[0,586,2351,3661,4394,4758]
[0,586,3661,4758]
[0,586,4394,4758]
[0,586,3738,4758]
[0,586,2754,3738,4758]
[0,4102,4758]
[0,303,586,2351,3738,4394,4758]
[0,792,1461,2668,3661,4394,4758]
[0,360,955,2351,3738,4394,4758]
[0,586,2754,3738,4394,4758]
[0,955,2351,3738,4394,4758]
[0,1684,2351,3693,4758]
[0,955,1461,2668,3188,4758]
[0,303,586,2351,3738,4394,4693,4758]
[0,360,955,1461,3661,4394,4758]
[0,955,3693,4758]
[0,4150,4758]
[0,955,1685,2351,4758]
[0,586,1685,2265,2754,3738,4394,4758]
[0,586,3738,4394,4758]
[0,955,1461,4758]
[0,360,955,1461,3661,4693,4758]
[0,3188,4758]
[0,360,955,1685,3693,4394,4758]
[0,303,586,1685,2265,2754,3738,4394,4693,4758]
[0,586,1100,2754,3738,4758]
[0,792,1461,4758]
[0,955,1685,2351,3738,4758]
[0,360,955,1461,4693,4758]
[0,955,1685,4758]
[0,360,955,1461,4758]
[0,3738,4758]
[0,955,1685,3693,4394,4758]
[0,360,955,2351,3738,4758]
[0,586,1685,2265,2754,3738,4758]
[0,586,2351,3661,4758]
[0,955,1461,3661,4758]
[0,360,955,1685,2351,3738,4444,4758]
[0,1684,2351,4758]
[0,955,3661,4758]
[0,955,3188,4758]
[0,360,955,1685,2351,3738,4758]
[0,360,955,1461,3661,4394,4693,4758]
[0,955,2668,3188,4758]
[0,303,586,1100,1685,2265,2754,3738,4394,4693,4758]
[0,955,1461,4394,4758]
[0,586,3661,4394,4758]
[0,792,1461,2668,3661,4394,4693,4758]
[0,586,1684,2351,3693,4394,4758]
[0,955,1461,4693,4758]
[0,955,1685,2351,3693,4394,4758]
[0,792,3661,4758]
[0,955,1461,2668,3188,4693,4758]
[0,955,1461,2668,4758]
[0,955,2351,3738,4758]
