[0,228,1046]
[0,515,793,870,1046]
[0,303,515,729,870,1046]
[0,303,515,573,793,971,1046]
[0,303,515,793,955,1046]
[0,303,515,931,1046]
[0,303,515,955,1046]
[0,303,354,515,955,1046]
[0,117,303,515,784,931,1046]
[0,303,385,793,971,1046]
[0,303,385,793,1046]
[0,303,793,870,1046]
[0,137,303,385,793,1046]
[0,303,793,1046]
[0,303,515,564,955,1046]
[0,303,515,564,793,870,1046]
[0,228,729,1046]
[0,793,1046]
[0,729,1046]
[0,170,1046]
[0,117,303,515,793,955,1046]
[0,971,1046]
[0,303,515,573,971,1046]
[0,870,1046]
[0,303,515,564,793,955,1046]
[0,303,793,971,1046]
[0,303,515,729,955,1046]
[0,303,870,1046]
[0,170,515,1046]
[0,515,564,793,870,1046]
[0,137,303,385,793,971,1046]
[0,303,729,1046]
[0,117,303,354,515,793,955,1046]
[0,117,303,515,793,1046]
[0,303,354,515,573,793,870,1046]
[0,303,515,793,870,1046]
[0,303,515,784,931,1046]
[0,303,515,793,971,1046]
[0,117,303,515,784,1046]
[0,303,515,870,1046]
[0,515,1046]
[0,303,784,1046]
[0,137,303,793,1046]
[0,303,354,515,573,793,971,1046]
[0,303,354,515,793,955,1046]
[0,303,515,1046]
[0,117,303,515,1046]
[0,793,870,1046]
[0,303,385,1046]
[0,303,515,564,729,955,1046]
[0,303,515,573,793,870,1046]
[0,303,515,793,1046]
[0,793,971,1046]
[0,303,515,729,1046]
[0,303,515,971,1046]
[0,303,515,564,1046]
[0,303,354,515,564,793,955,1046]
[0,303,515,784,1046]
[0,515,870,1046]
[0,303,1046]
