[0,1278,1427]
[0,325,1427]
[0,325,451,1201,1278,1427]
[0,325,1278,1427]
[0,325,537,974,1278,1427]
[0,74,1201,1278,1379,1427]
[0,1379,1427]
[0,74,325,537,1201,1278,1427]
[0,325,451,1201,1427]
[0,537,1201,1278,1379,1427]
[0,74,1201,1278,1427]
[0,321,1201,1427]
[0,79,537,974,1278,1427]
[0,321,1379,1427]
[0,325,1278,1379,1427]
[0,325,1201,1278,1427]
[0,79,665,974,1278,1427]
[0,79,665,974,1201,1278,1427]
[0,79,325,451,1201,1427]
[0,79,665,974,1201,1278,1379,1427]
[0,321,451,1201,1427]
[0,79,665,1201,1278,1379,1427]
[0,79,1201,1278,1379,1427]
[0,325,537,1201,1278,1379,1427]
[0,325,537,1201,1278,1427]
[0,325,665,1278,1427]
[0,79,325,537,974,1201,1278,1427]
[0,79,537,974,1427]
[0,451,1201,1427]
[0,79,451,1201,1278,1427]
[0,451,1427]
[0,665,974,1278,1427]
[0,321,1201,1278,1427]
[0,321,1427]
[0,325,1201,1278,1379,1427]
[0,1278,1379,1427]
[0,537,1201,1278,1427]
[0,79,1201,1278,1427]
[0,79,665,1201,1427]
[0,321,623,1379,1427]
[0,321,451,1201,1278,1427]
[0,79,1201,1427]
[0,325,537,974,1427]
[0,79,325,537,974,1278,1427]
[0,321,623,1427]
[0,79,451,1201,1278,1379,1427]
[0,1201,1427]
[0,321,451,1427]
[0,321,1201,1278,1379,1427]
[0,79,537,1201,1278,1427]
[0,79,665,974,1427]
[0,79,537,1201,1278,1379,1427]
[0,79,451,1201,1427]
[0,79,974,1427]
[0,79,325,537,1201,1427]
[0,325,1201,1427]
[0,974,1427]
[0,537,1201,1427]
[0,79,325,537,1201,1278,1379,1427]
[0,79,325,451,1201,1278,1379,1427]
[0,74,325,451,1201,1278,1379,1427]
[0,325,451,1201,1278,1379,1427]
[0,974,1278,1427]
[0,1201,1278,1379,1427]
[0,537,974,1427]
[0,79,325,537,974,1201,1278,1379,1427]
[0,1201,1278,1427]
[0,537,974,1278,1427]
[0,79,325,537,1201,1278,1427]
[0,79,665,1201,1278,1427]
[0,665,1201,1427]
[0,325,665,1427]
[0,79,537,1201,1427]
[0,665,1427]
[0,537,1427]
[0,74,325,537,1201,1278,1379,1427]
[0,79,325,451,1201,1278,1427]
[0,79,1427]
[0,665,974,1427]
[0,325,537,1201,1427]
[0,321,451,1201,1278,1379,1427]
[0,74,325,451,1201,1278,1427]
