[0,248,293,551,641,997]
[0,248,844,997]
[0,248,551,997]
[0,551,641,711,997]
[0,248,997]
[0,248,293,551,641,711,802,997]
[0,248,293,551,641,711,997]
[0,551,641,997]
[0,248,641,997]
[0,248,641,844,997]
[0,248,374,641,844,997]
[0,844,997]
[0,551,997]
[0,641,997]
[0,248,551,641,844,997]
[0,248,551,641,711,802,997]
[0,248,374,551,641,822,997]
[0,248,374,551,822,997]
[0,248,374,551,641,844,997]
[0,248,374,551,802,997]
[0,248,374,551,641,802,997]
[0,248,711,997]
[0,248,293,551,641,711,802,844,997]
[0,248,374,551,641,711,802,844,997]
[0,248,374,997]
[0,248,551,641,802,997]
[0,551,641,711,802,997]
[0,248,374,551,641,711,822,997]
[0,374,641,844,997]
[0,248,374,551,641,997]
[0,248,551,844,997]
[0,248,551,802,997]
[0,641,844,997]
[0,551,641,711,802,844,997]
[0,711,997]
[0,551,641,802,997]
[0,374,997]
[0,248,374,551,641,711,802,997]
[0,248,551,822,997]
[0,248,551,641,711,997]
[0,374,641,997]
[0,551,802,997]
[0,248,374,551,997]
[0,248,374,641,997]
[0,248,551,641,997]
[0,248,374,551,641,711,997]
[0,248,551,641,711,802,844,997]
