[0,1330,1888,2052,2398,2759]
[0,1330,1888,2398,2759]
[0,2028,2398,2759]
[0,1262,2052,2759]
[0,1330,1556,2759]
[0,930,1312,1888,2759]
[0,286,930,1312,1888,2398,2759]
[0,2052,2398,2759]
[0,930,1312,1888,2398,2759]
[0,831,969,1888,2398,2759]
[0,831,1312,1888,2759]
[0,930,2028,2398,2759]
[0,1330,1888,2759]
[0,969,1888,2398,2759]
[0,831,969,1888,2759]
[0,1888,2759]
[0,969,1888,2759]
[0,1312,1888,2398,2759]
[0,831,969,1312,1888,2398,2759]
[0,1330,1556,2052,2398,2759]
[0,930,2759]
[0,1312,1888,2759]
[0,1330,2052,2398,2759]
[0,2028,2759]
[0,2052,2759]
[0,1330,2759]
[0,1330,2052,2759]
[0,969,1889,2759]
[0,1312,2028,2398,2759]
[0,930,2052,2759]
[0,930,2028,2759]
[0,1262,2759]
[0,1889,2759]
[0,969,2759]
[0,831,1312,1888,2398,2759]
[0,1312,2028,2759]
