[0,377,540,931,1083,1299,1697,1804,2120]
[0,827,1697,2120]
[0,72,1754,2120]
[0,931,1083,1299,1695,1804,2120]
[0,377,540,1083,1299,2120]
[0,377,540,1083,1299,1643,1804,2120]
[0,540,932,1299,2120]
[0,1299,1804,2120]
[0,540,1697,2120]
[0,931,1083,1299,1695,2120]
[0,72,1697,2046,2120]
[0,932,1299,2120]
[0,931,1083,1804,2046,2120]
[0,377,540,1083,1299,1697,2120]
[0,540,932,1299,1697,2046,2120]
[0,377,540,931,1083,1299,1697,1804,2046,2120]
[0,72,932,1754,2120]
[0,931,1083,1299,2120]
[0,931,1083,1299,1643,1804,2046,2120]
[0,540,932,1697,2120]
[0,377,540,931,1083,1299,1695,1804,2120]
[0,540,932,1697,2046,2120]
[0,931,1643,1804,2120]
[0,540,1083,1299,1697,2120]
[0,377,540,931,1083,1299,1697,2120]
[0,72,2046,2120]
[0,1643,1804,2120]
[0,377,931,1083,1299,1804,2120]
[0,72,540,932,1779,2120]
[0,377,1083,1299,1804,2120]
[0,72,377,931,1083,1299,1697,1804,2046,2120]
[0,72,377,931,1083,1299,1695,1804,2046,2120]
[0,72,377,540,931,1083,1299,1697,2046,2120]
[0,540,1083,1697,2120]
[0,931,2120]
[0,540,932,1754,2120]
[0,1754,2120]
[0,377,931,1083,1299,1695,1804,2046,2120]
[0,931,1083,2120]
[0,377,540,931,1083,1299,1804,2120]
[0,72,931,1083,1299,1695,1804,2046,2120]
[0,377,540,1083,1299,1804,2120]
[0,931,1083,1299,2046,2120]
[0,1299,1643,1804,2120]
[0,377,540,931,1083,1299,2120]
[0,377,540,931,1083,1299,2046,2120]
[0,72,377,540,931,1083,1299,2046,2120]
[0,540,932,2046,2120]
[0,540,1083,1804,2120]
[0,377,1083,1697,2120]
[0,377,931,1083,1299,1697,1804,2046,2120]
[0,72,931,1083,1299,1697,1804,2046,2120]
[0,931,1083,2046,2120]
[0,72,377,931,1083,1299,2046,2120]
[0,1083,1299,1697,2120]
[0,72,931,1083,1299,2046,2120]
[0,2046,2120]
[0,1083,1299,2120]
[0,931,1083,1299,1697,1804,2120]
[0,540,1083,2120]
[0,1083,1697,2120]
[0,931,1083,1299,1697,2046,2120]
[0,377,1083,1804,2120]
[0,377,931,1083,1299,1643,1804,2120]
[0,377,931,2120]
[0,931,1083,1697,1804,2046,2120]
[0,377,540,931,1083,1804,2120]
[0,72,377,540,931,1083,1299,1643,1804,2046,2120]
[0,1299,2120]
[0,72,377,931,1083,1299,1697,2046,2120]
[0,377,540,1083,1804,2120]
[0,1083,2046,2120]
[0,1697,2120]
[0,1083,1299,1643,1804,2120]
[0,931,1083,1299,1804,2120]
[0,72,932,1299,1697,2046,2120]
[0,377,931,1083,1299,2120]
[0,931,1083,1299,1643,2120]
[0,931,1083,1697,1804,2120]
[0,377,931,1083,1299,1695,1804,2120]
[0,72,540,932,1754,2120]
[0,932,1697,2046,2120]
[0,827,2120]
[0,72,2120]
[0,1083,1299,1695,2120]
[0,931,1083,1804,2120]
[0,540,1083,1299,1804,2120]
[0,932,1299,1697,2046,2120]
[0,540,1083,1299,1643,1804,2120]
[0,377,540,931,1083,1299,1643,1804,2120]
[0,1083,1695,2120]
[0,932,1779,2120]
[0,72,377,540,931,1083,1299,1695,1804,2046,2120]
[0,72,377,931,1083,1299,1643,1804,2046,2120]
[0,377,931,1083,1299,1643,1804,2046,2120]
[0,1299,1643,2120]
[0,377,931,1083,1804,2120]
[0,377,1083,1299,1643,1804,2120]
[0,540,2120]
[0,377,931,1083,2120]
[0,931,1083,1299,1643,2046,2120]
[0,72,932,1697,2046,2120]
[0,377,931,1083,2046,2120]
[0,377,540,931,1083,1299,1695,1804,2046,2120]
[0,1299,1697,2046,2120]
[0,377,540,931,1083,1299,1643,1804,2046,2120]
[0,72,377,931,1083,2046,2120]
[0,1083,1804,2120]
[0,931,1083,1299,1697,1804,2046,2120]
[0,931,1083,1299,1695,1804,2046,2120]
[0,377,931,1083,1299,1697,2046,2120]
[0,72,1779,2120]
[0,72,931,1083,1299,1697,2046,2120]
[0,1299,1697,2120]
[0,540,932,2120]
[0,1804,2120]
[0,377,931,1083,1299,1697,2120]
[0,1643,2120]
[0,72,540,932,1299,1697,2046,2120]
[0,377,540,931,1083,1299,1697,2046,2120]
[0,931,1083,1299,1695,2046,2120]
[0,540,932,1779,2120]
[0,932,2120]
[0,377,1083,1299,1697,2120]
[0,931,1083,1299,1697,2120]
[0,932,1697,2120]
[0,72,377,540,931,1083,1299,1697,1804,2046,2120]
[0,377,1083,2120]
[0,540,932,1299,1697,2120]
[0,1779,2120]
[0,931,1083,1643,1804,2120]
[0,540,1083,1299,2120]
[0,931,1083,1299,1643,1804,2120]
[0,932,1754,2120]
[0,1083,1299,1804,2120]
[0,932,1299,1697,2120]
[0,1083,1299,1643,2120]
[0,377,931,1083,1299,2046,2120]
[0,1083,2120]
[0,377,931,1083,1299,1697,1804,2120]
[0,377,1083,1299,2120]
[0,72,931,1083,2046,2120]
[0,1697,2046,2120]
[0,72,932,1779,2120]
[0,932,2046,2120]
[0,72,931,1083,1299,1643,1804,2046,2120]
[0,931,1804,2120]
[0,931,1083,1695,1804,2120]
