[0,233,400,747,1175,1307,1651]
[0,233,400,747,1175,1450,1651]
[0,400,747,1175,1450,1651]
[0,400,747,1651]
[0,105,233,400,747,1175,1307,1450,1651]
[0,105,400,747,1175,1307,1450,1651]
[0,105,326,400,747,1175,1651]
[0,105,233,326,400,747,1175,1651]
[0,105,233,326,400,747,1175,1307,1651]
[0,105,400,1651]
[0,747,1175,1651]
[0,105,233,400,747,1175,1307,1651]
[0,105,233,400,747,1175,1651]
[0,400,747,1175,1307,1450,1651]
[0,326,400,1651]
[0,233,400,747,1175,1651]
[0,105,326,400,747,1175,1307,1651]
[0,1175,1651]
[0,105,400,747,1651]
[0,337,1175,1651]
[0,400,1175,1651]
[0,400,1651]
[0,105,326,400,747,1175,1307,1450,1651]
[0,105,1651]
[0,105,400,747,1175,1307,1651]
[0,105,326,400,747,1175,1307,1364,1651]
[0,105,400,747,1175,1651]
[0,326,400,747,1175,1651]
[0,326,400,747,1651]
[0,233,400,747,1175,1307,1450,1651]
[0,105,233,326,400,747,1175,1307,1450,1651]
[0,105,233,326,400,747,1175,1307,1364,1651]
[0,400,747,1175,1307,1651]
[0,747,1651]
[0,400,747,1175,1651]
