[0,531,1810]
[0,531,1335,1810]
[0,531,684,801,1810]
[0,531,1383,1810]
[0,531,1040,1383,1810]
[0,684,1383,1810]
[0,531,936,1383,1704,1810]
[0,531,684,801,1241,1383,1704,1810]
[0,1666,1810]
[0,531,684,801,1241,1383,1810]
[0,531,759,1040,1383,1810]
[0,531,801,1335,1810]
[0,531,1704,1810]
[0,531,936,1810]
[0,759,1810]
[0,531,684,1241,1810]
[0,531,801,1383,1810]
[0,531,684,1040,1383,1631,1810]
[0,1383,1810]
[0,531,1040,1349,1666,1810]
[0,531,801,1335,1666,1810]
[0,531,1040,1383,1631,1810]
[0,531,684,1241,1383,1810]
[0,531,759,1040,1383,1631,1810]
[0,531,1040,1383,1666,1810]
[0,531,684,801,1040,1383,1810]
[0,1241,1810]
[0,531,759,1040,1383,1666,1810]
[0,531,759,1040,1349,1666,1810]
[0,684,1810]
[0,531,684,1040,1810]
[0,531,759,1040,1241,1383,1631,1810]
[0,531,759,1040,1810]
[0,531,801,1383,1704,1810]
[0,531,1040,1349,1810]
[0,531,759,1040,1241,1383,1666,1810]
[0,531,1241,1383,1704,1810]
[0,531,684,1040,1383,1810]
[0,531,1241,1810]
[0,531,684,801,1241,1810]
[0,531,801,1704,1810]
[0,531,1666,1810]
[0,531,684,1383,1810]
[0,531,759,1040,1349,1810]
[0,531,801,1810]
[0,759,1383,1810]
[0,1040,1810]
[0,531,759,1810]
[0,531,684,1810]
[0,531,684,801,1040,1383,1631,1810]
[0,531,1241,1383,1810]
[0,531,936,1383,1810]
[0,531,1040,1810]
[0,531,936,1704,1810]
[0,531,801,1666,1810]
[0,531,684,801,1040,1810]
[0,1704,1810]
