[0,771,928,1046]
[0,613,1046]
[0,399,862,1046]
[0,144,558,1046]
[0,145,323,472,613,1046]
[0,144,399,750,862,1046]
[0,144,771,862,1046]
[0,298,1046]
[0,76,144,323,472,613,771,862,1046]
[0,76,145,399,472,613,771,862,1046]
[0,558,771,928,1046]
[0,144,323,472,613,771,862,1046]
[0,472,613,862,1046]
[0,323,472,862,1046]
[0,144,323,472,1046]
[0,144,404,771,862,1046]
[0,144,404,472,771,862,974,1046]
[0,145,323,472,613,771,862,1046]
[0,558,771,1046]
[0,144,399,862,1046]
[0,145,613,862,1046]
[0,404,472,771,862,1046]
[0,145,862,1046]
[0,144,404,472,771,862,1046]
[0,144,613,862,1046]
[0,323,472,613,771,862,1046]
[0,771,862,1046]
[0,144,558,771,928,1046]
[0,145,323,472,613,862,1046]
[0,298,836,1046]
[0,145,323,472,1046]
[0,144,862,1046]
[0,404,1046]
[0,144,928,1046]
[0,144,323,472,862,1046]
[0,558,1046]
[0,144,323,472,613,1046]
[0,145,472,613,771,862,1046]
[0,472,862,1046]
[0,613,862,1046]
[0,144,472,613,771,862,1046]
[0,144,472,613,862,1046]
[0,404,771,862,1046]
[0,928,1046]
[0,323,472,1046]
[0,76,144,404,472,613,771,862,1046]
[0,472,1046]
[0,144,1046]
[0,145,323,472,862,1046]
[0,144,613,1046]
[0,145,399,472,613,771,862,1046]
[0,771,1046]
[0,472,613,771,862,1046]
[0,399,1046]
[0,323,472,613,862,1046]
[0,472,613,1046]
[0,76,145,323,472,613,771,862,1046]
[0,144,404,472,613,771,862,1046]
[0,144,399,750,862,974,1046]
[0,144,399,472,613,771,862,1046]
[0,399,472,613,771,862,1046]
[0,144,404,771,862,974,1046]
[0,145,323,1046]
[0,323,472,613,1046]
[0,404,862,1046]
[0,144,399,862,974,1046]
[0,144,323,472,613,862,1046]
[0,404,472,613,771,862,1046]
[0,862,1046]
[0,144,323,1046]
[0,144,558,771,1046]
[0,145,472,613,862,1046]
[0,836,1046]
[0,613,771,862,1046]
[0,323,1046]
[0,144,404,862,1046]
