[0,833,1044,1497,1677,1911]
[0,189,436,853,1044,1497,1911]
[0,1044,1497,1911]
[0,189,436,853,1044,1497,1677,1911]
[0,189,571,1044,1497,1677,1911]
[0,436,1044,1497,1911]
[0,436,833,1038,1497,1677,1911]
[0,189,436,616,833,1038,1497,1677,1911]
[0,436,571,1044,1497,1677,1911]
[0,808,1497,1911]
[0,189,436,833,1044,1378,1911]
[0,436,833,1044,1378,1677,1911]
[0,887,1378,1831,1911]
[0,833,1044,1497,1911]
[0,436,853,1044,1497,1911]
[0,189,436,833,1044,1378,1677,1911]
[0,436,853,1497,1911]
[0,189,436,616,833,1044,1497,1677,1911]
[0,436,833,1038,1497,1911]
[0,189,571,1044,1497,1911]
[0,853,1044,1497,1911]
[0,189,436,833,1038,1497,1677,1911]
[0,1038,1497,1911]
[0,833,1038,1497,1911]
[0,189,853,1044,1497,1677,1911]
[0,1044,1378,1677,1911]
[0,833,1038,1497,1677,1911]
[0,1044,1911]
[0,887,1378,1911]
[0,436,833,1044,1378,1911]
[0,189,436,616,833,1044,1369,1497,1677,1911]
[0,436,853,1911]
[0,436,1044,1378,1677,1911]
[0,808,1911]
[0,887,1911]
[0,436,1911]
[0,833,1044,1378,1677,1911]
[0,571,1044,1911]
[0,1044,1378,1911]
[0,189,853,1044,1497,1911]
[0,1378,1911]
[0,436,1044,1911]
[0,189,436,833,1038,1497,1911]
[0,436,1497,1911]
[0,189,436,571,1044,1116,1497,1677,1911]
[0,833,1044,1378,1911]
[0,571,1044,1497,1677,1911]
[0,189,436,833,1044,1378,1831,1911]
[0,189,436,833,1044,1497,1911]
[0,436,833,1044,1497,1677,1911]
[0,436,1044,1378,1911]
[0,436,1378,1911]
[0,189,436,616,833,1038,1116,1497,1677,1911]
[0,1038,1911]
[0,189,436,833,1038,1116,1497,1677,1911]
[0,436,571,1044,1116,1497,1677,1911]
[0,853,1044,1497,1677,1911]
[0,436,1038,1497,1911]
[0,887,1497,1911]
[0,189,436,833,1044,1497,1677,1911]
[0,1497,1677,1911]
[0,571,1044,1497,1911]
[0,436,1038,1911]
[0,1497,1911]
[0,436,833,1044,1497,1911]
[0,1044,1497,1677,1911]
[0,189,436,571,1044,1497,1677,1911]
[0,436,1497,1677,1911]
