[0,224,386,856,900,1180]
[0,386,674,856,1180]
[0,164,386,674,856,1180]
[0,145,224,386,674,856,900,1180]
[0,93,164,856,900,1180]
[0,386,856,1180]
[0,93,164,386,674,856,900,1180]
[0,164,386,1180]
[0,224,386,856,1180]
[0,386,856,900,1180]
[0,93,164,386,1180]
[0,386,1180]
[0,93,164,386,564,674,856,900,1180]
[0,93,856,1180]
[0,386,564,674,856,1180]
[0,224,386,564,674,856,900,1180]
[0,93,164,386,856,900,1180]
[0,224,386,674,856,1180]
[0,145,224,386,856,900,1180]
[0,224,386,564,674,856,1180]
[0,164,386,856,1180]
[0,145,224,386,564,674,856,1180]
[0,224,386,1180]
[0,145,224,386,1180]
[0,93,164,856,1180]
[0,93,164,386,674,856,1180]
[0,93,856,900,1180]
[0,856,1180]
[0,145,224,386,564,674,856,900,1180]
[0,164,386,564,674,856,1180]
[0,856,900,1180]
[0,93,164,386,564,674,856,1180]
[0,145,224,386,856,1180]
[0,224,386,674,856,900,1180]
[0,145,224,386,674,856,1180]
[0,93,164,386,856,1180]
[0,585,1180]
