[0,512,710,860,1046]
[0,95,485,541,1046]
[0,710,1046]
[0,512,710,1046]
[0,541,852,1046]
[0,95,382,512,710,860,1046]
[0,95,382,710,1046]
[0,95,485,541,852,989,1046]
[0,95,852,1046]
[0,95,485,550,852,1046]
[0,95,382,512,710,1046]
[0,95,485,541,852,1046]
[0,95,1046]
[0,95,550,1046]
[0,95,550,852,1046]
[0,550,852,1046]
[0,382,512,710,1046]
[0,382,512,710,860,1046]
[0,852,1046]
[0,95,541,1046]
[0,95,541,852,989,1046]
[0,382,710,1046]
[0,550,1046]
[0,541,1046]
[0,95,541,852,1046]
[0,95,485,550,860,1046]
[0,95,485,550,852,989,1046]
[0,95,710,1046]
[0,95,550,860,1046]
[0,95,485,550,1046]
[0,550,860,1046]
