[0,301,650,1343]
[0,214,301,650,1343]
[0,214,301,650,892,1285,1343]
[0,1154,1343]
[0,214,301,818,1064,1154,1343]
[0,214,301,818,892,1064,1154,1343]
[0,540,1343]
[0,301,799,892,1064,1154,1343]
[0,214,301,799,1064,1154,1285,1343]
[0,214,301,1124,1285,1343]
[0,818,1064,1343]
[0,214,301,818,892,1064,1154,1285,1343]
[0,301,1064,1154,1285,1343]
[0,301,818,1064,1154,1343]
[0,214,301,799,892,1064,1154,1343]
[0,301,799,1064,1343]
[0,301,650,892,1343]
[0,1285,1343]
[0,214,301,650,892,1343]
[0,214,301,1343]
[0,214,301,1064,1154,1343]
[0,301,1285,1343]
[0,301,799,892,1154,1343]
[0,301,1124,1343]
[0,1166,1343]
[0,301,799,1064,1154,1343]
[0,214,540,1343]
[0,799,892,1154,1343]
[0,1124,1285,1343]
[0,799,1064,1154,1343]
[0,1064,1343]
[0,892,1343]
[0,504,892,1343]
[0,214,504,892,1343]
[0,818,1064,1154,1343]
[0,301,892,1343]
[0,214,301,892,1343]
[0,1064,1154,1285,1343]
[0,214,1343]
[0,214,504,1343]
[0,1154,1285,1343]
[0,892,1154,1343]
[0,504,1285,1343]
[0,214,301,1064,1154,1285,1343]
[0,214,504,1285,1343]
[0,504,1343]
[0,214,1166,1343]
[0,799,1064,1343]
[0,214,301,1285,1343]
[0,1064,1154,1343]
[0,799,892,1343]
[0,799,892,1064,1154,1343]
[0,301,818,1064,1343]
[0,301,1343]
[0,1124,1343]
[0,214,540,1166,1343]
[0,214,301,799,1064,1154,1343]
[0,301,1124,1285,1343]
[0,301,892,1154,1343]
[0,214,301,818,1064,1154,1285,1343]
[0,214,301,1124,1343]
[0,214,504,892,1285,1343]
[0,301,1064,1154,1343]
[0,650,1343]
[0,214,301,650,1285,1343]
[0,301,1064,1343]
[0,650,892,1343]
[0,214,301,799,892,1064,1154,1285,1343]
