[0,1353,1652,2019]
[0,297,665,903,1085,1353,2019]
[0,1652,2019]
[0,297,1353,2019]
[0,665,1353,1652,2019]
[0,665,903,1085,1353,2019]
[0,297,665,903,1085,1353,1652,2019]
[0,903,1085,1353,2019]
[0,297,1353,1652,2019]
[0,297,665,1353,1652,2019]
[0,297,1652,2019]
[0,1451,2019]
[0,297,665,1353,2019]
[0,297,665,903,1353,2019]
[0,665,903,1353,2019]
[0,297,442,665,903,1085,1353,1652,1865,2019]
[0,297,665,903,1353,1652,1865,2019]
[0,297,665,1652,2019]
[0,1510,2019]
[0,665,1353,2019]
[0,665,1652,2019]
[0,297,665,903,1652,2019]
[0,297,665,903,1353,1652,2019]
[0,665,2019]
[0,297,737,1353,2019]
[0,1085,1353,2019]
[0,297,665,903,1085,1353,1652,1865,2019]
[0,737,1353,2019]
[0,297,1510,2019]
[0,1353,2019]
