[0,79,137,260,405,560,648,715,922]
[0,405,560,764,922]
[0,260,405,560,922]
[0,137,922]
[0,137,405,648,715,922]
[0,137,405,560,764,922]
[0,337,922]
[0,405,715,922]
[0,116,337,922]
[0,116,405,560,922]
[0,137,260,405,560,648,922]
[0,260,922]
[0,260,648,922]
[0,79,137,260,405,490,560,648,764,922]
[0,137,405,560,648,715,922]
[0,137,260,405,560,648,764,922]
[0,405,922]
[0,137,260,405,490,560,648,764,922]
[0,116,405,922]
[0,79,137,405,560,648,715,922]
[0,405,560,922]
[0,137,260,405,560,764,922]
[0,137,405,715,922]
[0,79,137,260,405,490,560,648,715,922]
[0,137,260,405,490,560,648,715,922]
[0,260,405,922]
[0,116,922]
[0,137,260,405,490,560,648,922]
[0,137,405,560,648,922]
[0,137,260,405,560,648,715,922]
[0,405,764,922]
[0,79,137,405,560,922]
[0,79,137,260,405,560,648,764,922]
[0,79,137,260,405,560,922]
[0,137,260,405,560,922]
[0,137,405,922]
[0,137,405,560,922]
[0,648,922]
[0,79,405,560,922]
