[0,410,726,1302,2060,2499,2554]
[0,410,2554]
[0,410,726,822,1302,1776,2245,2499,2554]
[0,410,1302,1776,2554]
[0,410,726,822,1302,2245,2499,2554]
[0,676,2554]
[0,410,726,822,1302,1776,2499,2554]
[0,410,2010,2554]
[0,1052,2554]
[0,410,822,1052,1302,1776,2245,2554]
[0,410,726,1302,1776,2245,2554]
[0,410,1052,2554]
[0,410,726,822,1052,1302,2245,2554]
[0,410,726,822,1302,2554]
[0,410,726,822,1052,1302,1776,2245,2499,2554]
[0,410,726,822,1052,1302,1776,2554]
[0,2060,2554]
[0,676,1208,2060,2554]
[0,1776,2554]
[0,410,2060,2554]
[0,410,822,1302,2245,2554]
[0,410,726,822,1302,2245,2554]
[0,822,1302,1776,2554]
[0,410,726,1052,2060,2554]
[0,410,1302,1776,2499,2554]
[0,822,1302,2554]
[0,410,726,2499,2554]
[0,410,726,1302,2554]
[0,410,726,2060,2499,2554]
[0,1302,2554]
[0,410,1302,2245,2499,2554]
[0,410,822,1052,1302,1776,2554]
[0,410,726,822,1052,1302,1776,2245,2554]
[0,410,726,1302,2245,2499,2554]
[0,410,1302,1776,2245,2499,2554]
[0,676,2060,2554]
[0,410,1052,2060,2554]
[0,410,726,2010,2554]
[0,410,726,2010,2499,2554]
[0,676,1208,2554]
[0,2010,2554]
[0,410,1302,2245,2554]
[0,410,822,1302,2554]
[0,410,726,822,1052,1302,2245,2499,2554]
[0,410,1302,2060,2554]
[0,410,1302,1776,2245,2554]
[0,410,726,2060,2554]
[0,410,726,1302,2245,2554]
[0,726,2554]
[0,410,726,1302,2060,2554]
[0,410,726,1302,1776,2554]
[0,410,822,1302,1776,2245,2554]
[0,410,726,2554]
[0,726,822,2554]
[0,410,726,822,1302,1776,2245,2554]
[0,1052,2060,2554]
[0,410,772,2554]
[0,410,822,1302,1776,2554]
[0,410,726,822,1302,1776,2554]
[0,410,726,1302,1776,2245,2499,2554]
[0,410,726,1052,2060,2499,2554]
[0,1302,2060,2554]
[0,1302,1776,2554]
[0,410,822,1052,1302,2245,2554]
[0,410,1302,2060,2499,2554]
[0,410,726,822,2554]
[0,410,1302,2554]
[0,822,2554]
[0,410,772,2060,2554]
[0,410,726,1302,1776,2499,2554]
[0,726,2060,2554]
