[0,56,835,3353]
[0,835,3353]
[0,56,1585,2477,2997,3353]
[0,835,2224,2477,2997,3353]
[0,2477,3353]
[0,835,2224,2477,2656,3353]
[0,1585,2477,2997,3353]
[0,56,835,2477,3353]
[0,835,1051,2224,2477,2656,3353]
[0,1585,3353]
[0,835,2224,2477,3353]
[0,1051,2224,2477,3353]
[0,56,835,1051,2224,2477,2997,3353]
[0,835,1051,2224,2477,2997,3353]
[0,1585,2477,3353]
[0,56,835,1051,2224,2477,2656,3353]
[0,2224,2477,2656,3353]
[0,56,2224,2477,2656,3353]
[0,56,835,2477,2997,3353]
[0,56,2997,3353]
[0,2224,2477,2997,3353]
[0,835,2477,2997,3353]
[0,835,1051,2224,2477,3353]
[0,1051,2224,2477,2656,3353]
[0,56,835,2224,2477,2656,3353]
[0,1051,2224,3353]
[0,2656,3353]
[0,1051,2477,3353]
[0,835,2477,3353]
[0,2997,3353]
[0,56,2224,2477,2997,3353]
[0,2477,2656,3353]
[0,2224,2477,3353]
[0,2477,2997,3353]
[0,56,835,2224,2477,2997,3353]
[0,1051,2224,2477,2997,3353]
[0,1051,3353]
[0,56,3353]
[0,56,2477,2997,3353]
[0,2224,3353]
[0,1051,2477,2997,3353]
