[0,524,722,1135,1523,2309,2956]
[0,524,722,1135,2956]
[0,288,722,1135,1523,2309,2956]
[0,288,524,722,1135,1523,2956]
[0,87,524,722,1160,1523,1710,2309,2956]
[0,524,722,1523,1710,2309,2956]
[0,524,722,1135,1523,1710,2956]
[0,677,2956]
[0,87,524,722,1135,1523,1710,2956]
[0,677,2309,2956]
[0,722,2112,2956]
[0,524,722,2112,2956]
[0,524,722,1160,1523,2956]
[0,87,288,524,722,1135,1523,1710,2309,2956]
[0,288,524,722,1135,1523,1710,2309,2956]
[0,722,1523,2309,2956]
[0,524,722,1160,1523,2309,2956]
[0,1563,2309,2956]
[0,524,1563,2309,2956]
[0,87,524,722,1160,1523,1710,2956]
[0,524,2956]
[0,1523,2112,2956]
[0,524,722,1160,1523,1710,2956]
[0,288,524,722,1135,1523,2309,2956]
[0,524,722,1523,2309,2956]
[0,288,722,1135,1523,2956]
[0,2309,2956]
[0,288,524,722,1135,1523,1710,2956]
[0,524,722,1523,1710,2956]
[0,1563,2956]
[0,588,1710,2956]
[0,722,1135,1523,2309,2956]
[0,1710,2956]
[0,1523,2956]
[0,722,2956]
[0,722,1135,2956]
[0,524,1523,2112,2956]
[0,722,2309,2956]
[0,524,722,2956]
[0,524,722,2309,2956]
[0,722,1160,2956]
[0,722,1135,2309,2956]
[0,524,722,1160,2956]
[0,722,1710,2956]
[0,722,1523,2956]
[0,524,722,1135,1523,2956]
[0,524,722,1710,2956]
[0,524,722,1135,2309,2956]
[0,722,1160,2309,2956]
[0,87,288,524,722,1135,1523,1710,2956]
[0,524,1523,2956]
[0,722,1135,1523,2956]
[0,524,722,1135,1523,1710,2309,2956]
[0,524,722,1160,1523,1710,2309,2956]
[0,2112,2956]
[0,722,1160,1523,2309,2956]
[0,722,1160,1523,2956]
