[0,206,420,552,713,881,997,1180]
[0,206,420,627,881,1180]
[0,206,420,627,1180]
[0,206,265,881,997,1095,1180]
[0,552,713,881,1180]
[0,60,206,464,552,627,713,881,997,1095,1180]
[0,206,464,552,627,713,881,997,1095,1180]
[0,70,206,552,627,881,997,1095,1180]
[0,206,552,1095,1180]
[0,206,420,552,713,881,1180]
[0,60,206,265,464,552,627,713,881,997,1095,1180]
[0,60,206,420,552,627,713,881,997,1095,1180]
[0,206,881,997,1095,1180]
[0,206,997,1095,1180]
[0,60,206,267,552,627,713,881,997,1095,1180]
[0,1095,1180]
[0,206,265,464,552,713,881,997,1095,1180]
[0,206,464,552,881,997,1095,1180]
[0,206,265,1095,1180]
[0,206,713,881,997,1180]
[0,881,997,1095,1180]
[0,713,881,1180]
[0,206,464,552,713,881,997,1180]
[0,206,713,881,1180]
[0,206,265,552,713,881,997,1095,1180]
[0,713,881,997,1180]
[0,206,552,881,997,1095,1180]
[0,206,552,1180]
[0,70,206,552,713,881,1180]
[0,206,552,713,881,1180]
[0,206,420,881,997,1095,1180]
[0,60,206,552,713,881,997,1095,1180]
[0,60,206,464,552,627,881,997,1095,1180]
[0,206,420,552,627,881,997,1095,1180]
[0,206,552,627,881,997,1095,1180]
[0,60,206,464,552,713,881,1095,1180]
[0,206,420,552,627,713,881,997,1095,1180]
[0,627,881,997,1095,1180]
[0,420,1180]
[0,60,206,552,627,881,997,1095,1180]
[0,206,265,713,881,997,1095,1180]
[0,206,552,713,881,997,1180]
[0,627,881,997,1180]
[0,206,265,1180]
[0,70,206,420,552,627,881,997,1095,1180]
[0,60,206,464,552,713,881,997,1095,1180]
[0,60,206,464,552,713,881,1180]
[0,552,1180]
[0,206,881,1180]
[0,206,420,997,1180]
[0,206,552,881,997,1180]
[0,997,1095,1180]
[0,881,997,1180]
[0,206,881,997,1180]
[0,420,627,881,1180]
[0,206,464,552,627,881,997,1095,1180]
[0,60,206,267,552,713,881,997,1095,1180]
[0,206,464,552,713,881,1180]
[0,206,1180]
[0,627,881,1180]
[0,206,997,1180]
[0,206,420,627,881,997,1180]
[0,206,420,552,713,881,1095,1180]
[0,420,627,1180]
[0,60,206,265,464,552,713,881,997,1095,1180]
[0,60,206,552,713,881,1180]
[0,70,206,420,552,713,881,1180]
[0,206,552,997,1180]
[0,206,420,627,881,997,1095,1180]
[0,206,552,713,1180]
[0,881,1180]
[0,206,420,1180]
[0,206,713,881,997,1095,1180]
[0,206,464,552,1095,1180]
[0,348,881,1180]
[0,552,713,881,997,1180]
[0,206,265,997,1095,1180]
[0,206,420,552,713,881,997,1095,1180]
[0,206,464,552,713,881,1095,1180]
[0,206,464,552,713,881,997,1095,1180]
[0,348,1180]
[0,206,1095,1180]
[0,206,267,552,627,713,881,997,1095,1180]
[0,206,420,627,881,1095,1180]
[0,997,1180]
[0,552,713,881,997,1095,1180]
[0,713,881,997,1095,1180]
[0,206,420,881,997,1180]
[0,206,552,713,881,997,1095,1180]
[0,552,627,881,997,1095,1180]
[0,206,464,552,1180]
[0,60,206,420,552,713,881,997,1095,1180]
[0,206,267,552,713,881,997,1095,1180]
[0,206,464,552,881,997,1180]
[0,206,552,627,713,881,997,1095,1180]
[0,70,206,420,552,713,881,1095,1180]
