[0,157,259,727,1014,1180]
[0,470,727,929,1014,1180]
[0,157,259,560,727,1014,1180]
[0,1014,1180]
[0,259,381,483,560,727,783,929,1014,1180]
[0,259,516,727,1014,1180]
[0,259,381,483,727,929,1014,1180]
[0,381,560,929,1014,1180]
[0,259,381,470,560,727,929,1014,1180]
[0,157,259,381,470,727,1014,1180]
[0,259,516,727,929,1014,1180]
[0,516,1180]
[0,560,1180]
[0,259,470,516,727,929,1014,1180]
[0,483,727,929,1014,1180]
[0,381,560,1014,1180]
[0,259,381,470,560,727,783,929,1014,1180]
[0,157,259,381,470,560,727,783,929,1014,1180]
[0,516,929,1014,1180]
[0,259,560,727,1180]
[0,157,259,381,483,560,727,929,1014,1180]
[0,259,470,560,727,783,929,1014,1180]
[0,727,1180]
[0,323,727,969,1180]
[0,727,1014,1180]
[0,259,560,1180]
[0,259,381,470,727,1014,1180]
[0,259,727,1180]
[0,259,381,470,727,1180]
[0,259,516,727,1180]
[0,259,381,560,929,1014,1180]
[0,259,506,727,1180]
[0,259,381,470,727,929,1014,1180]
[0,259,381,483,727,1014,1180]
[0,157,259,381,470,516,727,929,1014,1180]
[0,470,727,1180]
[0,504,1180]
[0,157,259,470,560,727,1014,1180]
[0,483,727,1180]
[0,157,259,381,470,560,727,1014,1180]
[0,516,1014,1180]
[0,259,381,470,560,727,1014,1180]
[0,470,560,727,929,1014,1180]
[0,259,727,929,1014,1180]
[0,259,381,483,560,727,929,1014,1180]
[0,727,929,1014,1180]
[0,381,483,560,929,1014,1180]
[0,470,560,929,1014,1180]
[0,560,1014,1180]
[0,470,560,727,783,929,1014,1180]
[0,259,560,727,1014,1180]
[0,483,727,1014,1180]
[0,157,259,381,727,1014,1180]
[0,470,727,1014,1180]
[0,259,506,727,969,1180]
[0,323,506,727,969,1180]
[0,259,381,727,1014,1180]
[0,259,470,560,727,1014,1180]
[0,470,727,783,929,1014,1180]
[0,259,381,470,560,1014,1180]
[0,483,560,929,1014,1180]
[0,483,727,783,929,1014,1180]
[0,259,727,1014,1180]
[0,727,783,929,1014,1180]
[0,475,727,1180]
[0,259,470,560,1014,1180]
[0,929,1014,1180]
[0,323,727,1180]
[0,259,381,727,929,1014,1180]
[0,560,929,1014,1180]
[0,259,470,560,727,929,1014,1180]
[0,259,381,483,560,929,1014,1180]
[0,157,259,381,470,560,727,929,1014,1180]
[0,259,381,470,516,727,929,1014,1180]
[0,259,560,1014,1180]
[0,470,516,929,1014,1180]
[0,929,1180]
[0,157,259,381,483,727,929,1014,1180]
[0,381,483,560,727,929,1014,1180]
[0,157,259,381,470,727,929,1014,1180]
[0,157,259,381,483,560,727,783,929,1014,1180]
[0,381,483,727,1014,1180]
[0,475,727,969,1180]
[0,483,560,727,783,929,1014,1180]
[0,259,381,727,1180]
[0,470,560,727,1014,1180]
[0,259,381,470,560,929,1014,1180]
[0,381,560,1180]
[0,470,560,1014,1180]
[0,381,483,560,727,783,929,1014,1180]
[0,259,381,560,1014,1180]
[0,157,259,727,1180]
[0,259,727,969,1180]
[0,483,560,727,929,1014,1180]
[0,259,470,560,929,1014,1180]
[0,259,560,929,1014,1180]
[0,157,259,381,483,727,1014,1180]
[0,470,516,727,929,1014,1180]
[0,381,483,727,929,1014,1180]
[0,727,969,1180]
