[0,861,957,1343]
[0,355,999,1343]
[0,861,957,1227,1343]
[0,320,455,726,861,957,1227,1343]
[0,455,726,1343]
[0,320,455,957,1343]
[0,455,726,1080,1227,1343]
[0,142,320,455,1343]
[0,320,455,585,1343]
[0,320,861,1080,1343]
[0,455,861,1080,1343]
[0,455,585,1343]
[0,142,455,726,861,1343]
[0,455,1080,1343]
[0,455,585,957,1343]
[0,455,585,1080,1343]
[0,320,455,861,1080,1343]
[0,861,1080,1343]
[0,142,320,455,585,1080,1343]
[0,455,585,1080,1227,1343]
[0,320,455,1080,1343]
[0,455,1227,1343]
[0,455,957,1227,1343]
[0,142,455,726,957,1343]
[0,142,320,455,726,1343]
[0,999,1343]
[0,142,320,455,957,1343]
[0,455,726,861,957,1343]
[0,455,726,861,1080,1227,1343]
[0,142,1080,1343]
[0,142,320,455,585,1343]
[0,455,726,861,1343]
[0,1080,1343]
[0,142,320,861,1080,1343]
[0,142,320,455,726,957,1227,1343]
[0,142,320,455,726,861,1343]
[0,455,585,861,957,1227,1343]
[0,957,1227,1343]
[0,455,1080,1227,1343]
[0,726,861,1343]
[0,455,726,861,1080,1343]
[0,455,726,861,957,1227,1343]
[0,455,726,861,957,1260,1343]
[0,142,320,1343]
[0,1227,1343]
[0,455,861,1343]
[0,142,1343]
[0,320,1343]
[0,455,585,861,1343]
[0,455,585,861,957,1080,1227,1343]
[0,455,726,861,957,1080,1227,1343]
[0,455,585,957,1227,1343]
[0,1080,1227,1343]
[0,726,957,1227,1343]
[0,142,455,726,1343]
[0,726,957,1343]
[0,142,320,455,861,1080,1343]
[0,355,1343]
[0,455,726,957,1343]
[0,142,320,455,726,861,957,1343]
[0,861,1343]
[0,432,957,1343]
[0,455,957,1343]
[0,142,320,455,726,957,1343]
[0,142,320,455,726,861,957,1227,1343]
[0,142,320,455,726,861,957,1260,1343]
[0,142,320,455,585,861,1080,1227,1343]
[0,142,320,455,957,1227,1343]
[0,455,726,957,1227,1343]
[0,320,455,726,957,1343]
[0,432,957,1227,1343]
[0,142,320,455,861,1343]
[0,320,455,726,861,957,1260,1343]
[0,320,455,1343]
[0,320,455,585,861,1080,1227,1343]
[0,320,455,726,861,957,1343]
[0,455,726,1080,1343]
[0,142,861,1080,1343]
[0,320,455,585,861,1343]
[0,320,455,585,1080,1227,1343]
[0,726,1227,1343]
[0,455,861,1227,1343]
[0,726,1343]
[0,455,726,1227,1343]
[0,726,861,957,1343]
[0,142,455,1343]
[0,957,1343]
[0,320,455,585,861,1080,1343]
[0,726,861,957,1227,1343]
[0,320,455,726,957,1227,1343]
[0,142,320,861,1343]
[0,455,585,861,1080,1227,1343]
[0,455,1343]
[0,320,455,585,861,957,1080,1227,1343]
[0,320,455,861,1343]
[0,142,320,455,585,861,1080,1343]
[0,142,320,455,1080,1343]
[0,455,585,861,1080,1343]
[0,320,861,1343]
[0,142,320,455,585,861,1343]
[0,142,320,455,585,1080,1227,1343]
[0,320,455,585,1080,1343]
[0,320,455,957,1227,1343]
[0,320,455,726,861,1343]
[0,142,320,455,585,861,957,1080,1227,1343]
[0,432,1343]
[0,320,455,726,1343]
[0,142,455,957,1343]
[0,142,455,1080,1343]
