[0,130,634,1002,1093,1875]
[0,130,408,1134,1875]
[0,306,634,1093,1263,1652,1875]
[0,130,347,634,1093,1273,1875]
[0,306,634,1093,1613,1875]
[0,306,634,1093,1263,1875]
[0,130,634,1093,1273,1875]
[0,306,634,1093,1384,1875]
[0,408,1134,1875]
[0,347,634,1093,1875]
[0,130,306,408,634,1002,1093,1273,1875]
[0,1093,1875]
[0,634,1093,1384,1875]
[0,130,634,1093,1384,1649,1875]
[0,306,634,1093,1875]
[0,130,306,634,1093,1263,1875]
[0,130,634,1002,1093,1384,1875]
[0,130,306,634,1093,1263,1652,1875]
[0,306,634,1093,1652,1875]
[0,130,347,634,1093,1273,1613,1875]
[0,130,306,634,1093,1273,1613,1875]
[0,130,634,1093,1273,1613,1875]
[0,130,306,408,634,1093,1263,1875]
[0,347,634,1093,1273,1875]
[0,130,347,634,1093,1263,1875]
[0,130,634,1002,1093,1273,1875]
[0,130,347,634,1134,1875]
[0,130,306,408,634,1093,1263,1652,1875]
[0,634,1093,1263,1652,1875]
[0,130,634,1093,1263,1875]
[0,1134,1875]
[0,1002,1093,1875]
[0,634,1875]
[0,306,634,1093,1384,1649,1875]
[0,634,1093,1273,1875]
[0,306,634,1093,1273,1613,1875]
[0,130,306,408,634,1093,1273,1875]
[0,130,1875]
[0,130,306,634,1093,1273,1875]
[0,306,1875]
[0,130,306,634,1093,1384,1649,1875]
[0,130,347,634,1002,1093,1273,1613,1875]
[0,347,634,1093,1263,1875]
[0,634,1093,1613,1875]
[0,130,306,408,634,1002,1093,1263,1652,1875]
[0,1093,1549,1875]
[0,130,1093,1875]
[0,634,1093,1384,1649,1875]
[0,634,1093,1273,1613,1875]
[0,634,1093,1263,1875]
[0,306,1226,1875]
[0,634,1093,1875]
[0,347,634,1093,1273,1613,1875]
[0,130,306,408,634,1002,1093,1273,1613,1875]
[0,130,347,634,1002,1093,1273,1875]
[0,130,634,1002,1093,1263,1652,1875]
[0,130,634,1002,1093,1263,1875]
[0,130,347,634,1093,1875]
[0,130,306,408,634,1002,1093,1263,1348,1875]
[0,130,306,408,634,1093,1384,1649,1875]
[0,347,634,1093,1263,1613,1875]
[0,130,306,634,1002,1093,1273,1875]
[0,130,634,1093,1875]
[0,130,408,1875]
[0,408,1875]
[0,347,634,1134,1875]
[0,634,1093,1652,1875]
[0,130,408,1093,1875]
[0,408,1093,1652,1875]
[0,130,347,634,1093,1263,1613,1875]
[0,306,634,1093,1273,1875]
[0,130,306,408,634,1002,1093,1384,1649,1875]
[0,130,634,1093,1384,1875]
[0,130,306,634,1002,1093,1384,1649,1875]
[0,130,634,1134,1875]
[0,634,1134,1875]
[0,130,634,1093,1263,1652,1875]
[0,408,1093,1875]
[0,1226,1875]
[0,306,1093,1875]
[0,130,634,1875]
[0,130,634,1002,1093,1384,1649,1875]
[0,130,306,408,634,1002,1093,1263,1875]
[0,130,1002,1093,1875]
[0,130,306,408,634,1093,1273,1613,1875]
[0,347,634,1093,1613,1875]
[0,130,306,634,1002,1093,1263,1875]
[0,306,1093,1549,1875]
