[0,474,527,800,1173,1810]
[0,1453,1810]
[0,474,527,1810]
[0,474,835,1810]
[0,527,800,1173,1810]
[0,835,891,1810]
[0,527,835,1173,1810]
[0,835,1173,1454,1810]
[0,383,474,527,835,1173,1810]
[0,527,800,1810]
[0,1173,1810]
[0,835,895,1810]
[0,474,1453,1810]
[0,527,835,1173,1454,1810]
[0,800,1173,1810]
[0,474,835,1453,1810]
[0,527,835,891,1810]
[0,383,527,1810]
[0,527,835,1810]
[0,891,1810]
[0,474,527,835,1173,1810]
[0,474,527,835,891,1810]
[0,383,474,527,800,1173,1810]
[0,527,835,895,1810]
[0,527,1453,1810]
[0,383,527,800,1810]
[0,895,1810]
[0,474,527,835,895,1810]
[0,527,1810]
[0,474,1810]
[0,383,527,835,1810]
[0,383,527,800,1173,1810]
[0,474,527,800,1810]
[0,527,1173,1810]
[0,383,527,835,1173,1810]
[0,474,527,835,1810]
[0,835,1173,1810]
