[0,277,437,706,833,969]
[0,277,437,706,969]
[0,440,908,969]
[0,440,969]
[0,706,969]
[0,277,969]
[0,162,440,969]
[0,91,440,706,969]
[0,437,969]
[0,91,437,630,706,908,969]
[0,91,437,969]
[0,91,437,908,969]
[0,91,908,969]
[0,162,440,833,969]
[0,437,908,969]
[0,91,440,630,706,969]
[0,91,437,706,833,969]
[0,91,440,706,833,969]
[0,91,437,630,706,833,908,969]
[0,91,277,437,630,706,908,969]
[0,277,440,706,833,969]
[0,277,706,969]
[0,91,437,706,833,908,969]
[0,440,706,833,969]
[0,91,277,440,630,706,969]
[0,91,440,969]
[0,91,277,371,437,706,833,908,969]
[0,91,277,437,706,833,969]
[0,91,437,706,969]
[0,91,277,440,706,833,969]
[0,91,706,969]
[0,91,277,969]
[0,437,706,969]
[0,91,437,630,706,969]
[0,91,277,437,706,908,969]
[0,91,277,706,908,969]
[0,91,277,437,630,706,969]
[0,91,440,630,706,833,969]
[0,91,277,437,706,833,908,969]
[0,91,277,371,437,706,969]
[0,908,969]
[0,91,277,706,969]
[0,91,277,440,706,969]
[0,91,277,908,969]
[0,91,969]
[0,91,437,630,706,833,969]
[0,91,440,908,969]
[0,437,706,833,969]
[0,91,437,706,908,969]
[0,91,440,706,908,969]
[0,91,277,440,630,706,833,969]
[0,91,277,440,630,706,833,908,969]
[0,91,440,706,833,908,969]
[0,760,969]
[0,91,277,437,706,969]
[0,91,277,437,578,630,706,833,908,969]
[0,277,440,706,969]
[0,91,277,437,630,706,833,969]
[0,440,706,969]
[0,91,277,371,437,706,833,969]
[0,91,440,630,706,833,908,969]
[0,91,277,437,630,706,833,908,969]
[0,91,706,908,969]
