[0,1061,1337,1657,1911]
[0,442,820,1061,1337,1657,1777,1911]
[0,442,1337,1657,1911]
[0,442,747,1061,1337,1911]
[0,442,1337,1911]
[0,209,442,1061,1337,1703,1911]
[0,442,1061,1337,1911]
[0,220,442,518,747,820,1061,1337,1657,1777,1911]
[0,209,442,518,1061,1337,1657,1911]
[0,442,1061,1337,1657,1911]
[0,220,442,820,1061,1337,1777,1911]
[0,1657,1911]
[0,442,1777,1911]
[0,442,518,1777,1911]
[0,173,442,518,747,820,1061,1337,1657,1777,1911]
[0,1061,1337,1703,1911]
[0,209,442,747,1061,1337,1703,1911]
[0,209,1061,1337,1657,1911]
[0,1703,1911]
[0,209,442,518,1061,1337,1657,1777,1911]
[0,747,1061,1337,1703,1911]
[0,442,747,1703,1911]
[0,820,1061,1337,1777,1911]
[0,209,442,518,1061,1337,1777,1911]
[0,442,1337,1777,1911]
[0,209,442,747,1061,1337,1657,1777,1911]
[0,220,442,820,1061,1337,1657,1777,1911]
[0,442,1061,1337,1777,1911]
[0,1337,1911]
[0,1777,1911]
[0,209,442,1061,1337,1911]
[0,1061,1337,1777,1911]
[0,173,442,820,1061,1337,1657,1777,1911]
[0,220,442,820,1061,1337,1911]
[0,442,518,820,1061,1337,1657,1777,1911]
[0,1337,1777,1911]
[0,442,518,820,1061,1337,1777,1911]
[0,820,1061,1911]
[0,220,442,518,820,1061,1337,1657,1777,1911]
[0,442,747,1061,1337,1703,1911]
[0,173,442,820,1061,1337,1777,1911]
[0,747,1061,1337,1911]
[0,442,820,1061,1337,1657,1911]
[0,209,442,1061,1337,1657,1911]
[0,1061,1911]
[0,442,820,1061,1337,1911]
[0,209,442,1061,1337,1657,1777,1911]
[0,820,1061,1337,1657,1911]
[0,209,442,518,820,1061,1337,1657,1911]
[0,442,518,1061,1337,1777,1911]
[0,442,747,1061,1911]
[0,442,1911]
[0,209,442,747,1061,1337,1657,1911]
[0,442,518,747,820,1061,1337,1777,1911]
[0,209,442,518,747,820,1061,1337,1657,1911]
[0,220,442,518,820,1061,1337,1777,1911]
[0,1337,1657,1911]
[0,442,747,1911]
[0,1061,1337,1911]
[0,442,518,1337,1777,1911]
[0,209,1061,1337,1911]
[0,442,518,820,1061,1337,1657,1911]
[0,518,1337,1911]
[0,209,1061,1337,1703,1911]
[0,442,518,1911]
[0,747,1061,1337,1657,1911]
[0,442,820,1061,1337,1777,1911]
[0,442,518,1061,1337,1657,1911]
[0,173,442,820,1061,1337,1911]
[0,209,442,747,1061,1337,1777,1911]
[0,442,518,747,820,1061,1337,1657,1911]
[0,173,442,518,820,1061,1337,1657,1777,1911]
[0,209,442,1061,1337,1777,1911]
[0,220,442,518,747,820,1061,1337,1777,1911]
[0,442,518,747,820,1061,1337,1657,1777,1911]
[0,209,442,820,1061,1337,1657,1911]
[0,209,1061,1337,1777,1911]
[0,442,518,1337,1657,1911]
[0,442,747,1061,1337,1657,1911]
[0,747,1061,1911]
[0,820,1061,1337,1911]
[0,209,442,747,1061,1337,1911]
