[0,761,890,1395,2189]
[0,386,761,1521,2033,2189]
[0,100,386,761,890,1393,1521,1765,2189]
[0,386,492,761,890,1521,1765,2189]
[0,386,492,1521,2189]
[0,386,761,1395,2189]
[0,386,536,890,1521,1765,2189]
[0,1395,2189]
[0,386,536,761,890,1521,1765,2189]
[0,386,536,890,1521,2189]
[0,386,492,890,1521,2189]
[0,386,536,1521,2189]
[0,100,386,761,1521,1765,2189]
[0,100,386,761,890,1521,1765,2189]
[0,100,386,761,1521,2189]
[0,1521,2189]
[0,386,761,890,1393,1521,1765,2189]
[0,386,1521,2189]
[0,890,1521,2189]
[0,100,386,536,761,890,1393,1521,1765,2107,2189]
[0,100,386,492,761,890,1521,1765,2189]
[0,100,386,761,1521,2033,2189]
[0,386,2189]
[0,386,1395,2189]
[0,386,492,761,890,1521,2189]
[0,100,386,761,1395,2189]
[0,100,386,761,890,1395,2189]
[0,386,1521,1765,2189]
[0,386,761,890,1521,2189]
[0,761,890,1521,2189]
[0,386,761,890,1521,1765,2189]
[0,386,761,890,1393,1521,2189]
[0,890,1395,2189]
[0,386,536,761,890,1393,1521,1765,2189]
[0,386,761,1521,1765,2189]
[0,100,386,761,1393,1521,2189]
[0,386,761,1393,1521,2189]
[0,707,2189]
[0,386,890,1521,2189]
[0,100,386,761,890,1393,1521,1765,2107,2189]
[0,386,890,1521,1765,2189]
[0,386,761,1521,2189]
[0,707,1521,2189]
[0,386,492,2189]
[0,100,386,536,761,890,1393,1521,1765,2189]
[0,386,761,890,1395,2189]
