[0,383,527,754,1454,1810]
[0,383,527,675,836,1454,1810]
[0,383,836,1810]
[0,383,527,836,1454,1810]
[0,383,474,527,675,836,1810]
[0,383,756,1454,1810]
[0,383,754,1810]
[0,383,1810]
[0,383,527,756,836,1454,1810]
[0,383,474,527,754,836,1393,1454,1810]
[0,383,527,756,836,1393,1454,1810]
[0,383,527,675,836,1810]
[0,383,1454,1810]
[0,383,756,1810]
[0,383,527,1810]
[0,383,527,754,836,1393,1454,1810]
[0,383,754,836,1810]
[0,836,1810]
[0,383,527,756,836,1810]
[0,383,527,836,1810]
[0,383,754,1454,1810]
[0,383,474,527,756,836,1393,1454,1810]
[0,756,836,1810]
[0,383,474,527,675,836,1393,1454,1810]
[0,474,836,1810]
[0,383,527,754,836,1454,1810]
[0,1454,1810]
[0,474,836,1454,1810]
[0,383,527,756,1454,1810]
[0,383,527,1454,1810]
[0,383,836,1454,1810]
[0,383,675,836,1454,1810]
[0,527,1810]
[0,383,527,754,836,1810]
[0,383,527,675,836,1393,1454,1810]
[0,383,675,836,1810]
[0,754,836,1810]
[0,527,1393,1810]
[0,383,756,836,1810]
