[0,323,513,709,841,953,1632]
[0,323,841,953,1632]
[0,49,323,513,841,1253,1632]
[0,323,841,953,1253,1580,1632]
[0,435,841,1253,1632]
[0,49,323,513,709,841,1253,1347,1580,1632]
[0,49,323,841,953,1632]
[0,49,154,323,513,709,841,953,1253,1347,1580,1632]
[0,841,953,1632]
[0,323,1253,1632]
[0,323,513,953,1632]
[0,49,435,841,1253,1632]
[0,1253,1632]
[0,49,323,841,1253,1347,1580,1632]
[0,841,1632]
[0,49,323,841,953,1253,1632]
[0,154,323,513,709,841,1253,1632]
[0,323,841,953,1253,1347,1580,1632]
[0,323,953,1632]
[0,323,841,1253,1347,1632]
[0,953,1632]
[0,323,841,1253,1580,1632]
[0,323,513,709,841,1253,1347,1580,1632]
[0,154,323,513,709,841,953,1253,1632]
[0,323,513,841,1253,1580,1632]
[0,49,323,1253,1632]
[0,323,513,709,953,1632]
[0,323,513,709,841,953,1253,1347,1632]
[0,49,323,513,709,841,953,1632]
[0,49,323,513,709,841,953,1253,1580,1632]
[0,49,323,513,709,841,953,1253,1347,1580,1632]
[0,435,841,1256,1632]
[0,49,323,513,709,841,953,1253,1632]
[0,435,1632]
[0,323,513,709,841,953,1253,1580,1632]
[0,323,1256,1632]
[0,49,323,513,841,1253,1580,1632]
[0,435,1253,1632]
[0,154,323,513,709,841,953,1253,1347,1632]
[0,323,513,709,841,1253,1347,1632]
[0,323,841,953,1253,1632]
[0,323,513,709,841,1253,1580,1632]
[0,323,513,709,841,953,1253,1347,1580,1632]
[0,435,841,1632]
[0,49,323,513,709,841,1253,1632]
[0,154,323,513,709,841,953,1253,1347,1580,1632]
[0,323,841,1256,1632]
[0,49,323,513,841,953,1632]
[0,841,1256,1632]
[0,323,513,841,1253,1632]
[0,49,323,513,1253,1632]
[0,323,709,953,1632]
[0,323,513,709,841,1253,1632]
[0,49,323,841,953,1253,1347,1580,1632]
[0,49,323,841,1253,1580,1632]
[0,435,1256,1632]
[0,323,841,1253,1632]
[0,323,1632]
[0,323,513,841,953,1632]
[0,49,435,841,1256,1632]
[0,323,513,709,841,953,1253,1632]
[0,1256,1632]
[0,323,841,1253,1347,1580,1632]
[0,49,435,841,1253,1580,1632]
[0,49,323,841,953,1253,1580,1632]
[0,435,841,1253,1580,1632]
[0,154,323,513,841,1253,1632]
[0,323,841,953,1253,1347,1632]
[0,49,323,841,1253,1632]
[0,49,323,513,709,841,1253,1580,1632]
[0,841,1253,1632]
[0,323,513,1253,1632]
