[0,117,336,620,722,862,1537,1632]
[0,196,722,862,1047,1350,1632]
[0,117,336,722,862,1047,1191,1632]
[0,117,1047,1111,1632]
[0,196,722,862,1052,1191,1632]
[0,862,1350,1632]
[0,722,1064,1632]
[0,196,722,862,1537,1632]
[0,336,722,1047,1537,1632]
[0,117,336,620,722,862,1047,1111,1350,1632]
[0,343,1052,1632]
[0,336,722,862,1047,1191,1350,1632]
[0,722,862,1047,1350,1632]
[0,722,1064,1191,1632]
[0,117,1632]
[0,336,722,1052,1632]
[0,117,722,1047,1632]
[0,722,1047,1632]
[0,196,722,1064,1350,1632]
[0,196,348,722,1052,1537,1632]
[0,117,722,862,1632]
[0,117,722,862,1111,1632]
[0,117,336,722,862,1632]
[0,1064,1350,1632]
[0,117,336,620,722,862,1632]
[0,336,1047,1191,1632]
[0,117,620,722,1047,1537,1632]
[0,196,1632]
[0,336,722,1047,1191,1350,1632]
[0,196,862,1191,1632]
[0,722,1047,1191,1350,1632]
[0,117,336,722,1047,1632]
[0,722,862,1350,1632]
[0,196,722,862,1052,1191,1537,1632]
[0,336,722,862,1632]
[0,722,862,1537,1632]
[0,343,1632]
[0,117,336,620,722,862,1047,1191,1537,1632]
[0,722,1047,1191,1632]
[0,620,1632]
[0,1047,1632]
[0,1047,1350,1632]
[0,343,1537,1632]
[0,117,1350,1632]
[0,1064,1632]
[0,722,862,1064,1191,1632]
[0,336,722,1047,1350,1632]
[0,196,722,862,1350,1632]
[0,862,1191,1632]
[0,196,1052,1632]
[0,196,1047,1350,1632]
[0,336,620,722,1047,1537,1632]
[0,336,620,722,1632]
[0,336,722,1047,1191,1632]
[0,196,722,862,1191,1632]
[0,336,862,1632]
[0,722,862,1047,1191,1632]
[0,722,1632]
[0,117,722,862,1047,1191,1350,1632]
[0,117,336,620,722,1047,1632]
[0,343,1052,1537,1632]
[0,196,722,862,1064,1191,1350,1632]
[0,722,1052,1632]
[0,196,1052,1537,1632]
[0,117,1047,1191,1632]
[0,117,336,620,722,862,1047,1191,1350,1632]
[0,117,620,722,1047,1191,1632]
[0,1064,1191,1632]
[0,1111,1632]
[0,117,862,1111,1632]
[0,196,862,1111,1632]
[0,196,722,1052,1632]
[0,117,722,862,1350,1632]
[0,722,862,1191,1632]
[0,336,1052,1632]
[0,117,620,722,1632]
[0,196,722,1047,1350,1632]
[0,117,722,1047,1191,1632]
[0,722,1047,1111,1632]
[0,336,1047,1191,1350,1632]
[0,117,620,722,862,1111,1632]
[0,1047,1191,1632]
[0,336,1047,1537,1632]
[0,117,722,862,1047,1350,1632]
[0,343,722,1052,1537,1632]
[0,117,620,722,862,1047,1350,1632]
[0,722,862,1047,1191,1350,1632]
[0,336,1052,1537,1632]
[0,117,620,722,862,1047,1111,1350,1632]
[0,336,620,1632]
[0,196,722,1052,1537,1632]
[0,336,1047,1632]
[0,196,348,722,1052,1632]
[0,117,1111,1632]
[0,196,862,1632]
[0,117,722,862,1047,1191,1632]
[0,117,620,722,862,1047,1191,1632]
[0,117,1047,1632]
[0,1052,1632]
[0,117,336,620,722,862,1047,1350,1632]
[0,336,722,862,1047,1350,1632]
[0,196,1064,1350,1632]
[0,117,862,1632]
[0,343,722,1052,1632]
[0,336,1537,1632]
[0,117,336,722,862,1047,1350,1632]
[0,117,620,722,1047,1632]
[0,117,620,722,862,1632]
[0,336,722,862,1047,1191,1632]
[0,722,862,1047,1111,1632]
[0,336,1632]
[0,563,1632]
[0,722,862,1052,1191,1632]
[0,117,862,1350,1632]
[0,336,620,722,1047,1632]
[0,722,1064,1350,1632]
[0,196,722,862,1632]
[0,722,862,1111,1632]
[0,117,620,722,1047,1111,1632]
[0,1350,1632]
[0,336,1047,1350,1632]
[0,117,722,1047,1111,1632]
[0,722,1052,1191,1632]
[0,196,862,1350,1632]
[0,1191,1632]
[0,722,1047,1350,1632]
[0,1047,1111,1632]
[0,336,722,1047,1632]
[0,196,722,862,1064,1350,1632]
[0,196,722,862,1047,1111,1350,1632]
[0,117,336,722,862,1047,1191,1350,1632]
[0,1052,1191,1632]
[0,117,620,722,862,1350,1632]
[0,117,620,1632]
[0,196,722,862,1047,1111,1632]
[0,117,336,620,722,1047,1537,1632]
[0,117,620,722,862,1537,1632]
[0,196,1350,1632]
[0,196,722,862,1111,1632]
[0,196,722,862,1064,1191,1632]
[0,196,1537,1632]
[0,862,1632]
[0,862,1111,1632]
[0,117,620,722,862,1047,1111,1632]
[0,117,336,620,722,862,1047,1191,1632]
[0,563,1047,1632]
[0,336,722,1052,1537,1632]
[0,722,862,1632]
