[0,157,316,2019]
[0,157,1489,2019]
[0,612,1328,1631,2019]
[0,157,1328,1507,1631,2019]
[0,316,1165,1631,2019]
[0,157,1489,1631,2019]
[0,1328,2019]
[0,612,1328,2019]
[0,157,1059,1165,1507,1631,2019]
[0,612,1154,2019]
[0,612,1165,2019]
[0,316,1631,2019]
[0,157,314,612,1026,1328,1631,2019]
[0,1328,1631,2019]
[0,157,314,612,1026,1165,1328,1631,2019]
[0,1506,2019]
[0,157,1165,1507,1631,1976,2019]
[0,157,316,1059,1165,1507,1631,1976,2019]
[0,157,314,612,1026,1165,1328,1507,1631,1729,2019]
[0,1165,1507,1631,2019]
[0,1489,1631,2019]
[0,157,316,1507,1631,2019]
[0,225,1506,2019]
[0,157,612,1154,1631,2019]
[0,157,1507,2019]
[0,1059,1165,1507,1631,2019]
[0,157,314,612,1328,1631,2019]
[0,157,1165,1631,1976,2019]
[0,314,612,1026,1328,1631,2019]
[0,157,314,612,1026,1328,1507,1631,1729,1976,2019]
[0,1165,1631,2019]
[0,157,316,1165,1631,2019]
[0,1507,2019]
[0,612,1165,1631,2019]
[0,157,314,612,1026,1328,1507,1631,1729,2019]
[0,316,2019]
[0,157,612,1154,1631,1976,2019]
[0,1489,2019]
[0,157,316,1631,2019]
[0,1507,1631,2019]
[0,157,314,612,1328,1507,1631,1729,1976,2019]
[0,157,314,612,1026,1328,1507,1631,2019]
[0,157,1154,1631,2019]
[0,157,2019]
[0,157,314,612,1328,1507,1631,1976,2019]
[0,157,1507,1631,2019]
[0,157,316,1059,1165,1507,1631,2019]
[0,157,1059,1165,1507,1631,1729,2019]
[0,157,314,612,1026,1165,1328,1507,1631,2019]
[0,1165,2019]
[0,157,314,612,1328,1507,1631,1729,2019]
[0,157,1328,1631,2019]
[0,157,314,612,1026,1165,1328,1507,1631,1976,2019]
[0,1154,2019]
[0,225,1154,1631,2019]
[0,225,2019]
[0,157,316,1165,1507,1631,2019]
[0,157,1631,2019]
[0,1154,1631,2019]
[0,1631,2019]
[0,314,612,1328,1631,2019]
[0,157,314,612,1026,1165,1328,1507,1631,1729,1976,2019]
[0,157,1165,1631,2019]
[0,157,1059,1165,1507,1631,1729,1976,2019]
[0,157,1165,1507,1631,2019]
[0,612,1154,1631,2019]
[0,157,612,1328,1631,2019]
[0,157,316,1059,1165,1507,1631,1729,1976,2019]
[0,157,612,1328,1507,1631,1976,2019]
[0,157,316,1059,1165,1507,1631,1729,2019]
[0,612,1026,1328,1631,2019]
[0,157,314,612,1328,1507,1631,2019]
[0,157,612,1165,1631,2019]
[0,157,612,1328,1507,1631,2019]
