[0,97,940,2120]
[0,742,940,1092,1199,1692,1820,2120]
[0,400,940,1047,1199,1692,1820,2120]
[0,1692,1820,2120]
[0,97,940,1199,1692,1820,2120]
[0,489,1092,2120]
[0,940,1692,2120]
[0,940,1092,1692,1959,2120]
[0,340,940,1692,2120]
[0,340,489,940,1092,1199,1692,1820,2120]
[0,940,1092,1692,2120]
[0,940,1092,1199,1692,1820,2120]
[0,97,489,940,1092,1199,1692,1820,2120]
[0,940,1199,2120]
[0,400,940,1199,1692,2120]
[0,1092,1692,2120]
[0,400,940,1199,1692,1820,2120]
[0,742,940,1092,1692,1820,2120]
[0,940,1092,1692,1820,2120]
[0,97,1692,2120]
[0,742,940,1092,1199,1692,1820,1959,2120]
[0,940,1047,1199,1692,1820,2120]
[0,97,940,1092,2120]
[0,742,1692,2120]
[0,940,1692,1959,2120]
[0,97,940,1092,1199,1692,1820,1959,2120]
[0,97,940,1092,1692,1820,1959,2120]
[0,1092,2120]
[0,97,340,489,940,1092,1199,1692,1820,2120]
[0,97,742,940,1092,1199,1692,1820,2039,2120]
[0,489,2120]
[0,940,1092,1692,1820,1959,2120]
[0,742,2120]
[0,340,489,940,1092,1692,1820,2120]
[0,97,940,1092,1692,1820,2120]
[0,742,940,1092,1692,2120]
[0,940,1199,1692,2120]
[0,940,1692,1820,2120]
[0,742,1092,1692,2120]
[0,489,940,1092,1692,1820,2120]
[0,489,1692,2120]
[0,340,1047,1692,2120]
[0,940,2120]
[0,742,1092,1692,1959,2120]
[0,97,940,1092,1199,1692,1820,2120]
[0,489,940,1092,1692,2120]
[0,742,940,1092,1692,1820,1959,2120]
[0,97,940,1692,1820,2120]
[0,340,940,1092,1692,2120]
[0,97,742,940,1092,1199,1692,1820,1959,2120]
[0,940,1092,1199,1692,1820,1959,2120]
[0,1047,1692,2120]
[0,97,940,1092,1692,2120]
[0,340,489,940,1092,1692,2120]
[0,489,940,1092,1199,1692,1820,2120]
[0,940,1199,1692,1820,2120]
[0,400,940,1692,2120]
[0,742,1092,2120]
[0,97,940,1692,2120]
[0,1692,2120]
[0,742,940,1092,1692,1959,2120]
[0,97,742,940,1092,1199,1692,1820,2120]
[0,940,1092,2120]
[0,1047,2120]
[0,489,1092,1692,2120]
[0,97,400,940,1047,1199,1692,1820,2120]
[0,97,400,940,1199,1692,1820,2120]
