[0,475,739,2562,2947,3699,3961,4614,4758]
[0,475,739,2562,2947,3699,4758]
[0,596,4758]
[0,396,1760,2562,3569,4758]
[0,475,2669,3569,4614,4758]
[0,1430,1879,2947,4758]
[0,475,739,1430,2562,2947,3699,3832,4614,4758]
[0,1760,2562,2947,4758]
[0,1430,2562,3727,4758]
[0,396,1430,2562,2947,3569,4758]
[0,1430,2947,4758]
[0,2562,2947,3699,3961,4758]
[0,1760,2562,4758]
[0,1760,4758]
[0,475,739,2562,2947,4614,4758]
[0,1430,4758]
[0,475,1430,2947,3699,4758]
[0,475,1430,2562,2947,4758]
[0,1430,2562,2947,3727,4758]
[0,396,761,1430,2562,2947,3727,4758]
[0,475,3699,3832,4614,4758]
[0,396,1430,1879,2947,4758]
[0,396,1430,2562,2947,3727,4758]
[0,1879,2947,4758]
[0,1430,1879,2562,2947,4758]
[0,396,1430,2562,3727,4758]
[0,3569,4758]
[0,2562,2947,3699,4614,4758]
[0,396,1430,1879,2562,2947,4758]
[0,1760,2562,3569,4758]
[0,1430,2562,2947,4614,4758]
[0,475,1430,2562,2947,3699,4758]
[0,475,2562,2947,3699,4758]
[0,396,1430,1879,2562,2947,3569,4758]
[0,396,761,1430,2562,2947,3727,3961,4614,4758]
[0,475,2562,3569,4758]
[0,475,2562,2947,3569,4758]
[0,396,761,1430,1879,2562,2947,3569,4614,4758]
[0,396,761,1430,2562,2947,3569,4614,4758]
[0,475,739,1430,2562,2947,3699,3961,4758]
[0,396,761,1430,2562,2947,3727,3961,4758]
[0,1430,2562,2947,3727,3961,4614,4758]
[0,396,1760,2562,2947,4758]
[0,2562,2947,4614,4758]
[0,1430,2562,2947,3727,3961,4758]
[0,396,1430,2562,2947,4758]
[0,2562,3569,4758]
[0,2562,4758]
[0,396,761,1760,2562,2947,3569,4758]
[0,396,761,1430,1879,2562,2947,3569,4758]
[0,475,2562,2947,3699,3961,4758]
[0,1430,2562,3569,4758]
[0,475,739,1430,2562,2947,3699,3961,4614,4758]
[0,3832,4758]
[0,2947,4758]
[0,475,739,1430,2562,2947,4758]
[0,2562,2947,3699,3832,4614,4758]
[0,2562,2947,3727,3961,4758]
[0,475,739,1430,2562,2947,3699,4614,4758]
[0,3618,4758]
[0,396,1760,2562,2947,3569,4758]
[0,475,2562,2947,4758]
[0,396,761,1430,2562,2947,3569,4758]
[0,396,1760,2562,4758]
[0,475,4758]
[0,396,1760,2562,2947,4614,4758]
[0,396,1430,2562,3569,4758]
[0,396,761,1430,2562,2947,4614,4758]
[0,1760,2562,2947,4614,4758]
[0,475,3569,4614,4758]
[0,475,2562,2947,3699,3961,4614,4758]
[0,475,2562,2947,3699,4614,4758]
[0,475,3569,4758]
[0,396,761,1430,1879,2562,2947,4758]
[0,2562,2947,4758]
[0,596,3618,4758]
[0,396,761,1760,2562,2947,4758]
[0,396,761,1760,2562,2947,3569,4614,4758]
[0,475,739,2562,2947,3699,3832,4614,4758]
[0,1430,1879,4758]
[0,3832,4614,4758]
[0,3699,3832,4758]
[0,475,2947,3699,4758]
[0,396,761,1430,2562,2947,4758]
[0,3699,4758]
[0,1430,2562,2947,4758]
[0,475,739,2562,2947,3699,3961,4758]
[0,2562,2947,3699,4758]
[0,475,2669,3569,4758]
[0,475,739,1430,2562,2947,3699,4758]
[0,3699,3832,4614,4758]
[0,475,4614,4758]
[0,396,1430,2562,2947,3727,3961,4758]
[0,396,1430,2562,2947,4614,4758]
[0,4614,4758]
[0,2947,3699,4758]
[0,396,1430,2562,2947,3727,3961,4614,4758]
[0,475,2562,2947,3569,4614,4758]
[0,475,1430,2562,4758]
[0,475,2562,4614,4758]
[0,2562,2947,3699,3832,4758]
[0,1430,2947,3699,4758]
[0,2562,2947,3727,4758]
[0,475,2562,2947,4614,4758]
[0,475,739,2562,2947,4758]
[0,475,3832,4758]
[0,2562,2947,3727,3961,4614,4758]
[0,475,2562,2947,3699,3832,4614,4758]
[0,475,739,2562,2947,3699,4614,4758]
[0,475,2562,4758]
[0,1430,1879,2562,3569,4758]
[0,2947,3699,3832,4758]
[0,1430,2562,4758]
[0,475,739,1430,2562,2947,4614,4758]
[0,2947,3727,4758]
[0,396,1430,1879,2562,3569,4758]
[0,396,1430,2562,4758]
[0,475,3832,4614,4758]
[0,2562,2947,3699,3961,4614,4758]
[0,475,2947,4758]
[0,2669,3569,4758]
[0,396,761,1760,2562,2947,4614,4758]
