[0,306,894,1046]
[0,142,250,434,759,865,1046]
[0,250,1046]
[0,142,250,367,434,759,865,1046]
[0,250,434,759,865,1046]
[0,250,526,954,1046]
[0,115,250,434,759,1046]
[0,142,250,1046]
[0,250,526,759,954,1046]
[0,142,250,526,865,1046]
[0,250,954,1046]
[0,142,250,526,759,1046]
[0,115,250,434,759,954,1046]
[0,250,367,434,759,865,1046]
[0,142,250,367,434,526,683,759,865,1046]
[0,115,250,367,434,1046]
[0,367,434,1046]
[0,142,250,434,683,759,865,1046]
[0,142,250,526,759,954,1046]
[0,115,250,367,434,759,954,1046]
[0,367,865,1046]
[0,250,526,865,1046]
[0,142,250,434,954,1046]
[0,250,759,865,1046]
[0,367,759,865,1046]
[0,250,434,954,1046]
[0,142,250,759,865,1046]
[0,250,434,1046]
[0,142,250,434,759,954,1046]
[0,115,250,434,954,1046]
[0,142,250,367,526,865,1046]
[0,250,434,894,1046]
[0,142,250,526,954,1046]
[0,250,434,759,954,1046]
[0,142,250,367,434,759,954,1046]
[0,367,759,1046]
[0,142,250,526,683,759,865,1046]
[0,759,865,1046]
[0,367,434,759,865,1046]
[0,865,1046]
[0,306,1046]
[0,526,1046]
[0,142,250,434,865,1046]
[0,250,526,759,1046]
[0,142,250,367,526,683,759,865,1046]
[0,142,250,367,434,954,1046]
[0,759,1046]
[0,250,367,526,865,1046]
[0,142,250,434,1046]
[0,115,250,434,1046]
[0,115,250,367,434,954,1046]
[0,250,526,1046]
[0,250,434,865,1046]
[0,250,367,434,1046]
[0,142,250,526,1046]
[0,142,250,367,434,1046]
[0,367,434,865,1046]
[0,250,759,1046]
[0,142,250,367,526,759,865,1046]
[0,142,250,367,434,683,759,865,1046]
[0,250,434,759,1046]
[0,142,250,434,759,1046]
[0,367,1046]
[0,142,250,526,759,865,1046]
[0,142,250,759,1046]
