[0,1187,1419,2267,3127,3353]
[0,432,881,1419,1658,2020,2267,3353]
[0,1419,1658,2267,2851,3353]
[0,432,881,2267,3353]
[0,881,1419,1658,2267,3353]
[0,432,881,1187,1419,1658,2020,2267,2741,3353]
[0,881,1187,1419,1658,2267,2741,3353]
[0,881,1419,1658,2020,2267,2741,3353]
[0,881,1419,1658,2020,2267,2851,3353]
[0,881,1187,1419,1658,2267,3353]
[0,432,881,1187,1419,1658,2267,3353]
[0,432,881,1658,2267,2741,3353]
[0,432,881,1187,1419,1658,2020,2267,3353]
[0,1187,1419,1658,3127,3353]
[0,432,881,1658,2267,2851,3353]
[0,881,1187,1419,2267,3127,3353]
[0,881,2267,2741,3353]
[0,1419,1658,3127,3353]
[0,881,2267,2851,3127,3353]
[0,881,2020,2267,3353]
[0,432,881,1658,2267,3353]
[0,432,881,1419,1658,3353]
[0,881,1187,1419,1658,3353]
[0,881,1187,1419,1658,2020,2267,2851,3127,3353]
[0,881,1419,2267,2741,3353]
[0,881,2851,3127,3353]
[0,881,1187,1419,1658,3127,3353]
[0,3127,3353]
[0,881,2267,3353]
[0,881,1187,1419,1658,2267,3127,3353]
[0,1419,3353]
[0,881,2260,3127,3353]
[0,432,881,1658,2020,2267,2741,3353]
[0,881,1187,1419,1658,2741,3127,3353]
[0,1419,1658,2741,3127,3353]
[0,881,1658,2851,3353]
[0,881,1658,2020,2267,3353]
[0,432,881,1187,1419,1658,2267,2851,3127,3353]
[0,2851,3353]
[0,1419,1658,2020,2267,3353]
[0,881,3353]
[0,1419,1658,2020,2267,2851,3353]
[0,1419,2267,3127,3353]
[0,432,881,1419,2267,2851,3353]
[0,432,881,1187,1419,1658,3353]
[0,1419,2487,3353]
[0,432,881,1419,2267,2851,3127,3353]
[0,432,881,1187,1419,1658,2020,2267,2741,3127,3353]
[0,881,1187,3353]
[0,1419,2260,3353]
[0,432,881,1419,1658,2267,2851,3353]
[0,881,1419,2267,2851,3353]
[0,881,1187,1419,1658,2020,2267,3353]
[0,881,1187,1419,3353]
[0,432,881,1419,1658,2267,3353]
[0,881,1658,2267,2851,3353]
[0,881,1419,1658,2020,2267,3353]
[0,1419,2260,3127,3353]
[0,1419,2267,2851,3353]
[0,881,1187,1419,1658,2851,3127,3353]
[0,432,881,2267,2851,3127,3353]
[0,432,881,1658,2020,2267,2851,3353]
[0,432,881,1419,2267,3353]
[0,881,1187,1419,2267,3353]
[0,432,881,1419,1658,2267,2851,3127,3353]
[0,1419,2851,3353]
[0,1419,2020,2267,2851,3353]
[0,881,1187,1419,1658,2267,2851,3127,3353]
[0,1419,1658,3353]
[0,881,1187,1419,1658,2741,3353]
[0,432,881,2267,2851,3353]
[0,881,1187,1419,1658,2851,3353]
[0,881,1658,2741,3353]
[0,881,1187,1419,1658,2020,2267,2851,3353]
[0,881,1187,1419,1658,2267,2851,3353]
[0,881,1419,1658,2267,2741,3353]
[0,1419,2267,3353]
[0,432,881,1419,2267,2741,3353]
[0,881,1419,1658,2267,2851,3353]
[0,1658,3353]
[0,881,1658,3353]
[0,432,881,1419,1658,2267,2741,3353]
[0,432,881,2020,2267,3353]
[0,881,1658,2020,2267,2851,3353]
[0,881,1187,1419,1658,2267,2741,3127,3353]
[0,432,881,2020,2267,2851,3353]
[0,881,1419,1658,2741,3353]
[0,2260,3353]
[0,1419,2020,2267,3353]
[0,881,1419,1658,2851,3353]
[0,1187,1419,1658,2741,3353]
[0,1419,1658,2267,3127,3353]
[0,1187,1419,1658,3353]
[0,881,2260,3353]
[0,432,881,2267,2741,3353]
[0,881,2267,3127,3353]
[0,432,881,1658,2020,2267,3353]
[0,432,881,1658,3353]
[0,881,1187,1419,1658,2020,2267,2741,3127,3353]
[0,2267,3127,3353]
[0,1419,1658,2741,3353]
[0,432,881,1419,1658,2020,2267,2851,3353]
[0,1419,2741,3353]
[0,1419,1658,2851,3353]
[0,432,881,1187,1419,1658,2267,2741,3353]
[0,1419,1658,2851,3127,3353]
[0,1187,1419,2267,3353]
[0,881,1419,1658,3353]
[0,881,1419,1658,2267,2851,3127,3353]
[0,881,1187,1419,1658,2020,2267,2741,3353]
[0,432,881,1187,1419,1658,2020,2267,2851,3127,3353]
[0,1658,3127,3353]
[0,432,881,1187,1419,1658,2020,2267,2851,3353]
[0,1419,1658,2267,3353]
[0,881,2020,2267,2851,3353]
[0,881,1419,2267,3353]
[0,881,1658,2020,2267,2741,3353]
[0,881,2267,2851,3353]
[0,2260,3127,3353]
[0,881,1658,2267,3353]
[0,881,2851,3353]
[0,2267,3353]
[0,1419,1658,2267,2851,3127,3353]
[0,432,881,1187,1419,1658,2267,2741,3127,3353]
[0,881,1658,2267,2741,3353]
[0,432,881,1419,1658,2020,2267,2741,3353]
[0,2851,3127,3353]
[0,1187,1419,1658,2741,3127,3353]
[0,432,881,1187,1419,1658,2267,2851,3353]
[0,1419,2267,2851,3127,3353]
