[0,729,1057,1615,1875]
[0,729,1050,1356,1875]
[0,729,1760,1875]
[0,262,729,1155,1875]
[0,130,1615,1875]
[0,59,729,1760,1875]
[0,507,729,1050,1356,1760,1875]
[0,262,729,1356,1615,1875]
[0,59,729,1875]
[0,59,1050,1615,1875]
[0,507,729,1057,1615,1875]
[0,507,729,1050,1356,1875]
[0,59,1875]
[0,507,729,1356,1760,1875]
[0,1760,1875]
[0,262,1155,1875]
[0,59,1050,1155,1875]
[0,729,1356,1615,1875]
[0,130,729,1356,1875]
[0,262,507,729,1356,1875]
[0,262,507,729,1155,1760,1875]
[0,130,729,1356,1615,1875]
[0,59,262,507,729,1356,1875]
[0,59,262,507,729,1050,1356,1760,1875]
[0,729,1356,1875]
[0,507,729,1760,1875]
[0,262,507,729,1050,1155,1760,1875]
[0,130,507,729,1057,1615,1875]
[0,262,729,1050,1356,1875]
[0,130,1050,1615,1875]
[0,59,729,1356,1875]
[0,59,507,729,1356,1875]
[0,130,729,1875]
[0,729,1875]
[0,130,568,1875]
[0,1356,1875]
[0,1050,1875]
[0,262,729,1875]
[0,1050,1615,1875]
[0,59,1615,1875]
[0,1050,1760,1875]
[0,59,1760,1875]
[0,729,1155,1875]
[0,262,507,729,1875]
[0,59,507,729,1050,1155,1760,1875]
[0,130,1875]
[0,568,1875]
[0,507,729,1050,1356,1615,1875]
[0,507,729,1356,1875]
[0,262,507,729,1356,1615,1875]
[0,59,729,1615,1875]
[0,1155,1875]
[0,507,729,1356,1615,1875]
[0,130,729,1057,1615,1875]
[0,1615,1875]
[0,729,1050,1356,1615,1875]
[0,262,507,729,1356,1760,1875]
[0,507,729,1155,1760,1875]
[0,507,729,1875]
[0,729,1057,1875]
[0,59,1050,1875]
[0,59,262,507,729,1050,1356,1615,1875]
[0,507,729,1615,1875]
[0,59,262,507,729,1356,1615,1875]
[0,59,507,729,1356,1615,1875]
[0,262,507,729,1050,1356,1875]
[0,1050,1155,1760,1875]
[0,262,729,1050,1356,1615,1875]
[0,507,729,1050,1155,1760,1875]
[0,59,507,729,1050,1356,1615,1875]
[0,130,507,729,1356,1615,1875]
[0,59,1050,1155,1760,1875]
[0,507,729,1155,1875]
[0,729,1155,1760,1875]
[0,59,262,507,729,1356,1760,1875]
[0,262,507,729,1050,1356,1615,1875]
[0,262,507,729,1155,1875]
[0,568,1615,1875]
[0,262,507,729,1760,1875]
[0,59,262,507,729,1050,1155,1760,1875]
[0,262,729,1356,1875]
[0,59,262,507,729,1760,1875]
[0,729,1615,1875]
[0,130,729,1615,1875]
[0,1050,1155,1875]
[0,262,507,729,1050,1356,1760,1875]
[0,729,1050,1155,1760,1875]
[0,59,729,1050,1155,1760,1875]
[0,59,507,729,1615,1875]
[0,130,568,1615,1875]
[0,59,507,729,1760,1875]
