[0,244,1334,1466,2019]
[0,160,244,480,838,1334,1466,1939,2019]
[0,480,1939,2019]
[0,244,1334,1466,1862,2019]
[0,838,1334,1880,2019]
[0,480,838,2019]
[0,160,244,1334,1466,2019]
[0,160,244,838,1334,1466,1862,2019]
[0,480,838,1334,1466,1880,2019]
[0,838,1880,2019]
[0,838,1334,2019]
[0,244,1466,2019]
[0,480,838,1880,2019]
[0,838,1939,2019]
[0,1334,2019]
[0,244,480,838,1880,2019]
[0,244,1466,1862,2019]
[0,480,838,1334,2019]
[0,244,480,838,2019]
[0,1334,1466,1880,2019]
[0,480,838,1862,2019]
[0,244,480,838,1334,2019]
[0,1466,1862,2019]
[0,244,1334,2019]
[0,244,480,838,1862,2019]
[0,1880,2019]
[0,160,244,480,838,1334,1466,2019]
[0,244,480,838,1334,1466,1862,2019]
[0,244,480,838,1334,1466,1939,2019]
[0,244,2019]
[0,160,244,480,838,1334,1466,1880,2019]
[0,838,1334,1466,1862,2019]
[0,160,244,2019]
[0,838,1334,1466,1939,2019]
[0,160,244,480,838,1334,1466,1862,2019]
[0,160,244,838,1334,1466,2019]
[0,244,1334,1466,1880,2019]
[0,160,838,1334,2019]
[0,160,244,1334,1466,1880,2019]
[0,244,480,838,1334,1862,2019]
[0,244,480,838,1334,1466,2019]
[0,160,244,838,1334,1466,1880,2019]
[0,244,1466,1880,2019]
[0,160,244,1334,1466,1862,2019]
[0,160,244,1334,2019]
[0,1334,1466,2019]
[0,1466,1880,2019]
[0,838,1334,1862,2019]
[0,838,1334,1466,2019]
[0,1466,1939,2019]
[0,244,480,838,1334,1466,1880,2019]
[0,480,2019]
[0,480,838,1334,1466,2019]
[0,160,838,1334,1880,2019]
[0,480,838,1334,1466,1862,2019]
[0,838,1862,2019]
[0,160,838,1334,1862,2019]
[0,160,838,1334,1466,2019]
[0,1466,2019]
[0,1862,2019]
[0,838,1334,1466,1880,2019]
[0,1939,2019]
[0,480,838,1939,2019]
[0,1334,1466,1862,2019]
[0,244,480,838,1939,2019]
[0,160,838,1334,1466,1880,2019]
[0,160,838,1334,1466,1862,2019]
[0,244,480,838,1334,1880,2019]
[0,480,838,1334,1880,2019]
[0,480,838,1334,1862,2019]
[0,838,2019]
