[0,125,212,523,880,969]
[0,125,212,278,463,574,969]
[0,125,212,278,463,523,969]
[0,523,969]
[0,75,125,212,278,463,523,969]
[0,212,969]
[0,212,463,678,969]
[0,125,212,463,969]
[0,125,212,278,969]
[0,183,880,969]
[0,212,463,574,969]
[0,183,969]
[0,183,574,969]
[0,75,125,212,278,463,574,880,969]
[0,212,463,969]
[0,212,463,678,880,969]
[0,463,678,969]
[0,212,463,523,969]
[0,125,212,278,463,574,880,969]
[0,125,212,969]
[0,125,212,278,463,523,880,969]
[0,75,212,463,574,880,969]
[0,75,125,212,278,463,523,880,969]
[0,212,523,880,969]
[0,574,969]
[0,125,212,463,523,969]
[0,463,574,969]
[0,125,212,278,523,969]
[0,463,523,969]
[0,212,463,574,880,969]
[0,125,212,880,969]
[0,75,212,574,880,969]
[0,125,212,523,969]
[0,75,125,212,278,463,523,678,880,969]
[0,183,553,969]
[0,212,880,969]
[0,125,212,278,523,880,969]
[0,212,574,969]
[0,75,212,278,463,574,969]
[0,125,212,278,463,678,880,969]
[0,212,523,969]
[0,125,212,463,678,880,969]
[0,463,969]
[0,553,969]
[0,183,553,880,969]
[0,75,125,212,278,463,523,574,880,969]
[0,75,212,969]
[0,125,212,463,678,969]
[0,75,212,278,463,574,880,969]
[0,125,212,278,463,523,678,880,969]
[0,125,212,463,574,880,969]
[0,125,212,463,574,969]
[0,125,212,278,463,523,574,880,969]
[0,678,969]
[0,75,212,463,574,969]
[0,75,212,574,969]
[0,212,574,880,969]
