[0,118,306,371,631,716,969]
[0,118,306,437,969]
[0,306,716,969]
[0,306,437,631,969]
[0,118,306,437,631,716,807,870,969]
[0,631,969]
[0,118,306,360,437,631,716,870,969]
[0,118,306,437,631,969]
[0,306,519,716,969]
[0,118,306,371,437,631,716,870,969]
[0,44,118,306,360,437,631,716,807,870,969]
[0,118,306,716,969]
[0,118,306,870,969]
[0,118,306,437,631,870,969]
[0,118,306,437,631,716,969]
[0,716,969]
[0,118,306,519,716,969]
[0,306,437,716,969]
[0,118,306,631,969]
[0,118,306,437,716,969]
[0,118,306,371,437,631,716,807,870,969]
[0,118,306,437,631,716,870,969]
[0,306,631,716,969]
[0,118,306,360,437,631,716,807,870,969]
[0,118,306,631,716,969]
[0,118,306,631,716,870,969]
[0,306,631,969]
[0,118,306,969]
[0,118,306,360,437,631,716,969]
[0,306,437,969]
[0,118,306,371,437,631,716,969]
[0,631,716,969]
[0,118,306,519,716,870,969]
[0,118,306,631,870,969]
[0,118,306,360,631,716,969]
[0,306,969]
[0,519,716,969]
[0,118,306,631,716,807,870,969]
