[0,573,1678,2020]
[0,573,946,1195,1678,2020]
[0,573,683,2020]
[0,104,573,744,1058,1678,2020]
[0,104,573,2020]
[0,407,573,731,946,1195,1360,1678,2020]
[0,104,407,573,683,946,1172,1360,1678,2020]
[0,104,573,946,1137,2020]
[0,359,573,2020]
[0,104,407,573,946,1137,1360,1678,2020]
[0,573,683,1137,1360,2020]
[0,407,573,946,1195,2020]
[0,1195,2020]
[0,1360,2020]
[0,573,946,1137,1360,1678,2020]
[0,407,573,946,1195,1360,2020]
[0,573,946,2020]
[0,407,573,946,1172,1360,2020]
[0,407,573,946,1137,1360,1678,2020]
[0,104,407,573,946,1195,1360,1678,2020]
[0,573,1058,1678,2020]
[0,573,683,1137,2020]
[0,946,1137,2020]
[0,359,573,1058,1360,1678,2020]
[0,104,573,1360,1678,2020]
[0,573,892,1172,2020]
[0,573,946,1137,1678,2020]
[0,104,407,573,683,946,1137,1360,1678,2020]
[0,359,573,1678,2020]
[0,573,946,1172,1678,2020]
[0,104,573,1678,2020]
[0,573,946,1195,2020]
[0,407,573,946,1195,1360,1678,2020]
[0,104,573,744,1058,2020]
[0,573,2020]
[0,573,946,1360,2020]
[0,104,573,683,1137,1360,1678,2020]
[0,573,1137,1360,2020]
[0,573,1360,1678,2020]
[0,573,946,1137,1360,2020]
[0,407,573,946,1172,1360,1678,2020]
[0,573,946,1172,1360,2020]
[0,573,1058,1360,1678,2020]
[0,359,573,1360,1678,2020]
[0,573,744,2020]
[0,573,946,1137,2020]
[0,104,573,1137,1360,1678,2020]
[0,573,1360,2020]
[0,946,1195,2020]
[0,407,573,946,1137,2020]
[0,104,573,744,1058,1360,1678,2020]
[0,573,683,1137,1360,1678,2020]
[0,573,744,1058,2020]
[0,407,573,946,1172,2020]
[0,573,946,1360,1678,2020]
[0,573,744,1058,1678,2020]
[0,573,744,1058,1360,1678,2020]
[0,573,1058,2020]
[0,104,407,573,731,946,1137,1360,1678,2020]
[0,573,1137,1360,1678,2020]
[0,407,573,731,946,1137,1360,1678,2020]
[0,407,573,683,946,1172,1360,1678,2020]
[0,573,946,1172,2020]
[0,573,946,1678,2020]
[0,104,407,573,731,946,1195,1360,1678,2020]
[0,573,946,1172,1360,1678,2020]
[0,104,573,946,1137,1678,2020]
[0,104,573,892,1172,2020]
[0,407,573,683,946,1137,1360,1678,2020]
[0,573,1172,2020]
[0,573,1137,2020]
[0,946,1172,2020]
[0,407,573,946,1137,1360,2020]
[0,1172,2020]
[0,1137,2020]
[0,407,573,946,1195,1678,2020]
