[0,181,1593,1752,2019]
[0,803,1224,1752,2019]
[0,181,432,1752,2019]
[0,1224,1752,2019]
[0,1224,1593,1752,2019]
[0,490,2019]
[0,181,1752,2019]
[0,432,1224,2019]
[0,432,1752,2019]
[0,181,326,490,1752,2019]
[0,432,803,1224,2019]
[0,181,326,490,803,1224,1593,1752,2019]
[0,490,1752,2019]
[0,1593,1752,2019]
[0,181,326,490,803,1224,1752,2019]
[0,432,2019]
[0,181,432,803,1224,1593,1752,2019]
[0,326,490,1224,1752,2019]
[0,181,432,803,1224,1752,2019]
[0,181,326,803,1224,1752,2019]
[0,326,1224,2019]
[0,181,326,1752,2019]
[0,432,803,1224,1752,2019]
[0,490,803,2019]
[0,432,1224,1752,2019]
[0,181,326,490,1224,1752,2019]
[0,181,803,1224,1752,2019]
[0,326,490,1752,2019]
[0,922,1752,2019]
[0,1224,2019]
[0,1653,2019]
[0,1752,2019]
[0,181,432,1224,1752,2019]
[0,181,326,1224,1752,2019]
[0,922,2019]
[0,326,490,803,1224,1752,2019]
[0,326,1224,1752,2019]
[0,181,432,1593,1752,2019]
[0,326,490,803,1224,1593,1752,2019]
[0,181,432,1224,1593,1752,2019]
[0,181,1224,1752,2019]
[0,803,1224,2019]
[0,490,803,1224,2019]
[0,490,803,1224,1752,2019]
