[0,218,580,741,958,1355,1465]
[0,1035,1465]
[0,741,1035,1355,1465]
[0,218,1035,1355,1465]
[0,218,580,741,800,958,1355,1465]
[0,42,218,580,1035,1355,1465]
[0,42,1035,1465]
[0,580,741,800,1035,1355,1465]
[0,218,265,580,741,800,958,1355,1465]
[0,218,741,800,1465]
[0,218,580,741,958,1465]
[0,741,800,1035,1355,1465]
[0,580,741,800,958,1355,1465]
[0,42,218,265,741,800,958,1355,1465]
[0,42,218,580,800,1035,1355,1465]
[0,42,741,958,1465]
[0,218,580,1035,1465]
[0,196,800,1465]
[0,42,218,741,800,958,1465]
[0,741,800,1035,1465]
[0,218,741,800,958,1355,1465]
[0,218,741,958,1465]
[0,741,800,1465]
[0,580,1035,1465]
[0,580,1035,1355,1465]
[0,42,218,741,800,1035,1355,1465]
[0,218,958,1465]
[0,741,800,958,1465]
[0,580,1465]
[0,42,800,1465]
[0,218,741,800,1035,1355,1465]
[0,958,1465]
[0,218,741,1035,1355,1465]
[0,42,741,800,958,1465]
[0,580,800,1035,1355,1465]
[0,218,741,958,1355,1465]
[0,580,741,958,1355,1465]
[0,42,218,265,580,741,800,1035,1355,1465]
[0,42,218,1035,1465]
[0,42,218,265,580,741,800,958,1355,1465]
[0,218,265,741,800,958,1355,1465]
[0,218,580,800,1035,1355,1465]
[0,218,580,1035,1355,1465]
[0,42,741,800,1465]
[0,218,265,741,800,1035,1355,1465]
[0,42,218,1035,1355,1465]
[0,42,218,265,741,800,1035,1355,1465]
[0,42,1465]
[0,218,580,800,1035,1465]
[0,1035,1355,1465]
[0,218,580,741,800,1035,1355,1465]
[0,741,800,958,1355,1465]
[0,218,741,800,958,1465]
[0,218,741,1035,1465]
[0,218,741,800,1035,1465]
[0,218,800,1465]
[0,42,218,741,800,1035,1465]
[0,741,958,1355,1465]
[0,218,1035,1465]
[0,580,741,958,1465]
[0,800,1465]
[0,741,958,1465]
[0,741,1035,1465]
[0,42,218,741,800,958,1355,1465]
[0,580,800,1035,1465]
[0,218,265,580,741,800,1035,1355,1465]
[0,42,218,741,800,1465]
