[0,432,1041,1306,1424,1708,1969,2019]
[0,994,2019]
[0,432,1189,2019]
[0,147,1708,2019]
[0,432,967,1357,1708,1969,2019]
[0,432,994,1189,2019]
[0,147,216,432,1041,1189,1306,1424,1708,2019]
[0,216,432,1041,1188,1306,1424,1708,2019]
[0,432,1041,1189,1306,1424,1708,2019]
[0,216,432,1041,1708,2019]
[0,1357,2019]
[0,432,967,1357,2019]
[0,432,1708,2019]
[0,432,1041,1424,1708,1969,2019]
[0,432,994,1708,2019]
[0,432,1041,1708,2019]
[0,432,2019]
[0,432,1041,1189,1306,1424,1708,1969,2019]
[0,432,1041,1188,1306,1424,1708,2019]
[0,432,967,1357,1969,2019]
[0,216,432,1041,1189,1306,1424,1708,2019]
[0,1189,2019]
[0,967,1357,2019]
[0,432,1041,1357,1708,2019]
[0,147,216,432,1041,1189,1306,1708,2019]
[0,432,1041,1708,1969,2019]
[0,432,1041,1306,1424,1708,2019]
[0,432,994,2019]
[0,147,216,432,1041,1189,1306,1424,1708,1969,2019]
[0,216,432,1041,1306,1424,1708,1969,2019]
[0,147,216,432,1708,2019]
[0,1708,2019]
[0,432,994,1189,1306,2019]
[0,432,967,1708,2019]
[0,1041,2019]
[0,216,432,1041,1708,1969,2019]
[0,216,432,1041,1188,1306,1424,1708,1969,2019]
[0,432,1041,1189,1708,2019]
[0,432,1969,2019]
[0,432,967,1708,1969,2019]
[0,216,432,1708,2019]
[0,147,216,1708,2019]
[0,432,967,2019]
[0,432,1041,1189,1424,1708,2019]
[0,432,994,1189,1708,2019]
[0,432,1041,1189,1306,1708,2019]
[0,1041,1357,2019]
[0,147,432,1041,1306,1969,2019]
[0,216,432,1041,1189,1424,1708,2019]
[0,967,1708,2019]
[0,432,1041,1306,1969,2019]
[0,147,432,1041,1306,2019]
[0,147,216,432,1041,1189,1708,2019]
[0,216,432,1041,1424,1708,2019]
[0,432,1041,1306,2019]
[0,432,1041,1357,1708,1969,2019]
[0,216,432,1041,1306,1424,1708,2019]
[0,432,1041,1424,1708,2019]
[0,432,1041,1188,1306,1424,1708,1969,2019]
[0,994,1189,2019]
[0,1041,1189,1708,2019]
[0,967,2019]
[0,432,994,1189,1306,1969,2019]
[0,432,1041,2019]
[0,147,216,432,1041,1708,2019]
[0,216,432,1041,1189,1708,2019]
[0,994,1708,2019]
[0,216,432,1041,1424,1708,1969,2019]
[0,1041,1708,2019]
[0,147,216,432,1041,1189,1306,1708,1969,2019]
[0,432,994,1189,1306,1708,1969,2019]
[0,432,1041,1189,1306,1708,1969,2019]
[0,216,432,1041,1189,1306,1708,2019]
[0,1041,1189,1306,1708,2019]
[0,432,1041,1357,2019]
[0,432,994,1189,1306,1708,2019]
[0,432,967,1357,1708,2019]
