[0,1284,1454,1842,2812]
[0,1298,2812]
[0,1453,2812]
[0,1284,1842,2812]
[0,1191,1454,2812]
[0,1191,1298,1454,1842,2812]
[0,1191,1298,1454,2812]
[0,1191,1454,1842,1935,2812]
[0,1298,1454,2812]
[0,1454,2812]
[0,1298,1454,1842,2812]
[0,1191,2812]
[0,1454,1935,2812]
[0,1453,1501,2812]
[0,1191,1298,1454,1842,1935,2812]
[0,1191,1454,1842,2812]
[0,1284,1454,1842,1935,2812]
[0,1284,2812]
[0,1191,1842,2812]
[0,1453,1935,2812]
[0,1284,1454,2812]
[0,1298,1842,2812]
[0,1298,1454,1842,1935,2812]
[0,1191,1284,1454,1842,1935,2812]
