[0,581,983,1417,1948,3172,3549,4285]
[0,1948,3618,4285]
[0,1842,4285]
[0,1034,1881,3618,4285]
[0,429,1034,2708,3172,3618,4160,4285]
[0,1948,2708,3549,4285]
[0,581,983,1417,1948,2708,3172,3618,4285]
[0,1948,3172,3549,3801,4285]
[0,907,1366,1977,4285]
[0,581,907,4285]
[0,1881,3172,3618,4285]
[0,1034,1881,4285]
[0,581,1977,3172,3618,3801,4285]
[0,429,1034,2708,3172,3618,4285]
[0,3549,3801,4285]
[0,1881,4285]
[0,429,983,1417,1948,2708,3172,3618,4285]
[0,1417,1948,3549,4285]
[0,3172,3549,3801,4285]
[0,1980,4285]
[0,429,1034,1881,3618,4285]
[0,581,907,1977,3172,3618,3993,4285]
[0,1034,2708,3172,3618,4285]
[0,1881,3172,4285]
[0,1948,3549,4285]
[0,1366,4285]
[0,907,1366,1977,3172,3618,4285]
[0,1034,1881,2708,3172,4285]
[0,1417,1948,4285]
[0,429,1034,1881,2708,3172,3618,4160,4285]
[0,1417,1948,2708,3549,4285]
[0,1948,2708,4285]
[0,1417,1948,2708,3172,3618,4285]
[0,1977,4285]
[0,1417,1948,3172,4285]
[0,1977,3172,3618,3801,4285]
[0,581,907,1977,3172,3618,3801,4285]
[0,581,907,1366,1977,3172,3618,3993,4285]
[0,1977,2647,3618,4285]
[0,1948,3172,3549,4285]
[0,581,907,1977,2647,4285]
[0,581,907,1366,1977,3172,3618,4285]
[0,1881,3618,4285]
[0,581,907,1366,1977,3172,3618,3801,3993,4285]
[0,983,1417,1948,3172,3549,3801,4285]
[0,581,983,1417,1948,3172,3618,4285]
[0,581,907,1977,3172,3618,4285]
[0,581,907,1977,2647,3618,4285]
[0,581,983,1417,1948,2708,3172,3618,4160,4285]
[0,1417,1948,2708,3172,4285]
[0,983,1417,1948,3549,4285]
[0,581,983,1417,1948,2708,3549,4285]
[0,983,1417,1948,3172,3618,4285]
[0,1977,2647,4285]
[0,1881,2708,3172,3618,4285]
[0,1034,1881,3172,4285]
[0,1417,1948,3172,3549,3801,4285]
[0,1034,1881,2708,3172,3618,4285]
[0,581,907,1977,3172,3618,3801,3993,4285]
[0,1034,2708,3172,4285]
[0,907,4285]
[0,581,1977,4285]
[0,429,1881,4285]
[0,1366,1977,3172,3618,4285]
[0,1417,1948,3172,3618,4285]
[0,1417,1948,3618,4285]
[0,429,1034,1881,4285]
[0,429,1034,1881,3993,4285]
[0,581,907,1977,3172,4285]
[0,429,983,1417,1948,2708,3172,3618,4160,4285]
[0,2708,3172,4285]
[0,907,2647,3172,4285]
[0,983,1417,1948,2708,3172,3618,4285]
[0,983,1417,1948,3172,3549,4285]
[0,429,1034,1881,2708,3172,3618,4285]
[0,2647,4285]
[0,1977,3172,4285]
[0,1881,2708,3172,4285]
[0,1977,3172,3618,4285]
[0,1842,3618,4285]
[0,907,2647,4285]
[0,814,1842,4285]
[0,1948,3172,3618,4285]
[0,2708,3172,3618,4285]
[0,3172,3549,4285]
[0,581,1977,2647,4285]
[0,3549,4285]
[0,1417,1948,3172,3549,4285]
[0,581,983,1417,1948,2708,3172,3549,4285]
[0,1034,2708,4285]
[0,907,1366,1977,3172,4285]
[0,581,1977,2647,3618,4285]
[0,581,1977,3172,3618,4285]
[0,429,983,1417,1948,3172,3618,4285]
[0,2708,4285]
[0,905,1980,4285]
[0,814,1842,3618,4285]
[0,1366,1977,4285]
[0,1980,3549,4285]
[0,1948,3172,4285]
[0,1366,1977,3172,4285]
[0,1366,3326,4285]
[0,1948,4285]
[0,581,907,1977,4285]
[0,983,1417,1948,2708,3549,4285]
[0,581,1977,3172,4285]
[0,905,1980,3549,4285]
[0,581,983,1417,1948,2708,3172,3549,3801,4285]
[0,581,983,1417,1948,3549,4285]
[0,581,983,1417,1948,3172,3549,3801,4285]
