[0,224,277,556,635,1046]
[0,77,457,556,770,844,1046]
[0,277,499,844,1046]
[0,254,844,1046]
[0,77,277,556,635,770,844,1046]
[0,635,1046]
[0,77,224,277,770,844,1046]
[0,254,770,844,1046]
[0,277,556,635,770,844,1046]
[0,224,277,720,770,844,1046]
[0,224,556,720,1046]
[0,224,277,770,844,1046]
[0,77,224,277,499,720,770,844,1046]
[0,77,844,1046]
[0,556,770,844,1046]
[0,770,844,1046]
[0,77,457,556,844,1046]
[0,277,556,844,1046]
[0,77,224,844,1046]
[0,77,505,720,770,1046]
[0,499,720,1046]
[0,77,457,844,1046]
[0,77,224,457,556,844,1046]
[0,77,224,457,770,844,1046]
[0,770,1046]
[0,77,224,457,556,1046]
[0,224,457,844,1046]
[0,457,556,844,1046]
[0,77,224,277,556,635,720,770,844,1046]
[0,224,277,720,770,1046]
[0,277,770,844,1046]
[0,556,720,770,1046]
[0,720,770,1046]
[0,77,224,1046]
[0,499,844,1046]
[0,844,1046]
[0,224,770,1046]
[0,277,556,635,770,1046]
[0,224,457,1046]
[0,277,635,770,1046]
[0,77,224,457,1046]
[0,277,499,770,844,1046]
[0,457,770,844,1046]
[0,77,224,277,556,635,770,844,1046]
[0,77,457,556,720,770,844,1046]
[0,224,277,556,635,770,844,1046]
[0,224,277,556,720,770,844,1046]
[0,77,1046]
[0,556,635,770,844,1046]
[0,224,277,556,770,844,1046]
[0,77,556,720,770,1046]
[0,457,556,1046]
[0,77,720,1046]
[0,277,720,770,1046]
[0,224,457,556,720,1046]
[0,277,556,1046]
[0,224,277,720,1046]
[0,635,770,1046]
[0,254,499,844,1046]
[0,77,224,457,556,720,770,844,1046]
[0,556,720,1046]
[0,77,224,770,844,1046]
[0,505,720,1046]
[0,77,224,457,844,1046]
[0,224,277,1046]
[0,499,770,844,1046]
[0,224,277,499,770,844,1046]
[0,262,556,1046]
[0,77,262,556,1046]
[0,457,556,770,844,1046]
[0,224,277,499,720,770,844,1046]
[0,77,770,844,1046]
[0,277,720,1046]
[0,224,457,556,844,1046]
[0,77,556,1046]
[0,720,1046]
[0,77,277,770,844,1046]
[0,77,224,457,556,770,844,1046]
[0,262,1046]
[0,556,635,1046]
[0,77,224,556,720,1046]
[0,77,277,499,844,1046]
[0,556,844,1046]
[0,254,499,1046]
[0,77,556,720,1046]
[0,277,499,1046]
[0,224,1046]
[0,499,720,770,844,1046]
[0,77,505,720,1046]
[0,277,1046]
[0,457,844,1046]
[0,77,720,770,1046]
[0,277,635,1046]
[0,224,277,556,635,770,1046]
[0,77,277,556,635,770,1046]
[0,277,844,1046]
[0,77,224,457,556,720,1046]
[0,77,277,556,844,1046]
[0,77,277,499,770,844,1046]
[0,556,1046]
[0,254,499,578,720,1046]
[0,254,499,720,1046]
[0,556,635,770,1046]
[0,254,499,770,844,1046]
[0,77,277,844,1046]
[0,254,1046]
[0,457,556,720,770,844,1046]
[0,77,457,770,844,1046]
[0,457,556,720,1046]
[0,224,277,844,1046]
[0,224,844,1046]
[0,77,224,277,556,720,770,844,1046]
[0,720,770,844,1046]
[0,556,720,770,844,1046]
[0,77,224,277,499,770,844,1046]
[0,277,556,635,1046]
[0,254,499,720,770,844,1046]
[0,277,556,770,844,1046]
[0,224,457,556,1046]
[0,77,254,499,720,1046]
[0,224,720,1046]
[0,77,224,277,556,770,844,1046]
[0,499,1046]
[0,77,277,556,770,844,1046]
[0,77,457,556,720,1046]
[0,77,254,499,578,720,1046]
[0,457,1046]
