[0,313,376,514,870,969]
[0,72,200,359,509,759,870,969]
[0,72,359,509,559,759,870,969]
[0,376,759,969]
[0,376,509,559,969]
[0,269,313,376,509,559,870,969]
[0,72,200,313,359,509,559,969]
[0,359,759,969]
[0,72,200,313,359,509,559,759,870,969]
[0,200,313,359,509,969]
[0,200,313,376,509,559,759,870,969]
[0,359,509,559,759,870,969]
[0,200,376,514,969]
[0,200,313,376,514,759,870,969]
[0,72,313,359,509,870,969]
[0,376,509,759,969]
[0,359,509,759,870,969]
[0,72,359,509,870,969]
[0,514,870,969]
[0,72,269,313,359,509,559,870,969]
[0,313,509,870,969]
[0,313,376,514,969]
[0,313,359,509,559,870,969]
[0,359,509,870,969]
[0,72,359,509,559,870,969]
[0,49,200,313,376,509,559,759,870,969]
[0,200,376,514,759,969]
[0,72,359,509,969]
[0,200,376,514,870,969]
[0,49,200,313,376,514,759,870,969]
[0,49,200,313,376,514,969]
[0,72,313,359,509,559,759,870,969]
[0,359,509,559,870,969]
[0,200,376,509,969]
[0,200,376,509,870,969]
[0,313,376,509,870,969]
[0,72,269,313,359,509,559,759,870,969]
[0,870,969]
[0,376,514,759,870,969]
[0,376,509,759,870,969]
[0,313,376,509,969]
[0,72,200,313,359,509,870,969]
[0,200,359,509,559,969]
[0,200,514,759,969]
[0,359,509,559,969]
[0,269,313,359,509,559,969]
[0,49,313,376,509,559,759,870,969]
[0,200,509,870,969]
[0,359,509,759,969]
[0,200,313,376,509,759,870,969]
[0,313,376,509,559,969]
[0,514,759,969]
[0,376,514,759,969]
[0,200,376,509,759,969]
[0,200,359,509,759,969]
[0,313,376,509,759,870,969]
[0,72,269,313,359,509,559,969]
[0,509,870,969]
[0,72,200,359,509,559,870,969]
[0,72,200,359,509,559,759,870,969]
[0,200,359,509,969]
[0,313,376,509,559,759,870,969]
[0,313,359,509,870,969]
[0,72,313,359,509,559,870,969]
[0,269,313,376,509,559,759,870,969]
[0,376,969]
[0,200,359,509,759,870,969]
[0,200,313,376,509,870,969]
[0,509,559,969]
[0,190,514,759,969]
[0,72,359,509,759,870,969]
[0,200,509,759,969]
[0,200,313,376,514,870,969]
[0,313,359,509,969]
[0,200,313,376,514,969]
[0,313,376,509,559,870,969]
[0,313,359,509,559,969]
[0,72,200,359,509,870,969]
[0,200,514,969]
[0,376,514,870,969]
[0,190,514,969]
[0,514,969]
[0,509,759,969]
[0,72,200,359,509,969]
[0,200,376,509,759,870,969]
[0,313,514,969]
[0,72,359,509,559,969]
[0,200,313,359,509,559,969]
[0,376,514,969]
[0,190,969]
[0,49,376,514,870,969]
[0,200,359,509,870,969]
[0,72,200,313,359,509,969]
[0,376,870,969]
[0,49,269,313,376,509,559,759,870,969]
[0,49,200,313,376,514,870,969]
[0,200,376,514,759,870,969]
[0,376,509,559,870,969]
[0,72,313,359,509,559,969]
[0,200,509,969]
[0,72,200,359,509,559,969]
[0,509,969]
[0,200,509,759,870,969]
[0,190,514,759,870,969]
[0,359,969]
[0,313,509,969]
[0,313,359,509,559,759,870,969]
[0,72,200,313,359,509,559,870,969]
[0,190,514,870,969]
[0,376,509,969]
[0,269,313,376,509,559,969]
[0,313,514,870,969]
[0,49,376,514,759,870,969]
[0,359,509,969]
[0,376,509,559,759,870,969]
[0,376,509,870,969]
