[0,184,1046]
[0,184,552,680,902,946,1046]
[0,679,1046]
[0,552,680,902,946,1046]
[0,184,552,1046]
[0,184,314,552,1046]
[0,552,680,1046]
[0,679,902,1046]
[0,680,902,1046]
[0,184,679,1046]
[0,552,902,1046]
[0,638,680,1046]
[0,184,314,552,680,902,946,1046]
[0,184,314,552,680,902,1046]
[0,184,680,902,1046]
[0,184,314,680,902,1046]
[0,184,552,680,1046]
[0,638,680,902,1046]
[0,638,902,1046]
[0,638,946,1046]
[0,42,184,552,680,902,946,1046]
[0,680,1046]
[0,42,552,680,1046]
[0,184,314,552,680,1046]
[0,638,1046]
[0,42,184,552,680,1046]
[0,638,902,946,1046]
[0,42,552,680,902,946,1046]
[0,42,184,314,552,680,902,946,1046]
[0,184,679,902,1046]
[0,184,552,680,902,1046]
[0,552,1046]
[0,184,680,1046]
[0,552,680,902,1046]
[0,638,680,902,946,1046]
