[0,125,336,618,926,969]
[0,125,243,336,541,874,969]
[0,336,549,618,700,969]
[0,125,336,549,618,700,969]
[0,125,243,336,549,618,700,969]
[0,125,243,336,549,969]
[0,125,336,549,618,876,969]
[0,341,541,969]
[0,125,243,336,549,618,876,969]
[0,57,336,401,618,721,926,969]
[0,618,969]
[0,336,541,618,721,969]
[0,125,243,336,549,618,700,876,969]
[0,125,336,541,618,721,969]
[0,336,401,549,618,700,969]
[0,125,243,336,401,549,618,700,876,926,969]
[0,125,336,401,549,618,876,926,969]
[0,57,336,401,541,618,721,926,969]
[0,125,336,541,874,969]
[0,336,401,549,618,876,969]
[0,721,969]
[0,125,336,549,700,876,969]
[0,336,401,874,969]
[0,336,541,721,969]
[0,57,336,401,541,618,969]
[0,125,336,541,721,874,969]
[0,336,874,969]
[0,336,401,541,618,721,969]
[0,125,336,401,541,618,874,926,969]
[0,336,700,969]
[0,125,243,336,401,541,618,721,926,969]
[0,336,549,876,969]
[0,125,243,336,401,541,618,721,874,926,969]
[0,125,243,336,549,700,969]
[0,341,659,969]
[0,125,243,336,541,618,721,874,969]
[0,336,541,969]
[0,336,618,969]
[0,336,401,618,721,969]
[0,341,618,899,969]
[0,125,336,401,549,618,700,926,969]
[0,125,336,401,541,618,721,926,969]
[0,57,336,401,618,721,969]
[0,125,243,336,401,549,618,700,969]
[0,125,336,969]
[0,401,969]
[0,125,336,541,721,969]
[0,125,336,401,549,618,876,969]
[0,125,336,401,618,700,969]
[0,336,401,541,969]
[0,336,401,549,618,969]
[0,336,541,874,969]
[0,125,336,700,969]
[0,125,336,618,700,969]
[0,125,336,401,549,618,969]
[0,700,969]
[0,618,721,969]
[0,125,243,336,401,549,618,876,926,969]
[0,57,341,618,899,969]
[0,125,336,549,618,969]
[0,57,341,541,969]
[0,336,401,541,618,874,926,969]
[0,336,401,721,969]
[0,341,969]
[0,125,243,336,401,549,618,700,876,969]
[0,57,341,541,926,969]
[0,125,336,401,618,700,926,969]
[0,541,969]
[0,125,243,336,541,618,874,969]
[0,336,401,549,969]
[0,336,549,618,876,969]
[0,57,969]
[0,336,541,618,969]
[0,336,549,969]
[0,57,336,401,541,618,721,969]
[0,401,721,969]
[0,125,243,336,401,541,618,721,874,969]
[0,401,618,721,969]
[0,125,969]
[0,336,401,969]
[0,341,618,969]
[0,336,969]
[0,125,336,401,541,618,874,969]
[0,57,336,401,969]
[0,125,243,336,401,549,618,700,926,969]
[0,125,336,549,969]
[0,336,401,541,874,969]
[0,125,243,336,401,541,618,721,969]
[0,336,401,541,874,926,969]
[0,341,899,969]
[0,336,618,926,969]
[0,125,243,336,541,721,969]
[0,57,341,899,969]
[0,57,899,969]
[0,125,336,401,700,969]
[0,549,969]
[0,899,969]
[0,336,549,700,969]
[0,659,969]
[0,336,401,549,618,876,926,969]
[0,125,243,336,549,876,969]
[0,125,336,541,618,874,969]
[0,125,336,549,876,969]
[0,336,401,541,618,969]
[0,125,243,336,541,969]
[0,125,243,336,541,618,721,969]
[0,336,549,618,969]
[0,336,541,618,874,969]
[0,125,243,336,401,541,618,874,969]
[0,125,336,401,549,618,700,969]
[0,125,243,336,401,549,618,876,969]
[0,125,336,549,700,969]
[0,125,336,401,969]
[0,336,401,874,926,969]
[0,125,243,336,541,721,874,969]
[0,57,336,401,721,969]
[0,874,969]
[0,336,721,969]
[0,125,336,401,541,618,721,969]
[0,125,243,336,549,700,876,969]
[0,336,401,541,618,874,969]
[0,125,243,336,401,541,618,874,926,969]
[0,125,336,541,969]
[0,125,336,618,969]
