[0,418,1186,1419]
[0,365,537,1134,1278,1346,1419]
[0,197,1278,1346,1419]
[0,197,433,562,1146,1278,1346,1419]
[0,454,878,1419]
[0,418,1146,1419]
[0,197,1278,1419]
[0,115,878,1278,1419]
[0,1134,1419]
[0,197,433,562,878,1146,1278,1419]
[0,308,878,1146,1419]
[0,197,433,562,1146,1278,1419]
[0,197,433,1278,1419]
[0,197,433,1146,1278,1419]
[0,308,878,1278,1419]
[0,197,878,1146,1278,1419]
[0,365,1134,1419]
[0,365,878,1134,1419]
[0,365,537,878,1134,1182,1278,1346,1419]
[0,418,562,1419]
[0,136,454,878,1186,1419]
[0,418,562,878,1146,1419]
[0,878,1419]
[0,308,1146,1278,1419]
[0,308,433,562,878,1146,1419]
[0,365,1419]
[0,287,878,1134,1182,1278,1346,1419]
[0,308,1146,1278,1346,1419]
[0,878,1134,1278,1419]
[0,1186,1419]
[0,365,878,1419]
[0,308,1278,1346,1419]
[0,308,562,1419]
[0,136,454,878,1146,1419]
[0,365,1134,1182,1278,1346,1419]
[0,433,1419]
[0,1278,1419]
[0,1134,1278,1419]
[0,878,1146,1419]
[0,308,878,1146,1278,1419]
[0,365,537,1134,1182,1278,1346,1419]
[0,287,878,1134,1278,1419]
[0,878,1278,1419]
[0,365,537,1134,1419]
[0,418,1182,1419]
[0,418,878,1419]
[0,197,1146,1278,1346,1419]
[0,454,878,1146,1339,1419]
[0,308,562,878,1278,1419]
[0,287,1134,1182,1278,1346,1419]
[0,197,878,1419]
[0,287,1278,1346,1419]
[0,418,878,1146,1419]
[0,365,1134,1278,1419]
[0,197,433,1419]
[0,308,878,1419]
[0,287,1278,1419]
[0,433,878,1419]
[0,454,878,1146,1419]
[0,454,1419]
[0,136,454,1186,1419]
[0,878,1134,1419]
[0,454,1186,1419]
[0,115,878,1134,1278,1419]
[0,287,1134,1278,1346,1419]
[0,365,537,878,1134,1419]
[0,197,878,1278,1419]
[0,308,1146,1419]
[0,365,537,1134,1278,1419]
[0,287,1134,1419]
[0,197,433,1146,1278,1346,1419]
[0,308,1278,1419]
[0,136,454,878,1146,1339,1419]
[0,308,878,1146,1278,1346,1419]
[0,308,1419]
[0,287,878,1134,1419]
[0,418,1419]
[0,308,562,878,1146,1278,1419]
[0,197,433,562,878,1146,1278,1346,1419]
[0,365,1134,1278,1346,1419]
[0,308,562,878,1419]
[0,287,878,1134,1278,1346,1419]
[0,365,537,1419]
[0,308,562,878,1146,1419]
[0,287,1134,1278,1419]
[0,365,537,878,1134,1278,1419]
[0,197,433,878,1278,1419]
[0,365,537,878,1134,1278,1346,1419]
[0,308,562,1278,1419]
[0,365,1278,1419]
[0,418,562,878,1419]
[0,454,878,1186,1419]
[0,197,1146,1278,1419]
[0,115,1278,1419]
[0,197,433,878,1146,1278,1419]
[0,365,537,878,1419]
[0,197,1419]
[0,287,1419]
[0,308,562,878,1146,1278,1346,1419]
[0,197,433,878,1419]
