[0,80,161,281,334,480,526,634,1002,1046]
[0,334,634,1046]
[0,334,480,634,827,1002,1046]
[0,334,480,827,1002,1046]
[0,161,480,1046]
[0,334,480,634,1046]
[0,80,334,480,634,827,1002,1046]
[0,480,526,634,1002,1046]
[0,334,480,1046]
[0,480,634,827,1046]
[0,80,281,334,480,1046]
[0,161,634,1046]
[0,80,161,334,480,526,634,1002,1046]
[0,161,334,480,526,634,1002,1046]
[0,80,334,480,634,827,1046]
[0,526,634,1046]
[0,334,480,827,1046]
[0,480,827,1046]
[0,161,334,480,1046]
[0,1002,1046]
[0,161,334,480,526,634,1046]
[0,161,334,634,1046]
[0,161,1046]
[0,634,1046]
[0,80,161,281,334,480,634,1046]
[0,480,1046]
[0,334,480,634,827,1046]
[0,80,161,334,480,1046]
[0,161,334,480,1002,1046]
[0,80,281,334,480,526,634,1046]
[0,480,526,634,1046]
[0,281,334,480,1046]
[0,334,480,526,634,1046]
[0,281,334,480,526,634,1046]
[0,80,281,334,480,634,1046]
[0,80,161,334,480,1002,1046]
[0,80,161,281,334,480,526,634,1046]
[0,334,480,526,634,1002,1046]
[0,480,1002,1046]
[0,80,161,334,480,526,634,1046]
[0,80,161,334,480,634,1046]
[0,480,526,1046]
[0,80,334,480,634,1046]
[0,161,334,480,634,1046]
[0,80,161,281,334,480,1046]
[0,161,1002,1046]
[0,281,334,480,634,1046]
[0,80,281,334,480,526,634,1002,1046]
[0,334,480,1002,1046]
[0,80,334,480,1046]
[0,480,634,1046]
[0,281,334,480,526,634,1002,1046]
