[0,985,1228,1809,2187,2732,2956]
[0,2651,2956]
[0,1207,1884,2956]
[0,985,2956]
[0,1150,1228,2956]
[0,1808,2956]
[0,985,1228,1809,2956]
[0,1150,1809,2187,2956]
[0,985,1228,1809,2187,2956]
[0,1228,2732,2956]
[0,985,1150,1228,2732,2956]
[0,1150,1809,2956]
[0,2732,2956]
[0,146,985,1150,1228,1809,2187,2732,2956]
[0,1150,1228,2732,2956]
[0,1150,1809,2651,2956]
[0,985,1228,1809,2651,2956]
[0,985,1228,2956]
[0,985,1809,2956]
[0,1150,1808,2956]
[0,985,1150,1228,1809,2732,2956]
[0,1884,2956]
[0,1228,2956]
[0,985,1228,1809,2732,2956]
[0,985,1809,2187,2956]
[0,985,1809,2187,2651,2956]
[0,146,985,1228,1809,2187,2732,2956]
[0,1113,1808,2956]
[0,1150,1808,2461,2956]
[0,1809,2956]
[0,985,1228,1809,2187,2651,2956]
[0,985,1228,2651,2956]
[0,985,1228,2732,2956]
[0,985,1809,2651,2956]
[0,1150,1809,2187,2651,2956]
[0,985,2651,2956]
[0,985,1150,1228,1809,2187,2732,2956]
