[0,172,293,474,731,945,1180]
[0,172,293,444,640,731,945,1113,1180]
[0,64,176,293,397,472,945,1180]
[0,293,731,945,1136,1180]
[0,293,472,1180]
[0,64,176,293,472,731,945,1000,1180]
[0,64,176,293,472,945,1000,1180]
[0,145,1000,1180]
[0,176,293,731,945,1180]
[0,176,293,397,472,1180]
[0,64,172,293,444,640,731,945,1180]
[0,945,1000,1180]
[0,176,293,397,472,731,945,1180]
[0,172,293,474,731,945,1000,1180]
[0,293,731,887,1180]
[0,176,945,1180]
[0,64,176,293,472,731,945,1180]
[0,172,293,640,731,945,1000,1180]
[0,172,293,397,474,731,945,1180]
[0,172,293,474,683,731,945,1000,1180]
[0,64,172,293,444,640,731,945,1000,1113,1180]
[0,176,293,731,945,1000,1180]
[0,172,293,731,945,1180]
[0,172,293,444,640,731,945,1000,1180]
[0,293,472,731,945,1180]
[0,64,176,293,640,731,945,1000,1180]
[0,397,731,945,1180]
[0,945,1180]
[0,64,172,293,397,474,683,731,945,1000,1113,1180]
[0,64,945,1180]
[0,64,172,293,731,887,1180]
[0,472,945,1180]
[0,64,176,293,472,1180]
[0,176,293,397,472,945,1180]
[0,64,293,731,945,1180]
[0,176,293,731,1180]
[0,731,1180]
[0,64,211,731,945,1180]
[0,172,293,472,731,887,1180]
[0,64,172,293,397,474,731,945,1000,1180]
[0,64,176,293,731,887,1180]
[0,172,293,731,945,1000,1180]
[0,64,176,293,640,731,945,1000,1136,1180]
[0,731,887,1180]
[0,176,1180]
[0,172,293,731,887,1180]
[0,172,293,1180]
[0,172,293,683,731,945,1000,1180]
[0,472,887,1180]
[0,176,293,472,683,731,945,1000,1180]
[0,64,176,293,472,683,731,945,1000,1180]
[0,64,172,293,731,945,1000,1180]
[0,731,945,1000,1180]
[0,64,172,293,397,474,731,945,1180]
[0,64,172,293,474,731,945,1180]
[0,172,293,444,640,731,945,1180]
[0,64,176,293,397,472,1180]
[0,64,176,293,397,472,683,731,945,1000,1180]
[0,64,176,293,472,945,1180]
[0,293,472,945,1180]
[0,64,176,293,640,731,945,1180]
[0,64,172,293,472,731,887,1180]
[0,293,444,731,945,1180]
[0,64,176,293,397,472,945,1000,1180]
[0,211,731,945,1180]
[0,64,172,293,731,945,1180]
[0,64,176,293,397,472,683,731,945,1000,1136,1180]
[0,64,176,293,731,945,1180]
[0,64,172,293,444,640,731,945,1000,1180]
[0,64,172,293,397,474,731,945,1113,1180]
[0,293,472,887,1180]
[0,172,293,640,731,945,1180]
[0,64,172,293,474,731,945,1000,1180]
[0,176,293,472,945,1180]
[0,176,293,472,1180]
[0,472,1180]
[0,731,945,1180]
[0,64,731,945,1180]
[0,1000,1180]
[0,293,731,1180]
[0,176,293,472,731,945,1180]
[0,172,293,397,474,731,945,1113,1180]
[0,64,176,293,397,472,731,945,1000,1180]
[0,176,293,683,731,945,1000,1180]
[0,64,176,293,731,945,1000,1180]
[0,64,293,731,945,1136,1180]
[0,64,172,293,474,683,731,945,1000,1180]
[0,172,1180]
[0,176,293,1180]
[0,176,293,731,887,1180]
[0,64,172,293,397,474,731,945,1000,1113,1180]
[0,176,293,472,731,945,1000,1180]
[0,172,293,444,731,945,1180]
[0,397,731,1180]
[0,64,1180]
[0,64,176,293,397,472,731,945,1180]
[0,176,293,640,731,945,1180]
[0,64,172,293,444,640,731,945,1113,1180]
[0,64,172,293,397,474,683,731,945,1000,1180]
[0,293,731,945,1000,1180]
[0,145,1180]
[0,293,474,731,945,1180]
[0,176,293,472,945,1000,1180]
[0,293,472,731,887,1180]
[0,172,293,731,1180]
[0,293,731,945,1180]
