[0,305,1412,2812]
[0,305,1150,1412,1935,2812]
[0,305,1150,1412,1846,1935,2812]
[0,1150,2812]
[0,1150,1412,1454,1935,2812]
[0,1454,2812]
[0,1412,1454,2812]
[0,1412,2812]
[0,305,2812]
[0,1150,1412,1454,1846,1935,2812]
[0,305,1412,1935,2812]
[0,305,1935,2812]
[0,305,1150,1412,1454,1846,1935,2812]
[0,1453,1935,2812]
[0,1150,1412,1454,2812]
[0,305,1037,1412,1935,2812]
[0,305,1037,1412,1935,2600,2812]
[0,305,1053,1453,1935,2655,2812]
[0,1150,1412,1846,1935,2812]
[0,305,1150,1412,1454,2812]
[0,305,1150,1412,1454,1935,2812]
[0,1037,1412,1935,2812]
[0,1412,1935,2812]
[0,305,1150,1453,1935,2812]
[0,1935,2812]
[0,305,1053,1453,1935,2812]
[0,1150,1412,2812]
[0,1150,1412,1935,2812]
[0,305,1150,1412,2812]
[0,305,1150,1453,1935,2655,2812]
[0,1053,1453,1935,2812]
[0,305,1453,1935,2812]
