[0,398,860,1046]
[0,252,355,1046]
[0,180,252,355,398,994,1046]
[0,398,994,1046]
[0,180,252,355,1046]
[0,252,1046]
[0,180,252,398,451,691,791,860,1046]
[0,180,252,398,691,791,1046]
[0,791,1046]
[0,398,860,994,1046]
[0,180,252,398,451,860,994,1046]
[0,180,252,398,451,1046]
[0,180,252,691,791,1046]
[0,180,252,398,451,860,1046]
[0,398,837,1046]
[0,180,252,398,451,791,860,994,1046]
[0,252,398,846,1046]
[0,180,252,398,691,1046]
[0,180,252,398,860,994,1046]
[0,180,252,398,451,691,791,1046]
[0,252,691,1046]
[0,180,252,398,1046]
[0,252,860,1046]
[0,180,252,355,398,860,994,1046]
[0,180,252,398,451,837,994,1046]
[0,180,252,355,398,451,791,860,994,1046]
[0,180,252,691,791,860,1046]
[0,398,691,1046]
[0,180,252,355,994,1046]
[0,180,252,398,451,691,791,860,994,1046]
[0,180,252,837,994,1046]
[0,180,252,860,994,1046]
[0,180,252,1046]
[0,252,691,791,1046]
[0,180,252,398,691,860,1046]
[0,180,252,791,1046]
[0,398,1046]
[0,180,252,398,837,1046]
[0,994,1046]
[0,252,791,1046]
[0,180,398,860,1046]
[0,180,398,691,791,1046]
[0,252,837,1046]
[0,180,398,791,1046]
[0,837,1046]
[0,398,791,1046]
[0,398,846,1046]
[0,398,837,994,1046]
[0,180,252,398,691,791,860,1046]
[0,180,398,837,1046]
[0,180,252,691,1046]
[0,180,252,398,860,1046]
[0,252,398,1046]
[0,180,252,398,451,791,1046]
[0,180,252,398,691,860,994,1046]
[0,398,691,791,1046]
[0,180,398,1046]
[0,180,252,355,398,451,691,791,860,994,1046]
[0,180,252,791,860,1046]
[0,180,252,860,1046]
[0,691,1046]
[0,180,398,691,860,1046]
[0,180,398,691,1046]
[0,252,994,1046]
[0,180,252,398,451,837,1046]
[0,180,252,398,791,860,1046]
[0,837,994,1046]
[0,180,252,994,1046]
[0,180,252,398,451,791,860,1046]
[0,180,252,398,791,1046]
[0,180,252,355,398,451,860,994,1046]
[0,180,252,398,837,994,1046]
[0,180,252,837,1046]
