[0,857,1120,1970,2019]
[0,1429,1605,2019]
[0,120,1014,1120,1429,1605,2019]
[0,120,857,1120,1429,1970,2019]
[0,1014,1120,1429,2019]
[0,120,1120,1429,1970,2019]
[0,855,1127,2019]
[0,855,1120,1465,2019]
[0,120,2019]
[0,855,1120,2019]
[0,1465,2019]
[0,120,857,1120,1429,1605,1970,2019]
[0,120,855,1120,2019]
[0,857,1429,1605,2019]
[0,120,857,1127,1429,1605,1970,2019]
[0,120,748,857,1127,1429,1605,1970,2019]
[0,120,748,857,1014,1120,1429,1605,2019]
[0,120,1429,2019]
[0,120,1120,1465,1970,2019]
[0,855,1120,1429,2019]
[0,855,1120,1429,1605,2019]
[0,120,748,857,1120,1429,1605,2019]
[0,855,2019]
[0,120,1120,1465,2019]
[0,120,857,1120,2019]
[0,1014,1120,2019]
[0,120,855,1120,1429,1605,2019]
[0,857,1120,1429,1605,2019]
[0,120,1970,2019]
[0,120,748,857,1014,1120,1429,1605,1970,2019]
[0,1120,1429,2019]
[0,857,1120,1429,1970,2019]
[0,120,855,1120,1970,2019]
[0,857,2019]
[0,120,857,1127,1429,1605,2019]
[0,857,1429,2019]
[0,855,1127,1429,2019]
[0,1429,2019]
[0,855,1465,2019]
[0,857,1605,2019]
[0,120,857,1120,1429,2019]
[0,120,1429,1605,2019]
[0,855,1127,1429,1605,1970,2019]
[0,120,1429,1970,2019]
[0,120,855,1120,1429,1605,1970,2019]
[0,855,1120,1970,2019]
[0,855,1127,1429,1605,2019]
[0,120,855,1127,1429,1605,1970,2019]
[0,120,855,1120,1465,1970,2019]
[0,120,1014,1120,1429,1605,1970,2019]
[0,120,1120,1429,2019]
[0,855,1120,1429,1605,1970,2019]
[0,1014,1120,1429,1605,2019]
[0,120,1120,1429,1605,2019]
[0,120,857,1014,1120,1429,1605,2019]
[0,857,1127,2019]
[0,120,1465,1970,2019]
[0,855,1429,2019]
[0,857,1120,2019]
[0,857,1127,1429,2019]
[0,120,1465,2019]
[0,120,857,1120,1429,1605,2019]
[0,120,855,1127,1429,1605,2019]
[0,120,748,857,1127,1429,1605,2019]
[0,120,857,1014,1120,1429,1605,1970,2019]
[0,1120,1429,1605,2019]
[0,1120,1465,2019]
[0,120,855,1120,1465,2019]
[0,1127,1429,2019]
[0,120,748,857,1120,1429,1605,1970,2019]
[0,857,1127,1429,1605,2019]
[0,857,1120,1429,2019]
[0,1014,2019]
