[0,453,1496,2824]
[0,628,878,1341,2022,2450,2824]
[0,2632,2824]
[0,878,1496,2450,2824]
[0,453,909,1496,2742,2824]
[0,909,1496,1742,2742,2824]
[0,909,2742,2824]
[0,1496,2824]
[0,909,2022,2450,2824]
[0,306,453,628,909,1342,2022,2450,2742,2824]
[0,909,1496,2824]
[0,878,1496,2824]
[0,2022,2450,2824]
[0,628,878,1496,2450,2824]
[0,1496,2742,2824]
[0,306,1496,2450,2824]
[0,1341,1496,2450,2824]
[0,628,909,2450,2824]
[0,909,1496,1742,2824]
[0,453,628,909,1342,1496,2022,2450,2824]
[0,878,1341,2022,2824]
[0,453,628,878,1341,1496,2450,2824]
[0,453,909,1496,2824]
[0,1742,2824]
[0,306,909,2450,2824]
[0,878,1742,2824]
[0,306,453,2450,2742,2824]
[0,306,453,628,909,1496,2450,2824]
[0,878,2022,2450,2824]
[0,306,453,2824]
[0,628,878,1742,2450,2824]
[0,2450,2824]
[0,1342,1496,2450,2824]
[0,306,453,628,2022,2450,2742,2824]
[0,453,2450,2824]
[0,878,1341,2824]
[0,909,1496,2450,2824]
[0,628,909,1342,2022,2450,2824]
[0,306,453,628,909,2450,2824]
[0,453,628,909,2022,2450,2824]
[0,628,878,2022,2450,2824]
[0,453,2742,2824]
[0,909,2450,2824]
[0,453,628,878,1496,2450,2824]
[0,909,2824]
[0,306,453,1496,2450,2824]
[0,453,628,909,2450,2824]
[0,628,909,2022,2450,2824]
[0,2687,2824]
[0,306,453,628,878,2450,2824]
[0,453,2824]
[0,306,453,628,878,1341,1496,2450,2824]
[0,453,2022,2824]
[0,306,878,2450,2824]
[0,453,1496,2742,2824]
[0,306,453,628,909,2022,2450,2824]
[0,306,2022,2450,2824]
[0,628,878,2450,2824]
[0,306,453,628,878,1341,1496,2022,2450,2824]
[0,1496,2687,2824]
[0,2022,2824]
[0,878,1341,1496,2450,2824]
[0,878,2022,2824]
[0,909,2022,2824]
[0,306,453,1742,2450,2824]
[0,878,1742,2450,2824]
[0,909,1342,2824]
[0,1742,2687,2824]
[0,453,628,878,2450,2824]
[0,306,453,2022,2450,2824]
[0,453,2022,2450,2824]
[0,909,1342,1496,2450,2824]
[0,306,453,628,909,1342,1496,2450,2824]
[0,453,628,909,1496,2450,2824]
[0,306,453,628,878,1341,2022,2450,2824]
[0,306,453,1496,2450,2742,2824]
[0,306,453,628,878,1496,2450,2824]
[0,453,628,878,1341,2022,2450,2824]
[0,306,453,628,2022,2450,2824]
[0,453,628,909,1342,1496,2450,2824]
[0,306,453,2450,2824]
[0,306,453,628,909,1342,1496,2450,2742,2824]
[0,306,453,628,909,2450,2742,2824]
[0,306,453,628,878,1742,2450,2824]
[0,453,628,878,1742,2450,2824]
[0,453,628,878,1341,1496,2022,2450,2824]
[0,306,453,2022,2450,2742,2824]
[0,453,628,878,2022,2450,2824]
[0,453,628,909,1342,2022,2450,2824]
[0,909,1342,2022,2824]
[0,306,453,628,909,1342,1496,2022,2450,2742,2824]
[0,628,878,1341,1496,2450,2824]
[0,306,453,628,909,1342,1496,2022,2450,2824]
[0,306,453,628,909,2022,2450,2742,2824]
[0,878,2450,2824]
[0,909,1342,2022,2450,2824]
[0,306,453,909,2450,2824]
[0,878,1341,2022,2450,2824]
[0,453,628,2022,2450,2824]
[0,628,909,1342,1496,2450,2824]
[0,306,453,628,909,1496,2450,2742,2824]
[0,306,453,628,878,2022,2450,2824]
[0,306,1742,2450,2824]
[0,1496,2450,2824]
[0,306,453,878,2450,2824]
[0,878,2824]
[0,628,909,1496,2450,2824]
[0,306,453,628,909,1342,2022,2450,2824]
[0,1742,2450,2824]
[0,1496,2450,2742,2824]
[0,909,1496,2742,2824]
