[0,455,924,1538,1810]
[0,638,924,1418,1625,1810]
[0,167,638,1810]
[0,167,552,1144,1418,1810]
[0,212,562,1810]
[0,167,511,1418,1810]
[0,167,552,1538,1810]
[0,167,552,1810]
[0,167,552,924,1091,1538,1810]
[0,638,1538,1810]
[0,167,455,1810]
[0,167,455,1538,1810]
[0,552,924,1810]
[0,552,1538,1810]
[0,511,1810]
[0,638,924,1810]
[0,167,638,1418,1810]
[0,167,511,1810]
[0,421,638,1144,1418,1810]
[0,167,455,924,1418,1810]
[0,638,924,1091,1538,1810]
[0,167,455,780,924,1538,1810]
[0,638,924,1538,1810]
[0,638,1810]
[0,511,924,1810]
[0,638,1144,1418,1810]
[0,167,638,924,1538,1810]
[0,638,924,1091,1418,1625,1810]
[0,511,1144,1418,1810]
[0,924,1810]
[0,1538,1810]
[0,552,1810]
[0,167,511,1144,1418,1810]
[0,455,638,924,1418,1625,1810]
[0,455,1418,1810]
[0,455,1810]
[0,552,1144,1418,1810]
[0,511,924,1418,1810]
[0,455,924,1418,1810]
[0,167,552,924,1538,1810]
[0,167,455,638,924,1418,1810]
[0,455,638,924,1091,1418,1625,1810]
[0,167,421,638,747,1144,1418,1810]
[0,167,455,638,924,1091,1418,1625,1810]
[0,455,638,924,1418,1810]
[0,552,924,1091,1538,1810]
[0,552,1418,1810]
[0,167,455,924,1091,1538,1810]
[0,212,562,1144,1418,1810]
[0,167,455,924,1538,1810]
[0,638,924,1418,1810]
[0,167,638,1538,1810]
[0,562,1810]
[0,212,562,1418,1810]
[0,562,1144,1418,1810]
[0,1418,1810]
[0,278,638,1418,1810]
[0,638,1418,1810]
[0,167,552,1418,1810]
[0,167,638,924,1091,1538,1810]
[0,167,455,1418,1810]
[0,455,924,1810]
[0,455,1538,1810]
[0,552,924,1538,1810]
[0,167,455,780,924,1091,1538,1810]
[0,455,924,1091,1538,1810]
[0,167,638,1144,1418,1810]
[0,167,455,638,924,1418,1625,1810]
[0,167,638,924,1418,1810]
[0,167,421,638,1144,1418,1810]
[0,511,1418,1810]
[0,562,1418,1810]
