[0,161,1776,2824]
[0,161,1495,1585,2824]
[0,1776,2824]
[0,161,770,2824]
[0,161,770,1495,1585,2824]
[0,770,1495,2824]
[0,838,2824]
[0,1585,2824]
[0,82,161,770,1585,2824]
[0,161,770,1585,2824]
[0,82,161,1585,2824]
[0,82,161,770,838,2824]
[0,770,1585,2824]
[0,1495,2824]
[0,82,161,1495,1585,2824]
[0,161,2824]
[0,82,161,1776,2824]
[0,161,770,1776,2824]
[0,82,161,770,838,1495,1585,2824]
[0,82,161,770,838,1585,2824]
[0,161,1585,2824]
[0,770,1776,2824]
[0,82,161,770,1495,1585,2824]
[0,82,161,770,2824]
[0,161,770,838,2824]
[0,82,161,2824]
[0,82,161,770,1776,2824]
[0,770,2824]
[0,161,770,1495,2824]
[0,770,838,2824]
