[0,1011,2068,4758]
[0,1011,1533,3902,4670,4758]
[0,1011,2167,4758]
[0,1910,4758]
[0,1011,1533,2167,2416,3902,4670,4758]
[0,1011,2284,3366,4758]
[0,1011,1533,4758]
[0,988,1910,3366,4670,4758]
[0,1011,1533,2167,4245,4758]
[0,1011,2167,2416,4670,4758]
[0,4670,4758]
[0,1011,2167,2416,3902,4758]
[0,1011,2167,4670,4758]
[0,1011,2167,3902,4758]
[0,1011,1533,2167,2416,4245,4758]
[0,2068,4670,4758]
[0,1011,1533,4245,4670,4758]
[0,1011,2284,3366,4670,4758]
[0,1011,1533,2167,2416,4758]
[0,1011,1533,3902,4758]
[0,988,1910,3366,4758]
[0,2284,4758]
[0,1011,2167,2416,4758]
[0,1011,1533,4245,4758]
[0,2284,3366,4758]
[0,704,2068,3902,4670,4758]
[0,1011,1533,2167,2416,4245,4670,4758]
[0,1011,1533,4670,4758]
[0,1533,3902,4758]
[0,2068,4758]
[0,2167,4758]
[0,1533,4758]
[0,1011,1533,2068,4758]
[0,1011,1533,2068,3902,4670,4758]
[0,1011,1533,2167,4758]
[0,1011,2284,4670,4758]
[0,988,1910,4670,4758]
[0,1011,4758]
[0,1471,4758]
[0,1910,3366,4758]
[0,704,2068,4670,4758]
[0,704,2068,3902,4758]
[0,1011,2284,4758]
[0,1011,2167,2416,3902,4670,4758]
[0,1011,1533,2068,3902,4758]
[0,1011,4670,4758]
[0,1011,2068,3902,4758]
[0,1011,1533,2167,2416,4670,4758]
[0,704,2068,4758]
[0,1011,1533,2167,2416,3902,4758]
[0,988,1910,4758]
[0,1011,1533,2167,4670,4758]
[0,1011,1533,2167,3902,4758]
[0,1011,1533,2167,4245,4670,4758]
[0,2068,3902,4758]
