[0,1069,2019]
[0,1474,2019]
[0,737,1159,1474,2019]
[0,806,1209,1765,2019]
[0,273,737,1159,1474,2019]
[0,124,806,1159,1474,2019]
[0,1159,2019]
[0,212,806,1209,1765,2019]
[0,124,273,861,1159,1351,1633,1733,2019]
[0,124,273,861,1159,1351,1633,1733,1967,2019]
[0,124,273,861,1159,1351,2019]
[0,124,861,1159,1351,2019]
[0,124,273,861,1159,1474,2019]
[0,737,1159,2019]
[0,861,1159,1336,2019]
[0,273,861,1159,1733,2019]
[0,124,861,1159,1474,2019]
[0,124,861,1159,1336,2019]
[0,124,273,737,1159,1474,1698,2019]
[0,212,1069,2019]
[0,212,2019]
[0,806,1159,1474,2019]
[0,806,1159,2019]
[0,806,1159,1474,1767,2019]
[0,273,861,1159,1474,1698,2019]
[0,861,1159,1351,2019]
[0,1159,1336,2019]
[0,124,273,737,1159,1633,1698,2019]
[0,124,273,861,1159,1351,1733,2019]
[0,861,1474,2019]
[0,806,2019]
[0,273,861,1159,1336,2019]
[0,861,2019]
[0,124,737,1159,1633,2019]
[0,861,1159,1474,1698,2019]
[0,273,2019]
[0,124,273,861,1159,1474,1698,1967,2019]
[0,806,1209,2019]
[0,124,273,737,1159,1633,2019]
[0,861,1159,1474,2019]
[0,273,1159,2019]
[0,1159,1351,2019]
[0,124,273,861,1159,1474,1967,2019]
[0,861,1159,2019]
[0,861,1159,1351,1733,2019]
[0,124,273,861,1159,1474,1698,2019]
[0,1336,2019]
[0,273,737,1159,1474,1698,2019]
[0,124,273,806,1159,1474,2019]
[0,1159,1474,2019]
[0,124,737,1159,1474,2019]
[0,124,273,737,1159,1474,1633,1698,2019]
[0,737,2019]
[0,737,1159,1474,1698,2019]
[0,737,1159,1633,2019]
[0,1351,2019]
[0,273,737,1159,1633,2019]
[0,273,806,1159,1474,2019]
[0,273,861,1159,2019]
[0,273,861,1159,1351,2019]
[0,861,1159,1733,2019]
[0,124,273,737,1159,1474,2019]
[0,806,1765,2019]
[0,124,273,861,1159,1336,2019]
[0,273,861,1159,1474,2019]
[0,212,806,1159,1474,1767,2019]
[0,273,861,1159,1351,1733,2019]
