[0,422,571,732,871,1046]
[0,49,193,544,732,1046]
[0,193,544,1046]
[0,732,871,981,1046]
[0,544,611,732,814,871,981,1046]
[0,49,544,611,871,1046]
[0,732,1046]
[0,544,732,1046]
[0,49,544,611,732,871,981,1046]
[0,49,349,544,611,732,814,871,981,1046]
[0,49,544,732,871,981,1046]
[0,385,544,611,732,871,981,1046]
[0,571,732,871,981,1046]
[0,571,732,1046]
[0,49,193,544,732,981,1046]
[0,422,571,732,871,981,1046]
[0,385,544,732,1046]
[0,349,544,732,1046]
[0,544,611,871,981,1046]
[0,385,544,611,732,871,1046]
[0,571,732,871,1046]
[0,385,544,611,871,1046]
[0,933,1046]
[0,611,871,1046]
[0,544,732,871,981,1046]
[0,49,571,732,871,1046]
[0,49,571,732,1046]
[0,349,544,1046]
[0,349,611,871,1046]
[0,732,933,1046]
[0,385,544,611,732,814,871,981,1046]
[0,349,544,611,871,1046]
[0,49,544,611,732,814,871,981,1046]
[0,385,611,871,1046]
[0,49,544,611,1046]
[0,193,1046]
[0,385,544,611,871,981,1046]
[0,349,1046]
[0,49,422,571,732,871,981,1046]
[0,385,611,1046]
[0,544,611,1046]
[0,732,871,1046]
[0,193,544,732,981,1046]
[0,49,385,544,611,732,814,871,981,1046]
[0,611,1046]
[0,544,611,871,1046]
[0,544,611,732,871,981,1046]
[0,49,933,1046]
[0,49,1046]
[0,49,571,732,871,981,1046]
[0,49,544,732,871,1046]
[0,349,544,611,732,871,981,1046]
[0,349,611,1046]
[0,49,544,611,871,981,1046]
[0,349,544,611,732,871,1046]
[0,349,544,611,1046]
[0,49,732,1046]
[0,571,732,933,1046]
[0,544,1046]
[0,422,571,732,1046]
[0,349,544,732,871,1046]
[0,49,349,544,611,732,871,981,1046]
[0,544,732,871,1046]
[0,49,571,732,933,1046]
[0,193,544,732,1046]
[0,349,544,611,871,981,1046]
[0,544,611,732,871,1046]
[0,49,544,981,1046]
[0,385,544,732,871,1046]
[0,49,544,732,1046]
[0,981,1046]
[0,49,544,1046]
[0,544,981,1046]
[0,349,544,611,732,814,871,981,1046]
