[0,455,629,1008,1119,1471,1814,2189]
[0,803,1471,2189]
[0,455,629,803,1119,1471,1814,2064,2189]
[0,455,629,1119,1814,2189]
[0,1471,1814,2189]
[0,455,629,1119,2189]
[0,629,2189]
[0,455,629,1008,1119,1814,2189]
[0,455,629,803,1471,1814,2189]
[0,455,629,1008,1119,1471,1814,2064,2189]
[0,455,1471,2189]
[0,455,1119,2189]
[0,455,629,1471,1814,2064,2189]
[0,455,1119,1471,2189]
[0,455,1008,1119,2189]
[0,455,629,1008,1471,1814,2064,2189]
[0,1119,2189]
[0,455,629,1471,1814,2189]
[0,1008,1119,2189]
[0,1008,1471,2189]
[0,455,629,1008,1119,2189]
[0,455,1119,1814,2189]
[0,455,1008,1471,2189]
[0,803,1119,1471,1814,2189]
[0,629,803,1471,1814,2189]
[0,455,629,1008,1471,1814,2189]
[0,1471,2189]
[0,455,629,803,1119,1471,1814,2189]
[0,455,1471,1814,2189]
[0,455,629,2189]
[0,455,629,803,1471,1814,2064,2189]
[0,455,1008,1471,1814,2189]
[0,455,1119,1471,1814,2189]
[0,629,803,1119,1471,1814,2189]
[0,803,1471,1814,2189]
