[0,263,564,994,1315,1975,2406,2554]
[0,564,994,1315,1975,2554]
[0,548,994,1062,1315,2554]
[0,564,1062,1230,1705,1975,2554]
[0,1975,2554]
[0,548,994,1315,1975,2554]
[0,263,564,1315,1975,2554]
[0,1315,1975,2554]
[0,564,2554]
[0,564,1705,1975,2554]
[0,564,1705,1975,2406,2554]
[0,949,2554]
[0,345,994,2554]
[0,548,1315,1428,1975,2554]
[0,994,1569,1975,2554]
[0,345,989,1315,2554]
[0,564,1230,1705,1975,2554]
[0,345,994,1569,1975,2406,2554]
[0,564,1705,2554]
[0,994,1569,2554]
[0,548,994,1315,1428,1975,2554]
[0,345,989,1315,1975,2406,2554]
[0,564,1230,1705,2554]
[0,345,1975,2406,2554]
[0,548,1705,1975,2554]
[0,263,564,994,1315,1975,2554]
[0,548,2554]
[0,345,994,1569,1975,2554]
[0,548,1315,1975,2554]
[0,345,1315,1975,2554]
[0,564,1230,1705,1975,2406,2554]
[0,548,1315,1613,1705,1975,2554]
[0,345,989,2554]
[0,345,1975,2554]
[0,548,1705,2554]
[0,564,994,1315,1975,2406,2554]
[0,345,2554]
[0,548,1613,1705,2554]
[0,564,1315,1975,2554]
[0,548,994,1062,1315,1428,2554]
[0,1569,1975,2554]
[0,548,1315,1705,1975,2554]
[0,548,994,1315,1428,2554]
[0,548,1613,1705,1975,2554]
[0,345,2406,2554]
[0,564,1062,1230,1705,1975,2406,2554]
[0,564,1315,2554]
[0,994,2554]
[0,548,994,1315,2554]
[0,345,1315,1975,2406,2554]
[0,263,564,1315,1975,2406,2554]
[0,345,1569,1975,2406,2554]
[0,548,1062,2554]
[0,548,994,1062,1315,1428,1975,2554]
[0,548,1315,2554]
[0,1705,2554]
[0,564,1315,1975,2406,2554]
[0,345,1569,1975,2554]
[0,345,989,1315,1975,2554]
[0,1315,2554]
[0,548,994,1062,2554]
[0,548,1315,1428,2554]
[0,989,2554]
