[0,831,1775,2759]
[0,920,1558,2759]
[0,1812,2366,2759]
[0,349,1812,2366,2759]
[0,1330,1775,2385,2759]
[0,349,831,1775,2136,2759]
[0,460,800,1884,2136,2759]
[0,460,1895,2759]
[0,460,800,978,1584,1884,2136,2385,2759]
[0,460,800,1884,2759]
[0,460,1558,2759]
[0,1775,2385,2759]
[0,978,1775,2385,2759]
[0,1775,2136,2759]
[0,349,1775,2385,2759]
[0,349,831,1330,1775,1843,2136,2385,2759]
[0,349,1775,2136,2759]
[0,349,831,1330,1775,2385,2759]
[0,1884,2136,2759]
[0,831,978,1775,2759]
[0,1558,2366,2759]
[0,349,978,1775,2385,2759]
[0,460,800,1584,1884,2759]
[0,349,1558,2366,2759]
[0,920,1558,2366,2759]
[0,460,1884,2136,2759]
[0,349,831,978,1775,2385,2759]
[0,831,1775,2385,2759]
[0,460,800,978,1884,2136,2385,2759]
[0,1843,2385,2759]
[0,460,800,1584,1884,2136,2759]
[0,460,1558,2366,2759]
[0,349,1843,2385,2759]
[0,460,800,978,1584,1775,1884,2136,2385,2759]
[0,1781,2366,2759]
[0,460,1895,2385,2759]
[0,1812,2759]
[0,978,1775,2759]
[0,831,1330,1775,2385,2759]
[0,349,831,978,1775,1843,2385,2759]
[0,460,800,978,1775,1884,2136,2385,2759]
[0,831,978,1775,2385,2759]
[0,1330,1775,2136,2759]
[0,831,1843,2385,2759]
[0,1884,2759]
[0,1895,2759]
[0,831,1330,1775,2136,2759]
[0,349,920,1558,1843,2366,2759]
[0,460,1884,2759]
[0,460,1884,2136,2385,2759]
[0,1558,2759]
[0,349,831,1843,2385,2759]
[0,349,1558,2759]
[0,349,831,1330,1775,2136,2759]
[0,1330,1775,2759]
[0,1775,2759]
[0,349,920,1558,2366,2759]
[0,460,800,1884,2136,2385,2759]
[0,1895,2385,2759]
[0,349,831,1330,1775,2136,2385,2759]
[0,831,1775,2136,2759]
[0,349,831,1330,1775,1843,2385,2759]
[0,1843,2759]
[0,349,831,1775,2385,2759]
[0,460,800,1584,1884,2136,2385,2759]
[0,460,800,978,1884,2136,2759]
[0,831,1843,2759]
[0,1781,2759]
[0,831,1330,1775,2759]
