[0,541,1098,2759]
[0,541,1098,1413,1639,1776,2032,2398,2759]
[0,541,1098,1413,2032,2759]
[0,541,1098,1776,2398,2759]
[0,541,1098,1413,1776,2759]
[0,1098,1474,2032,2759]
[0,541,1098,1413,1776,2398,2566,2759]
[0,82,541,1098,1413,2032,2759]
[0,765,1098,1474,2032,2759]
[0,541,1098,2032,2398,2759]
[0,82,765,1098,1474,2032,2759]
[0,1098,2759]
[0,82,541,1098,1413,2032,2398,2566,2759]
[0,82,541,1098,1413,1640,1776,2398,2759]
[0,765,1098,2032,2759]
[0,82,541,1098,1413,2032,2398,2759]
[0,1098,2032,2759]
[0,1098,1413,2032,2398,2759]
[0,82,541,1098,1413,1639,1776,2398,2759]
[0,541,1098,1413,1776,2032,2398,2566,2759]
[0,1776,2759]
[0,541,1098,1413,2032,2398,2759]
[0,2108,2759]
[0,541,1098,1413,1640,1776,2032,2398,2566,2759]
[0,541,1098,1413,1640,1776,2398,2759]
[0,82,541,1098,1413,1640,1776,2032,2398,2566,2759]
[0,1098,2032,2398,2759]
[0,1375,2759]
[0,1639,2759]
[0,541,1098,1413,2032,2398,2566,2759]
[0,1098,1413,2759]
[0,541,1098,1639,1776,2759]
[0,1098,1776,2759]
[0,541,1098,1413,1639,1776,2398,2759]
[0,541,1098,2032,2759]
[0,541,1098,1639,1776,2398,2759]
[0,541,1098,1413,1640,1776,2398,2566,2759]
[0,82,765,1098,1413,2032,2759]
[0,82,541,1098,1413,1640,1776,2398,2566,2759]
[0,765,1098,2032,2398,2759]
[0,765,1098,2759]
[0,765,1375,1639,2759]
[0,2032,2398,2759]
[0,1098,1413,2032,2759]
[0,541,1098,1413,1776,2032,2398,2759]
[0,2032,2759]
[0,541,1098,1413,1776,2398,2759]
[0,765,1375,2759]
[0,765,1098,1413,2032,2398,2759]
[0,82,541,1098,1413,1639,1776,2032,2398,2759]
[0,765,1098,1413,2032,2759]
[0,766,1639,2759]
[0,541,1098,1776,2759]
[0,541,1098,1413,2759]
