[0,45,404,647,799,974,1171,1373,1583,1651]
[0,45,129,404,647,799,974,1171,1373,1583,1651]
[0,404,647,799,974,1171,1373,1651]
[0,799,974,1202,1651]
[0,1583,1651]
[0,404,799,974,1202,1373,1651]
[0,404,647,799,986,1324,1583,1651]
[0,129,404,647,799,974,1171,1373,1583,1651]
[0,45,97,404,647,799,1373,1651]
[0,404,647,799,974,1202,1373,1583,1651]
[0,404,811,1302,1583,1651]
[0,45,799,1373,1651]
[0,45,799,1373,1583,1651]
[0,799,1651]
[0,45,404,647,799,1373,1583,1651]
[0,404,647,799,974,1373,1583,1651]
[0,45,404,647,799,974,1373,1583,1651]
[0,404,647,799,986,1651]
[0,404,647,799,1324,1583,1651]
[0,404,811,1651]
[0,404,799,1324,1651]
[0,404,799,974,1373,1651]
[0,404,647,799,1651]
[0,97,404,647,799,1373,1583,1651]
[0,97,404,647,799,1373,1651]
[0,404,1651]
[0,404,647,799,986,1324,1651]
[0,404,647,799,974,1373,1651]
[0,45,97,404,647,799,1373,1583,1651]
[0,404,647,799,974,1651]
[0,45,404,799,1583,1651]
[0,45,1583,1651]
[0,799,1373,1583,1651]
[0,404,811,1302,1651]
[0,811,1651]
[0,404,799,1651]
[0,45,404,647,799,974,1583,1651]
[0,404,799,1202,1651]
[0,45,1651]
[0,799,1373,1651]
[0,45,97,404,647,799,1651]
[0,404,799,986,1324,1583,1651]
[0,876,1373,1651]
[0,45,97,799,1651]
[0,811,1373,1651]
[0,138,1086,1651]
[0,45,799,1651]
[0,404,647,799,1202,1373,1651]
[0,1202,1651]
[0,404,799,986,1651]
[0,97,404,647,799,1651]
[0,404,647,799,974,1171,1373,1583,1651]
[0,404,647,799,1202,1373,1583,1651]
[0,404,799,1373,1651]
[0,97,404,647,799,1202,1373,1583,1651]
[0,876,1651]
[0,404,799,974,1202,1651]
[0,45,404,647,799,1373,1651]
[0,799,974,1651]
[0,404,799,986,1324,1651]
[0,404,647,799,974,1583,1651]
[0,404,799,974,1651]
[0,45,97,404,799,1651]
[0,404,647,799,1373,1651]
[0,45,404,647,799,974,1202,1373,1583,1651]
[0,404,647,799,974,1202,1651]
[0,129,811,1373,1651]
[0,45,404,647,799,974,1651]
[0,404,799,1171,1373,1651]
[0,404,799,1324,1583,1651]
[0,404,647,799,1373,1583,1651]
[0,45,404,647,799,1651]
[0,799,1202,1651]
[0,404,647,799,974,1202,1373,1651]
[0,97,799,1651]
[0,45,404,799,1373,1583,1651]
[0,45,97,404,647,799,1202,1373,1583,1651]
[0,45,404,647,799,974,1202,1373,1651]
[0,129,404,647,799,974,1171,1373,1651]
[0,799,974,1202,1373,1651]
[0,404,647,799,1324,1651]
[0,45,404,799,1651]
[0,404,799,1373,1583,1651]
[0,404,799,1202,1373,1651]
[0,404,1202,1651]
[0,404,799,1583,1651]
[0,404,799,974,1171,1373,1651]
[0,97,404,799,1651]
[0,1086,1651]
[0,97,404,647,799,1202,1373,1651]
