[0,233,627,1083,1863,2211]
[0,233,551,1083,1357,1667,1863,2211]
[0,233,1083,1357,1667,1863,2211]
[0,531,980,1936,2211]
[0,233,980,1667,2070,2211]
[0,233,627,925,1083,2070,2211]
[0,233,627,925,1083,1863,2211]
[0,1863,2211]
[0,233,980,2070,2211]
[0,551,1083,2211]
[0,627,1083,2211]
[0,627,1083,1357,1863,2211]
[0,980,1083,2070,2211]
[0,627,1083,1863,2211]
[0,233,627,925,1083,1357,1667,1863,2211]
[0,980,1357,2211]
[0,233,980,1667,1863,2070,2211]
[0,233,980,1357,2057,2211]
[0,233,627,925,1083,1863,2070,2211]
[0,233,1083,1667,1863,2211]
[0,980,1863,2211]
[0,531,980,2211]
[0,233,2211]
[0,233,551,1083,1357,1863,2211]
[0,233,551,727,1083,1357,1667,1863,2211]
[0,233,1083,1863,2211]
[0,233,1083,1357,1863,2211]
[0,233,551,727,1083,1667,1863,2211]
[0,233,980,2211]
[0,551,1083,1357,1863,2211]
[0,233,627,925,1083,1667,1863,2070,2211]
[0,1083,1863,2211]
[0,233,1083,1863,2070,2211]
[0,233,627,925,1083,2211]
[0,233,627,1083,2211]
[0,233,551,1083,1863,2211]
[0,1083,1357,1863,2211]
[0,233,980,1667,1863,2211]
[0,2057,2211]
[0,233,627,1083,1357,1667,1863,2211]
[0,233,551,727,925,1083,1357,1667,1863,2070,2211]
[0,233,551,1083,1667,1863,2070,2211]
[0,233,980,2057,2211]
[0,1083,1924,2211]
[0,233,980,1357,2211]
[0,551,1083,1863,2211]
[0,233,1083,2211]
[0,2070,2211]
[0,233,980,1863,2211]
[0,233,980,1667,2211]
[0,551,1083,1924,2211]
[0,233,627,925,1083,1667,1863,2211]
[0,923,2211]
[0,980,2057,2211]
[0,233,551,727,925,1083,1357,1667,1863,2211]
[0,980,2211]
[0,923,1804,2211]
[0,233,551,1083,1667,1863,2211]
[0,980,2070,2211]
[0,233,627,1083,1667,1863,2211]
[0,233,627,925,1083,1357,1667,1863,2070,2211]
[0,233,1083,2070,2211]
[0,233,627,1083,1357,1863,2211]
[0,1083,2211]
[0,233,551,727,925,1083,1667,1863,2211]
[0,1083,2070,2211]
[0,980,1667,2211]
[0,233,551,727,1083,1667,1863,2070,2211]
[0,233,1083,1667,1863,2070,2211]
[0,233,627,1083,2070,2211]
[0,233,551,727,925,1083,1667,1863,2070,2211]
