[0,345,1487,1616,1694,1875]
[0,872,1263,1875]
[0,378,1875]
[0,345,1875]
[0,345,1122,1487,1616,1875]
[0,45,212,872,1172,1616,1694,1875]
[0,345,1122,1263,1487,1875]
[0,345,1122,1487,1875]
[0,872,1172,1616,1875]
[0,1263,1616,1875]
[0,345,1263,1616,1875]
[0,378,872,1263,1875]
[0,378,872,1263,1616,1875]
[0,212,872,1263,1616,1694,1875]
[0,378,1487,1875]
[0,212,872,1172,1875]
[0,872,1263,1616,1875]
[0,45,212,345,1122,1263,1616,1875]
[0,212,345,1122,1263,1616,1875]
[0,45,212,1122,1263,1616,1875]
[0,1122,1487,1875]
[0,212,872,1263,1616,1875]
[0,45,345,1122,1263,1616,1875]
[0,345,1487,1616,1875]
[0,212,1263,1875]
[0,345,1122,1263,1487,1616,1875]
[0,872,1172,1875]
[0,378,1487,1616,1694,1875]
[0,1487,1875]
[0,212,1122,1263,1875]
[0,212,1172,1616,1694,1875]
[0,345,1122,1263,1487,1616,1694,1735,1875]
[0,1172,1875]
[0,1172,1616,1875]
[0,212,872,1172,1616,1875]
[0,378,1487,1616,1694,1735,1875]
[0,212,1694,1875]
[0,212,1875]
[0,212,1122,1263,1616,1875]
[0,212,1263,1616,1694,1875]
[0,345,1263,1875]
[0,345,1122,1263,1616,1875]
[0,212,1172,1875]
[0,345,1122,1487,1616,1694,1735,1875]
[0,45,345,1122,1263,1487,1616,1694,1875]
[0,345,1487,1616,1694,1735,1875]
[0,212,872,1172,1616,1694,1875]
[0,45,378,872,1263,1616,1694,1875]
[0,45,345,1122,1263,1487,1616,1694,1735,1875]
[0,345,1122,1263,1487,1616,1694,1875]
[0,345,1487,1875]
[0,212,1616,1694,1875]
[0,378,1263,1616,1875]
[0,1487,1616,1875]
[0,345,1122,1487,1616,1694,1875]
[0,378,1263,1616,1694,1875]
[0,45,345,1122,1263,1487,1616,1875]
[0,45,378,1263,1616,1694,1875]
[0,45,212,872,1172,1616,1875]
[0,212,1172,1616,1875]
[0,378,1263,1875]
[0,378,872,1263,1616,1694,1875]
[0,378,1487,1616,1875]
[0,212,1263,1616,1875]
[0,1263,1875]
