[0,176,338,763,821,1004,1343]
[0,93,340,428,763,968,1343]
[0,176,338,428,763,821,968,1343]
[0,340,763,968,1343]
[0,428,1004,1343]
[0,340,821,1343]
[0,898,1343]
[0,176,428,763,968,1343]
[0,340,635,763,968,1343]
[0,176,338,763,968,1343]
[0,968,1343]
[0,93,340,1343]
[0,176,338,635,763,1004,1343]
[0,338,1004,1343]
[0,176,338,428,635,763,821,1004,1343]
[0,338,821,1343]
[0,176,340,428,763,968,1343]
[0,176,338,635,763,968,1343]
[0,176,340,428,635,763,968,1343]
[0,763,1343]
[0,93,340,428,635,763,968,1343]
[0,428,968,1343]
[0,340,1343]
[0,428,763,1004,1343]
[0,176,338,1343]
[0,338,1343]
[0,176,428,763,1004,1343]
[0,176,428,1343]
[0,176,338,428,635,763,968,1343]
[0,176,453,898,1343]
[0,340,763,821,1343]
[0,176,338,428,635,968,1343]
[0,839,1343]
[0,176,338,763,1004,1343]
[0,1004,1343]
[0,763,821,1343]
[0,338,763,968,1343]
[0,428,763,968,1343]
[0,821,1343]
[0,93,340,763,821,968,1343]
[0,453,898,1343]
[0,176,340,635,763,968,1343]
[0,93,340,635,763,968,1343]
[0,176,338,763,821,968,1343]
[0,763,968,1343]
[0,635,968,1343]
[0,422,635,968,1343]
[0,176,428,635,763,968,1343]
[0,176,338,428,763,1004,1343]
[0,340,968,1343]
[0,176,338,635,968,1343]
[0,176,338,428,763,968,1343]
[0,176,338,428,635,763,1004,1343]
[0,338,763,1004,1343]
[0,176,338,821,1343]
[0,176,338,428,763,821,1004,1343]
[0,338,968,1343]
[0,338,635,968,1343]
[0,93,340,821,1343]
[0,93,340,428,635,763,821,968,1343]
[0,176,338,428,635,763,821,968,1343]
[0,176,422,635,968,1343]
[0,93,340,763,821,1343]
[0,93,340,428,763,821,968,1343]
[0,428,1343]
[0,338,763,821,1343]
[0,93,340,968,1343]
[0,176,340,763,968,1343]
[0,93,340,763,968,1343]
[0,176,338,763,821,1343]
