[0,289,374,1184,1232,1350,1427]
[0,1232,1427]
[0,289,1049,1427]
[0,289,864,1427]
[0,976,1158,1427]
[0,289,1158,1232,1427]
[0,289,864,1232,1427]
[0,138,289,1232,1350,1427]
[0,289,374,1232,1350,1427]
[0,864,976,1158,1427]
[0,289,747,1127,1427]
[0,289,374,925,1427]
[0,289,374,976,1049,1232,1427]
[0,138,289,374,788,925,1184,1350,1427]
[0,138,289,374,1019,1158,1427]
[0,138,289,374,1158,1232,1427]
[0,289,788,1232,1427]
[0,138,289,1350,1427]
[0,138,289,374,1232,1427]
[0,984,1427]
[0,289,1184,1427]
[0,747,1127,1427]
[0,289,788,1427]
[0,138,289,374,864,976,1158,1427]
[0,747,1019,1184,1427]
[0,788,1427]
[0,138,289,788,864,1232,1427]
[0,289,788,1049,1427]
[0,747,1184,1427]
[0,976,1049,1427]
[0,1184,1427]
[0,289,374,788,925,1184,1350,1427]
[0,138,289,788,1184,1427]
[0,289,374,788,864,925,1184,1232,1350,1427]
[0,289,374,976,1049,1427]
[0,138,289,374,788,925,1184,1427]
[0,289,374,925,1184,1427]
[0,138,788,1232,1427]
[0,289,374,864,925,1184,1350,1427]
[0,138,289,788,864,1049,1232,1350,1427]
[0,374,1184,1427]
[0,289,374,976,1427]
[0,138,289,374,1158,1427]
[0,138,289,374,788,864,925,1184,1350,1427]
[0,289,976,1427]
[0,289,788,1184,1427]
[0,289,747,925,1427]
[0,788,1184,1427]
[0,289,925,1427]
[0,138,289,374,976,1158,1232,1427]
[0,289,374,788,864,925,1184,1427]
[0,289,374,1158,1232,1427]
[0,289,976,1232,1427]
[0,138,289,1049,1232,1350,1427]
[0,289,374,925,1184,1232,1427]
[0,138,289,864,976,1158,1427]
[0,289,1184,1232,1427]
[0,138,289,374,788,1049,1232,1350,1427]
[0,289,374,788,864,925,1184,1350,1427]
[0,138,289,374,788,1049,1232,1427]
[0,289,1158,1427]
[0,289,374,1427]
[0,289,976,1049,1427]
[0,138,289,1427]
[0,138,289,747,925,1427]
[0,1158,1232,1427]
[0,289,374,976,1158,1232,1427]
[0,1127,1427]
[0,289,374,976,1232,1427]
[0,138,289,374,976,1158,1427]
[0,138,289,1049,1232,1427]
[0,374,1427]
[0,138,289,864,1232,1427]
[0,138,289,788,1049,1232,1427]
[0,747,864,1019,1184,1427]
[0,98,289,374,1019,1184,1427]
[0,138,289,1232,1427]
[0,289,976,1158,1427]
[0,138,289,374,1019,1158,1232,1384,1427]
[0,138,289,925,1184,1427]
[0,374,1019,1184,1427]
[0,98,289,1019,1184,1427]
[0,138,289,374,1232,1350,1427]
[0,374,747,1184,1427]
[0,138,289,788,1049,1427]
[0,138,289,374,788,1184,1232,1350,1427]
[0,289,925,1184,1427]
[0,138,289,1049,1427]
[0,976,1427]
[0,289,374,925,1184,1232,1350,1427]
[0,138,289,374,925,1184,1427]
[0,138,289,864,1427]
[0,138,289,374,788,1232,1427]
[0,925,1427]
[0,138,289,747,1427]
[0,138,289,374,864,976,1049,1158,1232,1427]
[0,138,289,976,1158,1427]
[0,289,984,1184,1427]
[0,138,289,374,788,1427]
[0,289,374,976,1158,1427]
[0,289,1427]
[0,138,289,374,788,864,925,1184,1427]
[0,289,788,1049,1232,1427]
[0,138,289,374,1019,1158,1232,1427]
[0,138,289,374,788,1049,1427]
[0,984,1184,1427]
[0,138,289,374,864,976,1158,1232,1427]
[0,138,289,374,925,1184,1350,1427]
[0,138,289,374,788,864,925,1184,1232,1350,1427]
[0,138,289,374,1184,1232,1350,1427]
[0,138,289,788,1049,1232,1350,1427]
[0,138,289,984,1184,1427]
[0,138,289,788,1427]
[0,289,374,1232,1427]
[0,289,1232,1427]
[0,1184,1232,1427]
[0,374,747,864,1019,1184,1427]
[0,289,1049,1232,1427]
[0,138,289,374,788,1232,1350,1427]
[0,289,374,1184,1232,1427]
[0,374,747,1019,1184,1427]
[0,289,864,976,1158,1427]
[0,289,374,864,925,1184,1232,1350,1427]
[0,289,374,1350,1427]
[0,1049,1427]
[0,864,1427]
[0,138,289,788,1232,1427]
[0,289,747,1427]
[0,747,1427]
[0,289,747,925,1127,1427]
[0,289,1019,1158,1427]
[0,138,289,788,864,1427]
[0,289,374,1019,1184,1427]
[0,138,289,374,1049,1232,1427]
[0,289,1019,1184,1427]
[0,289,374,864,925,1184,1427]
[0,138,289,374,976,1049,1158,1232,1427]
[0,289,788,925,1184,1427]
[0,788,1232,1427]
[0,289,374,1184,1427]
[0,289,374,925,1184,1350,1427]
[0,138,289,374,1049,1232,1350,1427]
[0,374,747,1427]
[0,1019,1184,1427]
[0,138,289,747,925,1127,1427]
[0,289,374,788,925,1184,1427]
[0,138,289,1019,1158,1427]
[0,138,289,747,925,1127,1232,1427]
[0,138,289,1158,1427]
[0,138,289,788,925,1184,1427]
[0,138,289,374,1427]
[0,138,289,1184,1427]
[0,289,374,976,1049,1158,1232,1427]
