[0,1279,1764,2120]
[0,901,1905,2012,2120]
[0,421,755,1171,1531,2120]
[0,421,535,755,901,1603,1698,1905,2120]
[0,348,721,1248,1905,2120]
[0,421,535,755,901,1310,1603,1905,2012,2120]
[0,901,2120]
[0,348,1905,2120]
[0,383,1047,1248,1905,2120]
[0,421,755,1171,1531,1905,2120]
[0,383,1248,2120]
[0,421,755,1171,1905,2120]
[0,348,1764,2120]
[0,721,1764,2120]
[0,1603,2120]
[0,421,755,901,1905,2012,2120]
[0,383,535,1248,1531,1721,1905,2012,2120]
[0,167,755,1171,1603,1905,2120]
[0,383,1047,1531,2120]
[0,421,755,1248,1905,2120]
[0,421,1531,2120]
[0,421,755,1531,1721,1905,2120]
[0,383,1047,1531,1905,2120]
[0,383,1531,2120]
[0,348,2120]
[0,1248,2120]
[0,721,1248,2120]
[0,167,755,1171,1905,2120]
[0,383,1905,2120]
[0,755,901,1905,2012,2120]
[0,421,755,1310,1603,1905,2120]
[0,421,535,755,901,1603,1905,2012,2120]
[0,383,535,1531,1721,1905,2120]
[0,1531,2120]
[0,348,721,1905,2120]
[0,421,1310,2120]
[0,755,1171,1531,2120]
[0,421,755,1603,2120]
[0,348,721,2120]
[0,1905,2120]
[0,167,1603,1905,2120]
[0,421,755,2120]
[0,755,1171,2120]
[0,421,755,1310,1603,2120]
[0,421,755,1171,1531,1721,1905,2120]
[0,421,755,901,1905,2120]
[0,421,755,1248,2120]
[0,348,721,1248,2120]
[0,421,755,1248,1531,1905,2120]
[0,421,2120]
[0,1310,2120]
[0,167,755,1171,1310,1603,1905,2120]
[0,383,1047,2120]
[0,421,1603,1905,2120]
[0,383,2120]
[0,1248,1905,2120]
[0,755,2120]
[0,383,1248,1531,1721,1905,2120]
[0,421,755,1248,1531,1721,1905,2120]
[0,421,755,1905,2120]
[0,755,1603,2120]
[0,383,1047,1248,1721,1905,2120]
[0,755,1248,1905,2120]
[0,721,1279,1764,2120]
[0,167,755,1603,1698,1905,2120]
[0,383,535,1905,2012,2120]
[0,383,535,1248,1531,1721,1905,2120]
[0,721,2120]
[0,383,535,1531,1721,1905,2012,2120]
[0,421,755,901,1603,1905,2120]
[0,421,535,755,901,1310,1603,1698,1905,2120]
[0,383,1248,1905,2120]
[0,755,1248,2120]
[0,383,535,1531,1905,2012,2120]
[0,1047,1248,1905,2120]
[0,1764,2120]
[0,755,901,1905,2120]
[0,421,755,1171,2120]
[0,421,755,1248,1531,2120]
[0,1171,1310,1905,2120]
[0,901,1905,2120]
[0,383,1047,1248,1531,1721,1905,2120]
[0,421,535,755,901,1310,1603,1698,1905,2012,2120]
[0,421,755,1603,1905,2120]
[0,421,1248,1728,2120]
[0,755,1171,1310,1603,1905,2120]
[0,421,755,901,1310,1603,1905,2120]
[0,421,755,1531,2120]
[0,1905,2012,2120]
[0,421,1603,2120]
[0,383,1047,1248,1531,1905,2120]
[0,421,1531,1905,2120]
[0,1171,1310,1603,1905,2120]
[0,1047,2120]
[0,383,1531,1721,1905,2120]
[0,755,1171,1905,2120]
[0,383,535,1047,1248,1531,1721,1905,2120]
[0,421,1248,2120]
[0,421,535,755,901,1603,1698,1905,2012,2120]
[0,421,535,755,901,1905,2120]
[0,383,1248,1531,1905,2120]
[0,421,535,755,901,1905,2012,2120]
[0,755,1171,1603,2120]
[0,421,535,755,901,1310,1603,1905,2120]
[0,167,755,1603,1905,2120]
[0,383,1248,1531,2120]
[0,383,1531,1905,2120]
[0,1171,1603,2120]
[0,421,755,1310,2120]
[0,755,1603,1905,2120]
[0,535,1531,2120]
[0,167,1603,1698,1905,2120]
[0,1728,2120]
[0,1171,2120]
[0,1603,1698,1905,2120]
[0,421,1905,2120]
[0,348,721,1279,1764,2120]
[0,1279,2120]
[0,421,535,755,901,1603,1905,2120]
[0,721,1279,2120]
[0,1531,1905,2120]
[0,1171,1603,1905,2120]
[0,167,755,1171,1310,1603,1698,1905,2120]
[0,383,535,1905,2120]
[0,755,1171,1603,1905,2120]
[0,383,535,1047,1248,1531,1721,1905,2012,2120]
[0,1603,1905,2120]
[0,383,535,1531,1905,2120]
[0,421,535,1905,2120]
[0,1248,1728,2120]
[0,421,755,1531,1905,2120]
[0,348,721,1764,2120]
[0,1047,1531,2120]
[0,1171,1905,2120]
