[0,69,217,503,600,1105,1180]
[0,503,600,1180]
[0,217,600,900,1180]
[0,600,1180]
[0,217,1180]
[0,217,503,600,711,900,1180]
[0,69,217,1180]
[0,217,503,600,1180]
[0,217,503,600,1105,1180]
[0,217,503,711,900,1180]
[0,69,217,503,600,711,900,1105,1180]
[0,600,958,1180]
[0,217,503,600,711,1180]
[0,69,217,503,600,900,958,1105,1180]
[0,217,503,600,900,1105,1180]
[0,958,1180]
[0,217,900,1180]
[0,217,503,600,900,1180]
[0,217,711,1180]
[0,1105,1180]
[0,217,600,958,1180]
[0,596,958,1180]
[0,69,217,503,600,900,1105,1180]
[0,69,217,503,600,1180]
[0,69,217,503,600,711,900,958,1105,1180]
[0,69,217,503,600,900,958,1180]
[0,600,900,1180]
[0,69,217,503,600,958,1180]
[0,711,1180]
[0,503,600,1105,1180]
[0,900,1180]
[0,217,600,1180]
[0,217,600,1105,1180]
[0,596,1180]
[0,217,503,711,1180]
[0,69,217,600,1180]
[0,217,503,600,958,1180]
[0,217,503,600,711,900,1105,1180]
