[0,553,787,930,1046]
[0,137,424,698,850,1046]
[0,82,137,424,553,1046]
[0,137,424,553,1046]
[0,137,424,698,1046]
[0,137,424,553,930,1046]
[0,725,1046]
[0,137,424,553,787,930,1046]
[0,82,137,424,553,698,850,930,1046]
[0,137,553,787,1046]
[0,82,141,424,553,725,850,930,1046]
[0,137,553,930,1046]
[0,137,424,553,787,945,1046]
[0,378,553,1046]
[0,141,424,553,787,1046]
[0,82,137,424,553,787,930,1046]
[0,137,424,553,787,1046]
[0,141,424,553,1046]
[0,141,553,1046]
[0,424,553,930,1046]
[0,698,1046]
[0,731,1046]
[0,424,553,725,1046]
[0,424,553,725,850,930,1046]
[0,141,424,553,725,787,930,1046]
[0,424,725,1046]
[0,137,553,731,1046]
[0,141,424,553,725,1046]
[0,137,424,553,698,1046]
[0,82,137,424,553,930,1046]
[0,82,137,424,553,698,787,930,1046]
[0,137,424,553,698,787,930,1046]
[0,141,424,553,725,787,1046]
[0,424,698,1046]
[0,137,424,553,698,850,930,1046]
[0,82,141,424,553,930,1046]
[0,137,424,553,725,787,945,1046]
[0,424,553,787,930,1046]
[0,553,787,1046]
[0,137,378,553,1046]
[0,553,930,1046]
[0,424,698,850,1046]
[0,82,141,424,553,725,1046]
[0,424,553,725,850,1046]
[0,424,553,725,787,930,1046]
[0,82,137,424,553,850,930,1046]
[0,137,424,553,850,930,1046]
[0,141,424,725,1046]
[0,553,731,1046]
[0,424,553,725,787,945,1046]
[0,141,424,553,725,850,1046]
[0,424,553,787,1046]
[0,553,1046]
[0,82,141,424,553,725,787,930,1046]
[0,82,141,424,553,850,930,1046]
[0,137,378,553,930,1046]
[0,141,424,553,725,850,930,1046]
[0,424,553,945,1046]
[0,137,553,731,930,1046]
[0,141,424,553,930,1046]
[0,141,424,553,945,1046]
[0,137,424,553,945,1046]
[0,82,141,424,553,725,787,945,1046]
[0,424,553,698,787,930,1046]
[0,137,424,553,698,850,1046]
[0,141,424,553,725,787,945,1046]
[0,424,553,1046]
[0,137,553,1046]
[0,424,553,725,787,1046]
[0,424,553,850,930,1046]
[0,141,553,787,1046]
[0,141,424,553,787,930,1046]
[0,141,424,553,850,930,1046]
[0,424,553,787,945,1046]
[0,82,141,424,553,1046]
[0,82,141,424,553,725,787,1046]
[0,141,424,553,787,945,1046]
[0,930,1046]
