[0,209,381,559,808,1465]
[0,105,209,381,1465]
[0,105,209,265,381,559,733,808,1465]
[0,105,209,1465]
[0,105,209,381,733,808,1465]
[0,105,209,381,580,808,1465]
[0,105,209,381,559,733,808,1465]
[0,105,209,381,580,1465]
[0,808,1465]
[0,209,381,580,1465]
[0,381,580,808,1465]
[0,209,381,569,808,1350,1465]
[0,105,209,396,1465]
[0,209,734,1465]
[0,105,209,381,569,1465]
[0,209,381,808,1350,1465]
[0,381,1465]
[0,105,209,381,559,733,808,1350,1465]
[0,381,580,1465]
[0,381,569,1465]
[0,396,1465]
[0,209,381,569,1465]
[0,569,808,1465]
[0,105,209,381,808,1465]
[0,105,209,265,381,569,733,808,1350,1465]
[0,105,209,381,569,808,1465]
[0,209,808,1465]
[0,105,209,381,569,733,808,1350,1465]
[0,105,209,265,381,559,733,808,1350,1465]
[0,559,808,1465]
[0,209,381,1465]
[0,105,1465]
[0,105,209,381,559,1465]
[0,209,396,1465]
[0,105,209,381,559,808,1465]
[0,209,808,1350,1465]
[0,580,808,1465]
[0,209,381,808,1465]
[0,734,1465]
[0,209,381,559,808,1350,1465]
[0,105,209,381,559,808,1350,1465]
[0,105,209,265,381,559,808,1465]
[0,381,559,1465]
[0,381,559,808,1465]
[0,381,569,808,1465]
[0,209,381,559,1465]
[0,105,209,381,569,733,808,1465]
[0,105,209,381,569,808,1350,1465]
[0,209,381,580,808,1465]
[0,105,209,265,381,569,733,808,1465]
[0,209,381,569,808,1465]
