[0,224,482,602,871,1078,1436,1563,1696,1810]
[0,1078,1436,1810]
[0,224,1078,1563,1810]
[0,224,602,750,1078,1436,1563,1810]
[0,224,602,750,1078,1436,1664,1810]
[0,482,1078,1810]
[0,224,482,602,750,1078,1436,1810]
[0,224,482,602,750,1078,1179,1436,1563,1696,1810]
[0,482,602,871,1078,1436,1810]
[0,1078,1563,1810]
[0,602,871,1078,1436,1563,1810]
[0,482,602,871,1078,1436,1696,1810]
[0,1563,1810]
[0,482,602,750,1078,1156,1436,1810]
[0,602,1436,1810]
[0,224,482,602,750,1078,1436,1563,1664,1810]
[0,224,750,1078,1436,1810]
[0,1078,1810]
[0,224,482,602,750,889,1078,1436,1563,1696,1810]
[0,602,1810]
[0,1436,1810]
[0,482,602,871,1078,1436,1563,1696,1810]
[0,482,602,750,1078,1436,1563,1810]
[0,224,602,750,889,1078,1436,1810]
[0,224,482,602,750,1078,1436,1664,1810]
[0,224,602,750,889,1078,1436,1563,1810]
[0,482,602,750,1078,1436,1563,1696,1810]
[0,602,750,1078,1436,1563,1810]
[0,224,602,1078,1436,1810]
[0,224,482,602,871,1078,1436,1810]
[0,224,871,1078,1436,1810]
[0,224,482,602,750,1078,1156,1436,1810]
[0,224,602,871,1078,1436,1563,1810]
[0,224,602,871,1078,1436,1664,1810]
[0,224,482,602,750,889,1078,1436,1563,1810]
[0,224,482,602,750,889,1078,1436,1810]
[0,482,1078,1436,1810]
[0,482,602,750,1078,1436,1696,1810]
[0,482,602,750,1078,1179,1436,1696,1810]
[0,482,602,750,1078,1179,1436,1563,1696,1810]
[0,482,602,750,1078,1436,1810]
[0,482,602,871,1078,1436,1563,1810]
[0,482,602,1078,1436,1810]
[0,224,482,602,871,1078,1436,1563,1810]
[0,871,1078,1436,1810]
[0,602,750,1078,1436,1810]
[0,224,482,602,871,1078,1436,1563,1664,1810]
[0,224,482,602,871,1078,1436,1664,1810]
[0,224,482,602,750,1078,1436,1563,1810]
[0,224,1078,1436,1810]
[0,602,1078,1436,1810]
[0,482,1078,1563,1810]
[0,602,871,1078,1436,1810]
[0,224,602,750,1078,1436,1810]
[0,224,602,871,1078,1436,1810]
[0,224,482,602,750,1078,1436,1563,1696,1810]
[0,750,1078,1436,1810]
[0,224,482,602,750,889,1078,1179,1436,1563,1696,1810]
