[0,230,508,1197]
[0,48,138,230,508,982,1100,1197]
[0,230,405,508,781,982,1197]
[0,48,138,230,405,508,855,982,1100,1197]
[0,460,1197]
[0,230,405,508,982,1100,1197]
[0,982,1197]
[0,1021,1197]
[0,48,138,230,405,508,781,982,1100,1197]
[0,508,1197]
[0,405,508,982,1100,1197]
[0,405,508,982,1197]
[0,230,460,1021,1197]
[0,230,508,982,1197]
[0,48,138,230,405,508,982,1100,1197]
[0,508,982,1197]
[0,230,508,781,982,1197]
[0,230,405,508,855,982,1100,1197]
[0,138,230,508,982,1100,1197]
[0,230,508,855,982,1197]
[0,230,508,982,1100,1197]
[0,138,230,508,781,982,1100,1197]
[0,138,230,405,508,982,1100,1197]
[0,230,405,508,855,982,1197]
[0,230,405,508,982,1197]
[0,230,405,508,781,982,1100,1197]
[0,138,230,405,508,855,982,1100,1197]
[0,48,138,230,508,781,982,1100,1197]
[0,508,982,1100,1197]
[0,230,508,1021,1197]
[0,230,405,508,1021,1197]
[0,230,508,781,982,1100,1197]
[0,405,508,1197]
[0,138,230,405,508,781,982,1100,1197]
[0,230,460,1197]
[0,982,1100,1197]
