[0,3654,4613,4758]
[0,1760,2352,3842,4758]
[0,760,2416,3221,3654,4613,4758]
[0,1760,2137,3654,4125,4758]
[0,1066,2416,3221,3654,4758]
[0,1760,3654,4758]
[0,760,4613,4758]
[0,1066,2137,3221,4758]
[0,1133,1760,2352,3842,4613,4758]
[0,1066,1760,2137,3221,3654,4613,4758]
[0,1760,4758]
[0,116,760,3654,4613,4758]
[0,1760,2137,4613,4758]
[0,1133,1760,2352,3842,4758]
[0,1760,2416,3221,4758]
[0,760,3221,3654,4758]
[0,116,760,1760,2416,3221,3654,4613,4758]
[0,2137,4125,4758]
[0,3842,4758]
[0,2352,4758]
[0,116,1066,2416,3221,3654,4613,4758]
[0,760,1760,2416,3221,4758]
[0,1066,3221,3654,4613,4758]
[0,1066,1760,2137,2416,3221,3654,4125,4613,4758]
[0,1066,1760,2137,3221,3654,4125,4613,4758]
[0,1066,2137,4125,4758]
[0,1066,3221,3654,4758]
[0,1760,2137,2416,4613,4758]
[0,3221,3654,4758]
[0,3221,4758]
[0,760,1760,2416,3221,3654,4613,4758]
[0,1066,3221,4758]
[0,1760,2137,2416,3654,4125,4613,4758]
[0,116,1066,1760,2137,3221,3654,4613,4758]
[0,4004,4758]
[0,1133,2352,3842,4758]
[0,1760,2137,3221,3654,4613,4758]
[0,2416,3221,4758]
[0,4125,4758]
[0,1760,2137,3221,4758]
[0,1760,2416,3221,3654,4613,4758]
[0,1066,4758]
[0,116,1760,2137,3221,3654,4125,4613,4758]
[0,116,760,4613,4758]
[0,760,4758]
[0,116,1066,4613,4758]
[0,1066,2137,3221,3654,4758]
[0,1066,4125,4758]
[0,3654,4125,4758]
[0,116,1066,1760,2137,2416,3221,3654,4125,4613,4758]
[0,1760,2416,3221,3654,4758]
[0,3654,4758]
[0,1066,1760,2137,2416,3221,4758]
[0,116,1066,3221,3654,4613,4758]
[0,3221,3654,4613,4758]
[0,1066,2137,4758]
[0,1066,1760,2137,4758]
[0,116,760,3221,3654,4613,4758]
[0,1066,1760,2137,3221,3654,4125,4758]
[0,1066,1760,2137,2416,3221,3654,4125,4758]
[0,1066,1760,2137,3221,4758]
[0,116,1066,1760,2137,3221,4613,4758]
[0,1760,2137,4125,4758]
[0,1760,3221,3654,4758]
[0,1760,2352,3842,4613,4758]
[0,1760,3221,3654,4613,4758]
[0,1066,3654,4613,4758]
[0,1066,4613,4758]
[0,2137,3221,4758]
[0,116,1760,2137,4613,4758]
[0,2137,3221,3654,4125,4758]
[0,1066,1760,2137,3221,3654,4758]
[0,116,4613,4758]
[0,1760,4613,4758]
[0,760,2416,3221,3654,4758]
[0,1760,2137,3221,3654,4125,4758]
[0,1133,4758]
[0,1760,2137,3221,3654,4125,4613,4758]
[0,1760,2137,4758]
[0,2137,3221,3654,4758]
[0,1760,3654,4125,4758]
[0,760,3221,3654,4613,4758]
[0,1066,1760,2137,2416,3221,3654,4758]
[0,116,1066,1760,2137,4613,4758]
[0,1066,1760,2137,3221,4613,4758]
[0,1066,1760,2137,2416,3221,3654,4613,4758]
[0,1760,3367,4613,4758]
[0,1760,2137,4125,4613,4758]
[0,1066,2137,3221,3654,4125,4758]
[0,1760,2137,2416,4758]
[0,1760,2137,3221,3654,4758]
[0,1760,3367,4758]
[0,760,3221,4758]
[0,116,760,2416,3221,3654,4613,4758]
[0,2352,3842,4758]
[0,2137,3654,4125,4758]
[0,116,1066,3654,4613,4758]
[0,1760,2137,2416,3654,4125,4758]
[0,1760,2352,4613,4758]
[0,1760,3654,4613,4758]
[0,116,1066,1760,2137,3221,3654,4125,4613,4758]
[0,1760,2137,3221,4613,4758]
[0,1760,2352,4758]
[0,3221,3654,4125,4758]
[0,1760,2137,3654,4125,4613,4758]
[0,1066,1760,2137,4613,4758]
[0,1133,2352,4758]
[0,760,3654,4758]
[0,760,3654,4613,4758]
[0,116,1066,1760,2137,2416,3221,3654,4613,4758]
[0,760,1760,2416,3221,3654,4758]
[0,1066,2416,3221,4758]
[0,1066,1760,2137,2416,4758]
[0,1066,3654,4758]
[0,1066,3654,4125,4758]
[0,1066,2416,3221,3654,4613,4758]
[0,1760,3221,4758]
[0,1066,2137,3654,4125,4758]
[0,4613,4758]
[0,1760,4125,4758]
[0,2137,4758]
[0,1133,3842,4758]
[0,760,2416,3221,4758]
