[0,119,768,930,1284,1327]
[0,768,935,1327]
[0,774,1327]
[0,295,523,672,768,930,1284,1327]
[0,523,930,1327]
[0,523,1327]
[0,295,768,1327]
[0,295,523,672,768,946,1284,1327]
[0,295,523,768,935,1284,1327]
[0,295,523,672,768,885,935,1327]
[0,1284,1327]
[0,768,946,1284,1327]
[0,935,1284,1327]
[0,658,1036,1327]
[0,768,930,1284,1327]
[0,768,930,1327]
[0,295,523,672,768,935,1327]
[0,295,523,672,768,946,1327]
[0,672,1327]
[0,295,768,930,1284,1327]
[0,768,1284,1327]
[0,295,523,672,768,885,930,1327]
[0,295,768,946,1284,1327]
[0,295,523,672,768,885,935,1284,1327]
[0,295,523,768,946,1284,1327]
[0,295,523,768,946,1327]
[0,295,523,946,1327]
[0,295,523,768,935,1327]
[0,295,523,672,768,935,1284,1327]
[0,295,523,1327]
[0,295,523,672,768,930,1327]
[0,295,523,935,1327]
[0,768,1327]
[0,119,672,935,1327]
[0,658,1327]
[0,119,768,946,1327]
[0,295,768,946,1327]
[0,295,523,768,930,1284,1327]
[0,295,768,935,1327]
[0,768,935,1284,1327]
[0,119,672,935,1284,1327]
[0,295,523,768,930,1327]
[0,295,768,935,1284,1327]
[0,523,946,1327]
[0,774,1284,1327]
[0,119,768,946,1284,1327]
[0,295,523,930,1327]
[0,523,935,1327]
[0,935,1327]
[0,672,935,1284,1327]
[0,119,768,930,1327]
[0,295,768,930,1327]
[0,672,935,1327]
[0,295,523,672,768,885,930,1284,1327]
[0,768,946,1327]
