[0,343,566,766,854,1002,1046]
[0,343,566,625,711,766,854,1002,1046]
[0,343,566,625,711,766,854,1046]
[0,343,566,766,854,1046]
[0,566,1002,1046]
[0,343,566,1046]
[0,343,483,566,625,766,854,1046]
[0,343,483,566,625,711,766,854,1002,1046]
[0,343,483,566,766,854,1046]
[0,1002,1046]
[0,343,566,1002,1046]
[0,343,566,625,766,854,1046]
[0,566,1046]
[0,343,566,724,854,1002,1046]
[0,343,483,566,625,711,766,854,1046]
[0,854,1046]
[0,343,483,566,625,766,854,1002,1046]
[0,343,566,854,1046]
[0,343,566,766,1046]
[0,343,566,854,1002,1046]
[0,389,576,1046]
[0,343,483,566,766,854,1002,1046]
[0,343,566,724,1046]
[0,343,566,724,854,1046]
[0,324,566,1046]
[0,576,1046]
[0,343,566,625,766,854,1002,1046]
