[0,147,413,667,875,1364,1518,1651]
[0,42,147,413,503,667,875,1364,1518,1651]
[0,413,569,1518,1651]
[0,413,667,1518,1651]
[0,147,413,667,1364,1651]
[0,147,413,667,1518,1651]
[0,147,413,569,875,1651]
[0,147,192,413,569,1323,1406,1518,1651]
[0,413,569,1323,1406,1651]
[0,413,569,1323,1406,1518,1651]
[0,147,413,667,875,1364,1651]
[0,42,413,667,875,1518,1651]
[0,413,569,875,1651]
[0,147,413,667,875,1518,1651]
[0,147,413,569,1406,1518,1651]
[0,147,413,1406,1518,1651]
[0,413,667,875,1518,1651]
[0,413,667,1406,1518,1651]
[0,42,147,413,569,667,875,1518,1651]
[0,332,1651]
[0,413,667,1323,1406,1518,1651]
[0,413,1406,1518,1651]
[0,147,413,569,667,875,1518,1651]
[0,147,192,413,569,1651]
[0,413,1364,1651]
[0,147,413,503,667,875,1406,1518,1651]
[0,147,413,569,875,1406,1518,1651]
[0,147,413,667,1651]
[0,147,413,667,875,1406,1518,1651]
[0,413,875,1651]
[0,413,569,1651]
[0,147,413,667,875,1323,1406,1518,1651]
[0,147,413,667,1406,1518,1651]
[0,147,413,667,1364,1518,1651]
[0,147,192,413,667,875,1323,1406,1518,1651]
[0,147,192,413,569,1323,1406,1651]
[0,42,147,413,569,875,1518,1651]
[0,147,413,1518,1651]
[0,147,1406,1518,1651]
[0,413,1323,1406,1518,1651]
[0,147,192,413,1651]
[0,42,147,413,503,667,875,1323,1406,1518,1651]
[0,147,413,1323,1406,1518,1651]
[0,147,413,569,1323,1406,1651]
[0,147,413,1651]
[0,147,413,569,1518,1651]
[0,147,1518,1651]
[0,413,667,1364,1651]
[0,42,192,413,667,875,1364,1518,1651]
[0,1323,1651]
[0,147,192,413,1406,1518,1651]
[0,147,413,667,875,1651]
[0,42,413,667,875,1364,1518,1651]
[0,192,413,667,875,1651]
[0,413,1323,1651]
[0,413,667,1651]
[0,147,192,413,667,1323,1406,1518,1651]
[0,147,413,667,1323,1406,1518,1651]
[0,413,667,875,1651]
[0,192,413,667,875,1364,1518,1651]
[0,147,192,413,1323,1406,1518,1651]
[0,413,667,875,1364,1518,1651]
[0,413,667,875,1364,1651]
[0,147,192,413,1518,1651]
[0,147,413,569,875,1518,1651]
[0,147,192,1651]
[0,147,1323,1406,1518,1651]
[0,413,569,1406,1518,1651]
[0,147,413,569,875,1323,1406,1518,1651]
[0,413,1518,1651]
[0,147,1323,1406,1651]
[0,147,1651]
[0,147,413,503,667,875,1323,1406,1518,1651]
[0,147,1323,1651]
[0,147,413,569,1323,1651]
[0,413,1651]
[0,875,1651]
[0,42,147,413,667,875,1518,1651]
[0,147,192,413,569,1323,1651]
[0,413,569,1323,1651]
[0,192,413,667,875,1364,1651]
[0,147,413,569,1323,1406,1518,1651]
[0,42,413,667,875,1651]
[0,147,413,569,1651]
[0,147,413,503,667,875,1364,1518,1651]
