[0,2702,2956]
[0,176,976,1214,2361,2517,2956]
[0,976,1214,2702,2956]
[0,176,1214,1787,2956]
[0,1214,1642,2361,2702,2956]
[0,976,1214,1642,2361,2517,2702,2956]
[0,1214,1787,2517,2956]
[0,176,1214,2956]
[0,976,1214,1642,2361,2956]
[0,708,1073,1787,2517,2956]
[0,176,507,1787,2956]
[0,976,2956]
[0,176,976,1214,1642,1787,2361,2517,2956]
[0,976,1214,2361,2517,2956]
[0,176,708,1214,1787,2517,2956]
[0,507,1787,2956]
[0,176,1214,1787,2517,2956]
[0,507,1073,1787,2517,2956]
[0,507,1073,1787,2956]
[0,1642,2361,2956]
[0,976,2361,2517,2956]
[0,445,1787,2956]
[0,445,1787,2517,2956]
[0,176,976,1214,1642,2361,2517,2702,2956]
[0,708,1214,2956]
[0,976,1214,2361,2517,2852,2956]
[0,176,976,1214,2361,2517,2852,2956]
[0,176,708,1073,1787,2956]
[0,176,976,1214,1642,1787,2361,2517,2852,2956]
[0,384,1001,1787,2517,2956]
[0,445,1073,1787,2956]
[0,1214,1642,2361,2956]
[0,976,1214,2956]
[0,176,1787,2956]
[0,176,2956]
[0,1214,1787,2956]
[0,176,976,1214,2361,2517,2702,2956]
[0,976,1214,1642,1787,2361,2517,2702,2956]
[0,445,708,1073,1787,2956]
[0,976,1214,2517,2702,2956]
[0,176,708,1214,1787,2956]
[0,384,1787,2956]
[0,1787,2517,2956]
[0,976,1214,1642,2361,2517,2852,2956]
[0,2361,2956]
[0,176,976,1214,1642,2361,2517,2956]
[0,976,1214,2361,2956]
[0,176,507,1073,1787,2517,2956]
[0,445,1073,1787,2517,2956]
[0,384,1787,2517,2956]
[0,1001,1787,2956]
[0,1214,2702,2956]
[0,507,1787,2517,2956]
[0,708,1787,2956]
[0,708,1214,1787,2517,2956]
[0,176,976,1214,2517,2702,2956]
[0,708,1214,1787,2956]
[0,445,708,1073,1787,2517,2956]
[0,176,976,1214,1642,2361,2702,2956]
[0,176,507,1787,2517,2956]
[0,176,976,1214,1642,2361,2956]
[0,2361,2517,2956]
[0,176,708,1214,2956]
[0,708,2361,2956]
[0,412,1214,2956]
[0,1073,1787,2956]
[0,976,2361,2517,2852,2956]
[0,176,976,1214,2956]
[0,976,2361,2956]
[0,445,2956]
[0,976,1214,1642,2361,2702,2956]
[0,176,445,708,1073,1787,2517,2956]
[0,708,1787,2517,2956]
[0,1642,2956]
[0,976,1214,2361,2517,2702,2956]
[0,976,1214,1642,2361,2517,2956]
[0,1787,2956]
[0,976,1214,1642,1787,2361,2517,2852,2956]
[0,176,976,1214,1642,1787,2361,2517,2702,2956]
[0,708,1073,1787,2956]
[0,176,708,1073,1787,2517,2956]
[0,176,708,1787,2956]
[0,176,976,1214,2361,2956]
[0,976,1214,1642,1787,2361,2517,2956]
[0,708,2956]
[0,1214,2956]
[0,2361,2517,2852,2956]
[0,1001,1787,2517,2956]
