[0,436,800,1343,1911]
[0,195,441,1343,1911]
[0,444,1343,1688,1911]
[0,441,1392,1911]
[0,436,800,1911]
[0,195,436,544,1153,1343,1911]
[0,195,436,544,1343,1911]
[0,436,544,1343,1911]
[0,441,800,1911]
[0,195,436,1911]
[0,195,441,544,1911]
[0,444,1343,1911]
[0,195,441,544,1343,1911]
[0,195,436,544,1274,1343,1911]
[0,195,441,1911]
[0,800,1911]
[0,441,1343,1688,1911]
[0,195,441,544,1274,1343,1911]
[0,441,1911]
[0,436,1343,1911]
[0,436,544,1153,1343,1911]
[0,195,436,1343,1911]
[0,436,1153,1343,1911]
[0,441,800,1688,1911]
[0,195,436,544,1911]
[0,441,1343,1911]
[0,1392,1911]
[0,441,544,1911]
[0,195,436,1153,1343,1911]
[0,436,544,1911]
[0,1343,1911]
[0,544,1911]
[0,436,1911]
[0,195,1911]
