[0,538,1119,1522,1774,2061,2393,2554]
[0,646,1774,2061,2393,2554]
[0,1774,2393,2554]
[0,1774,2030,2554]
[0,1311,1522,2554]
[0,538,699,1311,1522,1774,2000,2192,2393,2554]
[0,1119,1774,2554]
[0,98,538,646,1119,1522,1774,2061,2393,2554]
[0,1311,1522,1774,2000,2554]
[0,1119,1522,1774,2554]
[0,538,1119,1522,1774,2061,2554]
[0,1774,2061,2192,2393,2554]
[0,538,646,1311,1774,2393,2554]
[0,481,1522,2554]
[0,98,538,646,1311,1522,1774,2061,2393,2554]
[0,538,646,1119,1522,1774,2061,2393,2554]
[0,538,1311,1774,2000,2554]
[0,98,538,699,1774,2030,2393,2554]
[0,1311,1522,1774,2030,2393,2554]
[0,1113,1808,2393,2554]
[0,538,1113,1774,2030,2393,2554]
[0,1311,1774,2000,2192,2393,2554]
[0,1774,2554]
[0,1119,1522,1774,2061,2554]
[0,538,1311,1522,1774,2000,2554]
[0,1522,2393,2554]
[0,538,646,1119,1522,1774,2393,2554]
[0,538,1311,1522,1774,2061,2393,2554]
[0,98,1311,1522,1774,2000,2192,2393,2554]
[0,98,1311,1522,1774,2030,2393,2554]
[0,538,1119,1774,2554]
[0,538,1311,1774,2061,2393,2554]
[0,1311,1522,1774,2061,2393,2554]
[0,538,1311,1774,2030,2554]
[0,538,1311,1522,1774,2000,2192,2393,2554]
[0,1311,1774,2554]
[0,98,1774,2393,2554]
[0,98,1774,2030,2393,2554]
[0,1311,1774,2000,2554]
[0,1774,2000,2192,2554]
[0,1774,2061,2393,2554]
[0,1311,1522,1774,2030,2554]
[0,538,1808,2393,2554]
[0,538,646,1311,1522,1774,2393,2554]
[0,646,1774,2061,2554]
[0,1311,1522,1774,2061,2192,2393,2554]
[0,538,1311,1774,2393,2554]
[0,1311,1774,2030,2393,2554]
[0,538,646,1774,2061,2192,2393,2554]
[0,538,1119,1774,2061,2554]
[0,1522,2554]
[0,1774,2000,2554]
[0,98,538,646,1774,2061,2192,2393,2554]
[0,98,538,1119,1522,1774,2393,2554]
[0,98,1119,1774,2393,2554]
[0,699,1774,2030,2393,2554]
[0,538,1311,1522,1774,2393,2554]
[0,538,1311,1522,1774,2030,2554]
[0,1311,1774,2061,2554]
[0,538,1311,1522,1774,2000,2192,2554]
[0,1774,2000,2192,2393,2554]
[0,1808,2554]
[0,538,1808,2554]
[0,98,538,646,1119,1522,1774,2393,2554]
[0,538,1311,1774,2554]
[0,98,538,646,1311,1522,1774,2061,2192,2393,2554]
[0,98,538,1808,2393,2554]
[0,1311,1522,1774,2554]
[0,1119,1774,2061,2554]
[0,1311,1522,1774,2000,2192,2554]
[0,1113,1774,2554]
[0,538,699,1311,1522,1774,2030,2393,2554]
[0,1311,1774,2393,2554]
[0,1774,2061,2554]
[0,1311,1774,2030,2554]
[0,98,1808,2393,2554]
[0,1119,1774,2393,2554]
[0,538,1311,1522,1774,2554]
[0,538,1311,1522,1774,2061,2192,2393,2554]
[0,538,646,1774,2393,2554]
[0,98,538,1119,1522,1774,2061,2393,2554]
[0,538,1774,2030,2554]
[0,98,538,646,1774,2393,2554]
[0,1808,2393,2554]
[0,538,1113,1774,2554]
[0,98,538,646,1311,1774,2061,2192,2393,2554]
[0,538,1113,1808,2393,2554]
[0,538,646,1311,1522,1774,2061,2393,2554]
[0,538,1119,1522,1774,2393,2554]
[0,98,538,1113,1774,2030,2393,2554]
[0,538,1774,2554]
[0,1113,1774,2030,2393,2554]
[0,98,538,1119,1774,2393,2554]
[0,98,1113,1774,2030,2393,2554]
[0,1311,1522,1774,2000,2192,2393,2554]
[0,1774,2000,2393,2554]
[0,699,1774,2030,2554]
[0,98,538,699,1311,1522,1774,2000,2192,2393,2554]
[0,98,538,646,1119,1774,2393,2554]
[0,1119,1522,1774,2393,2554]
[0,699,1774,2554]
[0,1774,2030,2393,2554]
[0,1311,1774,2000,2192,2554]
[0,1311,1774,2061,2393,2554]
[0,538,646,1119,1774,2393,2554]
[0,538,646,1774,2061,2393,2554]
[0,538,699,1774,2030,2393,2554]
[0,538,1311,1774,2061,2554]
[0,1113,1808,2554]
[0,1113,1774,2030,2554]
[0,538,1774,2030,2393,2554]
[0,1311,1522,1774,2061,2554]
[0,538,1311,1774,2061,2192,2393,2554]
[0,98,538,646,1311,1522,1774,2393,2554]
[0,1311,1522,1774,2393,2554]
[0,1311,1774,2061,2192,2393,2554]
[0,98,538,646,1311,1774,2393,2554]
[0,646,1774,2554]
[0,538,1119,1522,1774,2554]
[0,646,1774,2061,2192,2393,2554]
[0,538,1113,1808,2554]
[0,98,538,1113,1808,2393,2554]
[0,538,646,1311,1774,2061,2192,2393,2554]
[0,98,538,1311,1522,1774,2000,2192,2393,2554]
[0,538,1311,1522,1774,2061,2554]
[0,98,538,1774,2030,2393,2554]
[0,98,538,699,1311,1522,1774,2030,2393,2554]
[0,538,646,1311,1522,1774,2061,2192,2393,2554]
[0,98,538,1311,1522,1774,2030,2393,2554]
[0,646,1774,2393,2554]
[0,538,1113,1774,2030,2554]
[0,538,1311,1522,1774,2030,2393,2554]
[0,538,1119,1774,2393,2554]
[0,1119,1522,1774,2061,2393,2554]
