[0,369,613,764,918,1031,1197]
[0,918,1197]
[0,332,548,764,1197]
[0,332,613,764,1031,1197]
[0,369,613,764,1031,1197]
[0,332,458,548,764,918,1197]
[0,369,613,918,1197]
[0,332,458,613,764,918,980,1031,1197]
[0,369,458,548,764,918,1197]
[0,332,458,548,613,764,918,1031,1197]
[0,369,458,613,918,1031,1197]
[0,548,1197]
[0,369,548,764,918,1031,1197]
[0,332,548,764,918,1197]
[0,332,613,764,918,1197]
[0,332,548,764,918,1031,1197]
[0,332,613,1031,1197]
[0,332,458,613,764,918,1031,1197]
[0,332,458,613,764,918,998,1197]
[0,458,918,1197]
[0,369,548,764,1031,1197]
[0,332,458,613,764,1197]
[0,332,458,918,1031,1197]
[0,369,458,548,918,1031,1197]
[0,369,613,918,1031,1197]
[0,369,458,613,764,918,980,1031,1197]
[0,332,613,764,1197]
[0,332,613,918,1197]
[0,458,918,1031,1197]
[0,332,458,548,764,1197]
[0,369,613,1031,1197]
[0,332,458,1197]
[0,332,548,1197]
[0,548,764,1197]
[0,332,458,548,918,1197]
[0,369,458,548,764,1197]
[0,548,918,1197]
[0,369,458,918,1197]
[0,332,458,613,764,1031,1197]
[0,369,613,980,1197]
[0,332,458,548,764,918,998,1197]
[0,332,458,548,764,918,1031,1197]
[0,613,764,1197]
[0,369,458,918,1031,1197]
[0,332,548,918,1197]
[0,369,613,1197]
[0,369,613,764,1197]
[0,613,918,1197]
[0,332,458,918,1197]
[0,548,918,1031,1197]
[0,332,458,613,764,918,1197]
[0,332,458,548,918,998,1197]
[0,332,458,548,918,1031,1197]
[0,458,764,1197]
[0,332,613,1197]
[0,332,458,613,918,1031,1197]
[0,332,458,613,918,998,1197]
[0,332,458,613,918,1197]
[0,369,458,1197]
[0,369,548,1197]
[0,332,458,918,998,1197]
[0,332,458,548,613,764,918,980,1031,1197]
[0,332,548,918,998,1197]
[0,332,548,918,1031,1197]
[0,613,1197]
[0,613,918,1031,1197]
[0,369,548,764,918,1197]
[0,918,1031,1197]
[0,369,548,764,1197]
[0,369,548,918,1197]
[0,369,458,548,764,918,1031,1197]
[0,548,764,918,1197]
[0,369,458,613,764,918,1031,1197]
[0,369,548,918,1031,1197]
[0,332,548,764,1031,1197]
[0,332,458,764,1197]
[0,458,1197]
