[0,135,272,676,966,1180]
[0,272,567,871,966,1117,1180]
[0,239,676,1117,1180]
[0,272,567,871,966,1180]
[0,871,966,1180]
[0,135,239,676,1117,1180]
[0,233,1081,1180]
[0,233,720,1180]
[0,233,720,1081,1180]
[0,233,676,1180]
[0,135,423,676,966,1180]
[0,567,871,966,1180]
[0,135,272,423,473,567,871,966,1117,1180]
[0,135,423,567,966,1180]
[0,135,423,473,676,966,1180]
[0,135,272,423,473,567,676,871,966,1117,1180]
[0,423,676,966,1180]
[0,423,473,567,1117,1180]
[0,135,239,676,871,966,1081,1180]
[0,135,239,676,966,1081,1180]
[0,423,473,567,871,966,1117,1180]
[0,423,676,1180]
[0,233,676,966,1180]
[0,135,239,676,871,966,1129,1180]
[0,676,1129,1180]
[0,567,871,966,1117,1180]
[0,676,966,1180]
[0,135,239,676,966,1129,1180]
[0,239,676,1129,1180]
[0,676,1180]
[0,239,676,1180]
[0,720,1180]
[0,239,676,966,1180]
[0,135,239,676,1129,1180]
[0,135,272,567,871,966,1117,1180]
[0,233,676,1117,1180]
[0,567,871,1117,1180]
[0,135,272,473,567,676,871,966,1180]
[0,233,1180]
[0,135,272,473,567,871,966,1117,1180]
[0,423,567,1180]
[0,135,239,676,966,1117,1180]
[0,423,567,871,966,1180]
[0,135,239,423,676,871,966,1180]
[0,233,676,966,1117,1180]
[0,135,272,473,567,871,966,1180]
[0,473,1180]
[0,135,239,423,473,676,966,1180]
[0,473,966,1180]
[0,272,676,1180]
[0,423,567,966,1180]
[0,567,1180]
[0,135,239,423,473,676,871,966,1081,1180]
[0,135,423,567,871,966,1117,1180]
[0,135,239,676,871,966,1180]
[0,423,473,676,966,1180]
[0,567,966,1180]
[0,135,272,473,567,676,871,966,1117,1180]
[0,272,567,966,1180]
[0,423,567,871,1180]
[0,135,239,676,1180]
[0,423,473,567,871,1117,1180]
[0,423,567,871,1117,1180]
[0,233,473,1180]
[0,272,676,966,1180]
[0,567,871,1180]
[0,135,423,567,871,966,1180]
[0,272,567,1180]
[0,423,567,1117,1180]
[0,135,239,423,473,676,871,966,1180]
[0,135,423,473,567,871,966,1117,1180]
[0,135,272,567,676,871,966,1180]
[0,135,239,423,676,871,966,1081,1180]
[0,423,1180]
[0,473,871,966,1180]
[0,233,473,966,1180]
[0,135,239,676,966,1180]
[0,423,567,871,966,1117,1180]
[0,135,272,567,676,966,1180]
[0,567,1117,1180]
[0,135,239,423,676,966,1180]
[0,135,272,676,871,966,1180]
[0,135,272,567,966,1180]
[0,676,1117,1180]
[0,135,239,423,676,966,1081,1180]
[0,135,272,567,871,966,1180]
[0,871,1180]
