[0,146,975,1624,1888,2019]
[0,146,738,1214,1490,2019]
[0,146,794,861,1888,2019]
[0,1214,2019]
[0,146,738,794,1214,1490,1888,2019]
[0,146,1030,2019]
[0,738,1214,1490,2019]
[0,146,794,861,1214,1490,1624,1888,2019]
[0,146,1624,2019]
[0,146,1030,1624,2019]
[0,146,738,1214,2019]
[0,1030,1624,2019]
[0,146,794,2019]
[0,146,794,861,1018,1214,1490,1888,2019]
[0,407,1214,1490,2019]
[0,146,861,1018,1214,1490,1888,2019]
[0,146,1214,1490,2019]
[0,975,1624,2019]
[0,146,1214,1888,2019]
[0,146,861,1214,2019]
[0,146,407,975,1214,1490,1624,2019]
[0,146,794,1888,2019]
[0,861,2019]
[0,861,1214,2019]
[0,146,861,1018,1214,1490,2019]
[0,146,1214,2019]
[0,146,1624,1888,2019]
[0,146,407,1214,1490,1624,2019]
[0,1030,2019]
[0,1624,2019]
[0,738,1214,2019]
[0,146,738,794,1214,1888,2019]
[0,146,794,861,1214,1888,2019]
[0,146,1214,1490,1888,2019]
[0,146,861,975,1214,1490,1624,1888,2019]
[0,146,975,1888,2019]
[0,146,738,1214,1490,1888,2019]
[0,1888,2019]
[0,146,861,1214,1888,2019]
[0,794,1888,2019]
[0,1214,1490,2019]
[0,407,1214,2019]
[0,975,1214,1490,2019]
[0,146,861,1214,1490,1888,2019]
[0,1214,1888,2019]
[0,146,407,1214,1490,1624,1888,2019]
[0,146,794,861,975,1214,1490,1624,1888,2019]
[0,407,975,1214,1490,2019]
[0,146,407,794,861,975,1214,1490,1624,1888,2019]
[0,146,861,1214,1490,1624,2019]
[0,861,1018,1214,1490,2019]
[0,146,1030,1624,1888,2019]
[0,861,1214,1490,2019]
[0,146,975,2019]
[0,146,1888,2019]
[0,146,1030,1888,2019]
[0,1676,2019]
[0,146,738,1214,1888,2019]
[0,861,1490,2019]
[0,794,1676,2019]
[0,146,861,1888,2019]
[0,146,2019]
[0,146,738,794,1214,1490,1624,1888,2019]
[0,146,407,975,1214,1490,1624,1888,2019]
[0,146,1214,1490,1624,1888,2019]
[0,146,407,861,975,1214,1490,1624,1888,2019]
[0,146,861,1214,1490,1624,1888,2019]
[0,975,2019]
[0,1018,1214,1490,2019]
[0,146,407,975,1214,1490,2019]
[0,146,738,1214,1490,1624,1888,2019]
[0,146,1214,1490,1624,2019]
[0,146,861,1214,1490,2019]
[0,146,975,1624,2019]
[0,146,794,861,1214,1490,1888,2019]
[0,146,407,1214,1490,2019]
[0,146,738,1214,1490,1624,2019]
[0,146,861,2019]
[0,794,2019]
