[0,861,1508,2019]
[0,161,694,883,2019]
[0,161,694,883,1171,1253,1508,1618,1775,2019]
[0,161,883,2019]
[0,161,861,2019]
[0,161,337,694,883,1220,1508,2019]
[0,161,694,883,1253,1508,1775,2019]
[0,694,1487,2019]
[0,161,694,883,1253,1508,1618,1775,2019]
[0,161,694,883,1084,1253,1508,2019]
[0,161,694,883,1508,1618,1775,2019]
[0,694,1775,2019]
[0,161,694,883,1220,1508,2019]
[0,694,883,1253,1508,2019]
[0,694,2019]
[0,694,883,1253,1497,2019]
[0,883,2019]
[0,161,2019]
[0,861,2019]
[0,337,2019]
[0,694,1220,2019]
[0,694,1253,2019]
[0,1253,1508,2019]
[0,1253,1497,2019]
[0,694,883,1508,2019]
[0,694,883,1497,2019]
[0,694,1253,1497,1775,2019]
[0,883,1508,2019]
[0,161,337,694,883,1508,2019]
[0,694,883,2019]
[0,161,337,694,883,1084,1253,1508,2019]
[0,161,694,883,1618,1775,2019]
[0,161,694,883,1497,1618,2019]
[0,161,694,883,1084,1253,1508,1775,2019]
[0,161,1220,2019]
[0,161,883,1508,2019]
[0,883,1497,2019]
[0,694,1253,1497,2019]
[0,161,694,883,1508,2019]
[0,337,694,883,1253,1508,2019]
[0,161,694,883,1497,2019]
[0,161,694,883,1497,1618,1775,2019]
[0,1220,1508,2019]
[0,694,883,1084,1253,1508,2019]
[0,337,694,883,1084,1253,1508,2019]
[0,694,883,1220,1508,2019]
[0,161,694,883,1508,1618,2019]
[0,337,883,1253,1508,2019]
[0,337,694,883,1508,2019]
[0,883,1253,1508,2019]
[0,161,694,883,1171,1253,1508,2019]
[0,694,883,1775,2019]
[0,694,1220,1508,2019]
[0,1220,2019]
[0,161,694,883,1253,1497,1618,1775,2019]
[0,161,694,883,1253,1508,1618,2019]
[0,1497,2019]
[0,1508,2019]
[0,694,1253,1775,2019]
[0,694,883,1253,1497,1775,2019]
[0,161,883,1253,1508,2019]
[0,337,694,883,1220,1508,2019]
[0,161,1220,1508,2019]
[0,337,883,2019]
[0,694,1253,1508,1775,2019]
[0,694,883,1084,1253,1508,1775,2019]
[0,161,694,883,1253,1508,2019]
[0,161,694,883,1775,2019]
[0,161,694,883,1253,1497,2019]
[0,694,1253,1508,2019]
[0,337,883,1220,1508,2019]
[0,161,694,883,1253,1497,1775,2019]
[0,337,883,1508,2019]
[0,161,861,1508,2019]
[0,161,694,883,1084,1253,1508,1618,1775,2019]
[0,694,883,1253,1508,1775,2019]
