[0,92,729,922]
[0,92,398,599,776,922]
[0,145,266,398,545,729,776,922]
[0,729,922]
[0,145,266,398,729,776,922]
[0,398,729,922]
[0,398,599,922]
[0,145,198,398,729,922]
[0,198,922]
[0,145,398,922]
[0,145,398,729,776,922]
[0,398,599,776,922]
[0,92,398,729,922]
[0,92,266,398,599,776,922]
[0,92,398,599,922]
[0,92,266,398,545,729,922]
[0,145,198,398,545,729,776,922]
[0,198,729,922]
[0,145,922]
[0,92,389,545,922]
[0,729,776,922]
[0,389,545,922]
[0,145,198,398,729,776,922]
[0,266,398,545,729,922]
[0,145,266,398,729,922]
[0,145,198,398,545,729,922]
[0,92,398,729,776,922]
[0,398,922]
[0,92,398,922]
[0,92,922]
[0,92,398,545,729,776,922]
[0,92,398,545,729,922]
[0,92,389,922]
[0,389,922]
[0,145,266,398,545,729,922]
[0,145,398,545,729,922]
[0,145,398,729,922]
[0,266,398,599,776,922]
[0,398,729,776,922]
[0,398,545,729,922]
