[0,326,660,1026,1264,1590,1731,1831,2019]
[0,660,1377,1590,2019]
[0,626,1414,2019]
[0,326,660,937,1026,1264,1731,1831,2019]
[0,1377,2019]
[0,326,660,1026,2019]
[0,326,660,937,1026,1731,1831,2019]
[0,326,1026,1831,2019]
[0,326,660,1026,1377,1590,2019]
[0,326,655,1026,1377,2019]
[0,937,1264,2019]
[0,326,660,1264,1831,2019]
[0,937,1026,2019]
[0,660,1026,1377,1590,2019]
[0,1839,2019]
[0,1590,2019]
[0,660,1264,1590,1831,2019]
[0,1026,1831,2019]
[0,1022,2019]
[0,626,2019]
[0,660,1264,2019]
[0,326,660,1377,1590,2019]
[0,655,1377,1590,1904,2019]
[0,326,660,1026,1264,1590,2019]
[0,326,1026,2019]
[0,937,1264,1590,2019]
[0,937,1264,1590,1831,2019]
[0,326,660,1026,1831,2019]
[0,52,492,660,1377,1590,1904,2019]
[0,326,660,1026,1731,1831,2019]
[0,326,660,1414,1839,2019]
[0,326,660,1026,1264,1731,1831,2019]
[0,326,1026,1590,1831,2019]
[0,1731,1831,2019]
[0,660,1026,1590,1831,2019]
[0,492,660,1026,1377,1590,2019]
[0,52,492,660,1026,1377,1590,1904,2019]
[0,660,1026,1731,1831,2019]
[0,326,2019]
[0,660,1831,2019]
[0,326,1831,2019]
[0,326,660,1377,2019]
[0,626,1414,1839,2019]
[0,660,1026,1264,1590,1831,2019]
[0,660,1026,1831,2019]
[0,660,1377,2019]
[0,1264,1590,1831,2019]
[0,1026,1731,1831,2019]
[0,626,1839,2019]
[0,326,660,1026,1264,1831,2019]
[0,660,2019]
[0,326,660,1264,1590,2019]
[0,326,1839,2019]
[0,326,655,1377,1590,1904,2019]
[0,326,660,1026,1264,1590,1831,2019]
[0,1264,1831,2019]
[0,660,1026,1377,2019]
[0,326,937,1026,1731,1831,2019]
[0,1026,1590,2019]
[0,326,660,1026,1264,2019]
[0,1377,1590,1904,2019]
[0,326,660,1264,2019]
[0,626,1022,2019]
[0,326,1026,1731,1831,2019]
[0,655,2019]
[0,492,660,1026,1377,1590,1904,2019]
[0,660,1026,1590,2019]
[0,660,1264,1590,2019]
[0,326,660,1026,1377,1590,1731,2019]
[0,660,1414,2019]
[0,1264,1731,1831,2019]
[0,326,655,1377,2019]
[0,1026,1590,1831,2019]
[0,1414,2019]
[0,326,660,937,1026,1590,1831,2019]
[0,1264,1590,2019]
[0,528,660,937,1026,1264,1590,1831,2019]
[0,660,1026,1264,1590,2019]
[0,1264,2019]
[0,326,660,937,1026,1264,1590,1831,2019]
[0,326,660,1264,1590,1831,2019]
[0,655,1377,2019]
[0,326,937,1026,1590,1831,2019]
[0,1377,1590,2019]
[0,326,660,1377,1590,1904,2019]
[0,660,1026,2019]
[0,326,660,1026,1377,1590,1904,2019]
[0,326,660,1026,1377,1590,1731,1904,2019]
[0,326,1026,1590,2019]
[0,660,1264,1731,1831,2019]
[0,937,1026,1731,1831,2019]
[0,937,1026,1264,1590,1831,2019]
[0,1026,2019]
[0,492,660,1377,1590,2019]
[0,655,1377,1590,2019]
[0,326,660,1026,1590,1831,2019]
[0,528,660,1026,1264,1590,1831,2019]
[0,660,1264,1831,2019]
[0,326,655,1026,1377,1590,2019]
[0,1590,1831,2019]
[0,326,660,2019]
[0,326,660,1026,1377,2019]
[0,799,2019]
[0,660,937,1026,1264,1590,1831,2019]
[0,326,660,937,1026,1264,1590,1731,1831,2019]
[0,326,660,1839,2019]
[0,1831,2019]
[0,492,660,1377,1590,1904,2019]
[0,937,1026,1590,1831,2019]
[0,326,660,1414,2019]
[0,326,660,1264,1731,1831,2019]
[0,326,655,1377,1590,2019]
[0,937,1026,1831,2019]
[0,655,1026,1377,2019]
[0,326,660,1026,1590,2019]
[0,660,1377,1590,1904,2019]
[0,326,655,1026,1377,1590,1904,2019]
[0,528,660,1264,1590,1831,2019]
