[0,973,2655,3353]
[0,1087,2348,3353]
[0,973,2348,3277,3353]
[0,973,1330,2246,2655,2933,3277,3353]
[0,973,1330,2246,2348,3353]
[0,151,1087,2348,3277,3353]
[0,151,973,1330,2246,2348,2933,3353]
[0,1330,2246,3277,3353]
[0,2246,2933,3277,3353]
[0,1330,2246,2348,3353]
[0,973,1330,2246,2348,2933,3277,3353]
[0,2246,3277,3353]
[0,2246,2348,2933,3277,3353]
[0,973,1330,2246,2933,3353]
[0,1330,2246,2348,2933,3353]
[0,973,3277,3353]
[0,151,973,1330,2246,2655,3277,3353]
[0,973,2348,3353]
[0,973,1330,2246,2655,3277,3353]
[0,1330,2246,2933,3353]
[0,973,3353]
[0,151,973,1330,2246,2933,3277,3353]
[0,973,1330,2246,2655,3353]
[0,3277,3353]
[0,2246,2348,3353]
[0,973,1330,2246,3353]
[0,1330,2246,2348,2933,3277,3353]
[0,2246,2655,3277,3353]
[0,2246,2348,3277,3353]
[0,151,973,1330,2246,2655,2933,3353]
[0,151,973,1330,2246,2933,3353]
[0,151,3277,3353]
[0,973,1330,2246,2348,2933,3353]
[0,151,2246,2655,3277,3353]
[0,2246,2933,3353]
[0,1330,2246,2655,3277,3353]
[0,1087,3353]
[0,2348,3353]
[0,1330,2246,2655,3353]
[0,151,973,1330,2246,2348,2933,3277,3353]
[0,1330,2246,2933,3277,3353]
[0,973,1330,2246,2655,2933,3353]
[0,2246,2655,3353]
[0,2246,2348,2933,3353]
[0,1330,2246,3353]
[0,151,1087,3277,3353]
[0,151,1087,3353]
[0,973,1330,3353]
[0,151,2246,2655,3353]
[0,151,1087,2348,3353]
[0,151,973,1330,2246,2655,3353]
[0,2933,3353]
[0,151,3353]
[0,151,973,1330,2246,2655,2933,3277,3353]
[0,973,1330,2246,2933,3277,3353]
[0,2246,3353]
