[0,72,132,238,387,559,726,1180]
[0,238,387,507,768,1180]
[0,559,726,1180]
[0,72,238,507,559,698,1180]
[0,72,238,507,1180]
[0,72,238,727,1180]
[0,72,238,387,727,1180]
[0,238,727,1180]
[0,507,559,698,1180]
[0,72,238,387,507,559,675,727,768,1180]
[0,72,238,387,507,559,727,1180]
[0,238,387,559,727,1180]
[0,238,559,698,1180]
[0,72,238,387,507,559,726,768,1180]
[0,72,238,387,507,559,698,1180]
[0,238,507,1180]
[0,727,1180]
[0,72,238,387,507,559,1180]
[0,72,238,387,675,727,1180]
[0,238,1180]
[0,72,132,238,387,507,559,726,1180]
[0,72,238,559,727,1180]
[0,698,1180]
[0,559,727,1180]
[0,72,238,387,1180]
[0,72,238,559,698,1180]
[0,238,559,726,1180]
[0,72,238,387,507,559,726,1180]
[0,238,559,1180]
[0,238,387,507,727,1180]
[0,72,238,507,559,1180]
[0,507,559,726,1180]
[0,726,1180]
[0,238,387,768,1180]
[0,72,132,238,559,726,1180]
[0,72,238,559,726,1180]
[0,72,238,507,559,727,1180]
[0,238,726,1180]
[0,238,387,1180]
[0,238,675,727,1180]
[0,72,238,387,507,675,727,1180]
[0,507,559,727,1180]
[0,238,559,727,1180]
[0,238,507,559,727,1180]
[0,72,238,675,727,1180]
[0,72,238,387,507,727,1180]
[0,72,238,387,507,559,675,726,768,1180]
[0,238,507,559,698,1180]
[0,72,132,238,387,507,559,726,768,1180]
[0,507,1180]
[0,72,238,387,507,1180]
[0,238,507,559,1180]
[0,72,238,387,559,726,1180]
[0,238,387,507,1180]
[0,507,559,1180]
[0,72,132,238,387,507,559,675,726,768,1180]
[0,72,238,387,507,559,727,768,1180]
[0,72,238,507,559,726,1180]
[0,72,238,387,507,768,1180]
[0,238,698,1180]
[0,72,238,559,1180]
[0,238,507,559,726,1180]
[0,238,387,727,1180]
[0,72,238,387,507,559,675,727,1180]
[0,238,387,559,698,1180]
[0,238,387,698,1180]
[0,238,559,768,1180]
[0,72,238,387,507,559,768,1180]
[0,238,387,507,559,727,1180]
[0,559,1180]
[0,559,698,1180]
[0,768,1180]
[0,238,387,559,726,1180]
[0,72,238,387,559,727,1180]
[0,72,238,559,768,1180]
[0,72,132,238,387,507,559,675,726,1180]
[0,238,768,1180]
[0,72,238,387,507,559,675,726,1180]
[0,72,238,1180]
[0,72,238,387,559,698,1180]
