[0,130,295,539,739,877,978,1046]
[0,295,450,630,739,877,1046]
[0,295,450,539,1046]
[0,297,450,630,739,877,1046]
[0,130,297,450,739,877,1046]
[0,297,539,877,1046]
[0,297,450,539,630,739,877,978,1046]
[0,295,450,539,877,978,1046]
[0,52,739,877,978,1046]
[0,539,739,877,1046]
[0,739,877,978,1046]
[0,831,1046]
[0,52,130,295,338,450,539,877,978,1046]
[0,130,295,450,739,877,1046]
[0,130,297,450,539,630,739,1046]
[0,130,539,739,877,1046]
[0,130,295,450,539,739,1046]
[0,52,130,297,450,539,739,877,978,1046]
[0,295,450,739,1046]
[0,130,297,450,739,1046]
[0,52,739,877,1046]
[0,295,739,1046]
[0,130,297,450,539,630,739,877,1046]
[0,297,450,539,630,739,1046]
[0,130,297,450,539,877,978,1046]
[0,295,450,539,739,1046]
[0,297,450,539,1046]
[0,295,450,539,877,1046]
[0,130,297,450,539,739,877,1046]
[0,273,1046]
[0,52,539,877,1046]
[0,273,831,1046]
[0,52,130,295,338,450,539,630,739,877,978,1046]
[0,539,739,877,978,1046]
[0,295,450,539,630,739,877,1046]
[0,297,450,539,739,877,1046]
[0,52,877,1046]
[0,130,297,450,539,739,877,978,1046]
[0,130,539,739,877,978,1046]
[0,539,877,1046]
[0,130,295,450,739,1046]
[0,130,295,450,539,630,739,1046]
[0,130,295,539,739,877,1046]
[0,297,539,1046]
[0,295,539,739,877,1046]
[0,450,539,877,1046]
[0,739,1046]
[0,539,877,978,1046]
[0,130,295,450,539,739,877,978,1046]
[0,295,539,739,1046]
[0,52,130,297,450,539,630,739,877,978,1046]
[0,130,297,450,539,739,1046]
[0,130,539,877,1046]
[0,295,450,539,739,877,978,1046]
[0,297,450,630,739,1046]
[0,130,295,450,630,739,877,1046]
[0,295,539,1046]
[0,877,1046]
[0,130,295,450,539,877,978,1046]
[0,295,450,630,739,1046]
[0,295,450,539,630,739,877,978,1046]
[0,130,297,450,630,739,1046]
[0,52,536,739,877,1046]
[0,450,539,877,978,1046]
[0,130,295,450,539,630,739,877,1046]
[0,130,297,450,630,739,877,1046]
[0,130,297,450,539,877,1046]
[0,130,295,450,539,739,877,1046]
[0,297,450,539,630,739,877,1046]
[0,295,539,877,1046]
[0,295,450,539,630,739,1046]
[0,52,297,450,539,877,978,1046]
[0,52,739,1046]
[0,450,539,739,1046]
[0,130,295,450,539,877,1046]
[0,52,297,450,539,739,877,978,1046]
[0,539,739,1046]
[0,52,130,295,338,450,539,739,877,978,1046]
[0,536,739,1046]
[0,130,297,450,539,630,739,877,978,1046]
[0,130,539,739,1046]
[0,297,450,539,739,1046]
[0,130,295,450,630,739,1046]
[0,297,450,739,877,1046]
[0,130,297,539,877,1046]
[0,877,978,1046]
[0,297,450,539,877,978,1046]
[0,539,1046]
[0,295,450,739,877,1046]
[0,52,130,295,450,539,630,739,877,978,1046]
[0,295,450,539,739,877,1046]
[0,536,739,877,1046]
[0,297,450,539,739,877,978,1046]
[0,52,130,295,450,539,739,877,978,1046]
[0,739,877,1046]
[0,297,450,739,1046]
[0,450,539,1046]
[0,130,295,539,877,1046]
[0,450,739,1046]
[0,52,130,295,450,539,877,978,1046]
[0,130,295,450,539,630,739,877,978,1046]
[0,297,450,539,877,1046]
[0,52,130,297,450,539,877,978,1046]
