[0,472,680,766,1288,1544,1651]
[0,222,472,766,1288,1544,1651]
[0,1429,1651]
[0,472,625,766,1544,1651]
[0,1288,1651]
[0,325,766,1288,1544,1651]
[0,325,680,766,1651]
[0,325,1288,1651]
[0,472,680,766,1544,1651]
[0,472,766,1285,1429,1544,1651]
[0,1429,1544,1651]
[0,472,625,766,1288,1651]
[0,325,680,1651]
[0,472,766,1285,1429,1651]
[0,325,680,766,1288,1374,1544,1651]
[0,325,680,1067,1288,1651]
[0,472,766,1544,1651]
[0,325,680,766,1544,1651]
[0,325,680,1067,1651]
[0,325,766,1544,1651]
[0,472,680,766,1288,1374,1544,1651]
[0,325,680,766,1067,1288,1374,1544,1651]
[0,472,1285,1429,1651]
[0,222,472,680,766,1288,1374,1544,1651]
[0,325,1288,1429,1651]
[0,472,766,1288,1651]
[0,325,680,766,1288,1651]
[0,325,766,1288,1651]
[0,325,766,1288,1374,1544,1651]
[0,325,680,1067,1288,1544,1651]
[0,472,1651]
[0,105,472,625,766,1288,1544,1651]
[0,325,680,1067,1288,1374,1544,1651]
[0,472,1544,1651]
[0,472,766,1288,1374,1544,1651]
[0,325,680,766,1067,1288,1544,1651]
[0,625,1429,1651]
[0,680,766,1544,1651]
[0,325,1067,1288,1544,1651]
[0,325,1544,1651]
[0,222,472,766,1651]
[0,472,766,1288,1544,1651]
[0,472,625,766,1651]
[0,325,680,766,1288,1544,1651]
[0,472,625,766,1288,1544,1651]
[0,472,766,1285,1651]
[0,766,1651]
[0,472,1288,1651]
[0,680,1544,1651]
[0,625,1651]
[0,325,1288,1429,1544,1651]
[0,680,1651]
[0,325,766,1651]
[0,1285,1651]
[0,325,1067,1288,1651]
[0,325,1285,1429,1651]
[0,472,766,1651]
[0,1288,1429,1544,1651]
[0,222,472,766,1288,1374,1544,1651]
[0,1288,1429,1651]
[0,325,1285,1429,1544,1651]
[0,325,680,766,1067,1288,1651]
[0,222,472,766,1544,1651]
[0,1285,1429,1544,1651]
[0,222,472,680,766,1544,1651]
[0,325,1285,1651]
[0,766,1288,1651]
[0,1285,1429,1651]
[0,325,1651]
[0,680,766,1651]
[0,472,1285,1651]
[0,1544,1651]
[0,222,472,766,1288,1651]
[0,680,1067,1651]
[0,472,1285,1429,1544,1651]
