[0,661,796,1405,1632]
[0,661,796,1229,1437,1632]
[0,125,661,796,1405,1632]
[0,1405,1632]
[0,125,1437,1632]
[0,125,1153,1632]
[0,125,661,796,1229,1437,1632]
[0,125,661,796,1214,1405,1527,1632]
[0,125,796,1632]
[0,796,1229,1632]
[0,661,1632]
[0,661,796,1437,1632]
[0,125,661,1153,1632]
[0,125,661,796,1153,1214,1405,1632]
[0,796,1229,1405,1632]
[0,796,1405,1632]
[0,125,661,796,1632]
[0,796,1214,1405,1632]
[0,661,796,1229,1405,1632]
[0,125,661,796,1229,1405,1632]
[0,125,661,796,1437,1632]
[0,661,1153,1632]
[0,125,661,796,1229,1405,1527,1632]
[0,661,796,1632]
[0,125,1405,1632]
[0,661,796,1214,1405,1632]
[0,661,1214,1632]
[0,1153,1632]
[0,796,1437,1632]
[0,1437,1632]
[0,125,661,796,1153,1214,1405,1527,1632]
[0,125,661,796,1214,1405,1632]
[0,125,1632]
[0,796,1632]
[0,796,1229,1437,1632]
