[0,864,1945,2227,2956]
[0,864,1343,2956]
[0,182,1945,2227,2956]
[0,527,1945,2676,2956]
[0,864,1945,2227,2676,2956]
[0,864,1343,1945,2227,2956]
[0,182,1180,1945,2227,2956]
[0,182,864,1454,1945,2227,2676,2956]
[0,182,864,1454,1859,1945,2227,2676,2956]
[0,376,864,1945,2227,2956]
[0,1180,1945,2227,2676,2956]
[0,864,1454,2227,2956]
[0,182,1180,1454,1859,1945,2227,2956]
[0,182,1180,1454,1945,2227,2956]
[0,376,864,1945,2227,2676,2956]
[0,182,864,1454,1945,2227,2956]
[0,864,2227,2956]
[0,1343,2956]
[0,376,864,1343,1945,2227,2676,2956]
[0,182,864,1343,1945,2227,2676,2956]
[0,376,864,1454,2956]
[0,182,1454,1859,1945,2227,2956]
[0,376,1343,2956]
[0,182,1859,1945,2227,2676,2956]
[0,376,1454,2227,2956]
[0,864,1945,2956]
[0,376,864,1945,2956]
[0,1945,2227,2676,2956]
[0,182,1343,1859,1945,2227,2676,2956]
[0,182,864,1454,1859,1945,2227,2956]
[0,376,864,1454,1945,2227,2676,2956]
[0,182,864,1343,1859,1945,2227,2676,2956]
[0,182,376,864,1343,1945,2227,2676,2956]
[0,1343,2227,2956]
[0,2676,2956]
[0,864,1343,2227,2956]
[0,182,1343,1945,2227,2676,2956]
[0,864,1454,1945,2227,2676,2956]
[0,376,864,1343,1945,2227,2956]
[0,1945,2956]
[0,376,1454,1945,2227,2956]
[0,376,1454,1945,2227,2676,2956]
[0,182,2956]
[0,182,1454,1945,2227,2956]
[0,182,864,1945,2227,2956]
[0,376,1945,2956]
[0,376,864,1343,2956]
[0,376,864,1454,2227,2956]
[0,864,1454,1945,2227,2956]
[0,182,1859,1945,2956]
[0,1454,2956]
[0,1859,2956]
[0,864,2956]
[0,376,1454,2956]
[0,1454,1945,2227,2956]
[0,527,2956]
[0,1945,2227,2956]
[0,527,2676,2956]
[0,182,1859,1945,2227,2956]
[0,182,1180,1454,1945,2227,2676,2956]
[0,182,376,864,1454,1945,2227,2676,2956]
[0,1180,2956]
[0,1343,1945,2227,2676,2956]
[0,527,1945,2956]
[0,1454,2227,2956]
[0,1180,1454,1945,2227,2676,2956]
[0,864,1454,2956]
[0,182,864,1945,2227,2676,2956]
[0,182,1180,1454,1859,1945,2227,2676,2956]
[0,1180,1454,1945,2227,2956]
[0,1343,1945,2227,2956]
[0,1180,1945,2227,2956]
[0,182,1945,2956]
[0,376,864,1343,2227,2956]
[0,376,864,1343,2676,2956]
[0,376,1343,2227,2956]
[0,2227,2956]
[0,376,864,1454,1945,2227,2956]
[0,376,2956]
[0,376,1945,2227,2676,2956]
[0,182,1945,2227,2676,2956]
[0,376,1945,2227,2956]
[0,1859,1945,2956]
[0,1180,1945,2956]
[0,864,1343,1945,2227,2676,2956]
