[0,461,1046]
[0,97,221,678,820,1046]
[0,97,221,347,461,820,1046]
[0,97,221,820,865,1046]
[0,221,347,820,1046]
[0,347,461,678,820,1046]
[0,166,461,820,1046]
[0,820,1046]
[0,97,221,820,1046]
[0,347,461,820,865,1046]
[0,97,221,347,461,678,820,1046]
[0,97,221,347,620,820,865,1046]
[0,97,221,347,620,820,1046]
[0,347,461,1046]
[0,221,347,620,820,1046]
[0,221,347,461,820,1046]
[0,97,221,347,865,1046]
[0,221,620,1046]
[0,221,347,461,820,865,1046]
[0,678,820,1046]
[0,97,673,820,1046]
[0,221,412,678,1046]
[0,347,678,820,1046]
[0,820,865,1046]
[0,221,673,1046]
[0,97,221,347,461,820,865,1046]
[0,97,221,347,620,1046]
[0,865,1046]
[0,97,1046]
[0,221,412,673,1046]
[0,347,461,820,1046]
[0,347,865,1046]
[0,97,221,347,461,620,678,820,1046]
[0,97,673,820,865,1046]
[0,97,221,347,461,1046]
[0,97,221,412,673,820,1046]
[0,412,678,1046]
[0,97,221,347,461,678,820,865,1046]
[0,221,347,678,820,1046]
[0,221,347,620,1046]
[0,673,820,1046]
[0,412,678,820,1046]
[0,620,1046]
[0,221,412,678,820,1046]
[0,97,678,820,1046]
[0,97,221,347,1046]
[0,347,1046]
[0,221,347,673,820,1046]
[0,97,221,347,461,673,820,1046]
[0,221,678,1046]
[0,97,820,865,1046]
[0,97,865,1046]
[0,673,820,865,1046]
[0,412,673,1046]
[0,221,347,461,1046]
[0,221,347,461,678,820,1046]
[0,221,865,1046]
[0,221,1046]
[0,221,620,820,1046]
[0,97,221,347,461,673,820,865,1046]
[0,97,221,673,820,865,1046]
[0,461,820,1046]
[0,461,820,865,1046]
[0,97,221,412,678,820,1046]
[0,97,221,673,820,1046]
[0,221,347,1046]
[0,221,820,1046]
[0,221,412,673,820,1046]
[0,412,673,820,1046]
[0,284,820,1046]
[0,97,221,1046]
[0,284,1046]
[0,678,1046]
[0,347,678,1046]
[0,221,673,820,1046]
[0,221,347,865,1046]
[0,221,347,461,673,820,1046]
[0,97,221,412,673,820,865,1046]
[0,97,221,347,820,865,1046]
[0,347,673,820,1046]
[0,221,678,820,1046]
[0,673,1046]
[0,347,673,1046]
[0,97,221,347,461,620,678,820,865,1046]
