[0,113,331,459,756,1249]
[0,331,459,1249]
[0,113,163,331,462,978,1053,1173,1249]
[0,331,459,756,1077,1249]
[0,162,331,541,1053,1205,1249]
[0,331,462,1053,1249]
[0,162,331,541,1092,1249]
[0,162,331,459,756,1249]
[0,113,331,462,756,1053,1173,1249]
[0,462,1249]
[0,162,331,459,978,1077,1205,1249]
[0,113,331,541,1249]
[0,113,163,331,459,756,978,1077,1205,1249]
[0,162,331,459,1077,1249]
[0,331,756,1249]
[0,459,1077,1249]
[0,113,163,331,462,1173,1249]
[0,459,756,1077,1249]
[0,162,331,459,756,1053,1249]
[0,331,459,978,1077,1249]
[0,113,163,331,459,577,756,827,978,1077,1205,1249]
[0,331,459,756,1249]
[0,331,459,1205,1249]
[0,162,331,459,577,1205,1249]
[0,113,331,462,756,1053,1249]
[0,162,331,756,1249]
[0,607,1249]
[0,331,459,1077,1249]
[0,113,331,459,577,1249]
[0,113,331,459,1249]
[0,113,163,331,459,1249]
[0,162,331,459,756,1077,1249]
[0,113,331,459,756,1077,1249]
[0,162,331,459,827,1077,1249]
[0,113,541,1249]
[0,459,827,1077,1249]
[0,113,331,459,978,1077,1249]
[0,162,331,459,577,1077,1249]
[0,113,331,459,577,827,978,1077,1249]
[0,331,541,1053,1249]
[0,331,459,577,1249]
[0,113,331,459,577,827,1077,1249]
[0,162,331,459,577,756,1053,1205,1249]
[0,113,163,331,459,756,978,1077,1249]
[0,113,163,331,459,1077,1205,1249]
[0,113,331,462,1173,1249]
[0,162,331,541,1053,1249]
[0,162,331,459,577,756,827,978,1077,1205,1249]
[0,162,331,459,577,756,827,1053,1249]
[0,607,1077,1249]
[0,462,756,1249]
[0,113,163,331,462,756,827,978,1053,1173,1249]
[0,113,331,541,1053,1173,1249]
[0,459,827,1249]
[0,331,459,1077,1205,1249]
[0,162,331,459,756,978,1077,1205,1249]
[0,162,459,1249]
[0,113,331,541,1053,1249]
[0,113,1249]
[0,162,331,459,577,756,827,1053,1205,1249]
[0,462,1053,1249]
[0,113,163,331,462,1053,1173,1249]
[0,113,163,331,459,1205,1249]
[0,756,1077,1249]
[0,331,541,1249]
[0,162,331,459,577,756,827,978,1077,1249]
[0,162,331,459,978,1077,1249]
[0,162,331,459,577,756,827,1249]
[0,459,756,1249]
[0,113,331,462,1053,1173,1249]
[0,113,163,331,462,756,978,1053,1173,1249]
[0,162,459,827,1077,1249]
[0,113,331,462,1249]
[0,113,331,459,577,756,827,978,1077,1249]
[0,162,331,541,1249]
[0,162,331,459,1053,1249]
[0,541,827,1249]
[0,162,331,459,577,756,1053,1249]
[0,459,1053,1249]
[0,113,163,331,459,1077,1249]
[0,462,756,1053,1249]
[0,541,1249]
[0,113,331,462,756,1249]
[0,113,331,459,1077,1249]
[0,331,459,827,1077,1249]
[0,113,331,459,577,1077,1249]
[0,162,331,459,577,1053,1205,1249]
[0,162,331,459,756,978,1077,1249]
[0,331,459,577,1077,1249]
[0,113,331,541,1173,1249]
[0,113,331,462,756,827,978,1053,1173,1249]
[0,162,331,459,577,827,978,1077,1249]
[0,162,331,459,577,978,1077,1249]
[0,113,331,459,756,978,1077,1249]
[0,162,331,459,1249]
[0,113,163,331,459,577,756,827,978,1077,1249]
[0,162,331,459,577,1249]
[0,113,331,462,1053,1249]
[0,113,163,331,459,978,1077,1205,1249]
[0,113,163,331,459,756,827,978,1077,1249]
[0,162,331,459,577,756,1249]
[0,541,1077,1249]
[0,113,163,331,459,756,827,978,1077,1205,1249]
[0,162,331,459,756,827,978,1077,1249]
[0,113,331,462,756,978,1053,1173,1249]
[0,113,331,459,756,827,978,1077,1249]
[0,331,756,1077,1249]
[0,331,459,978,1077,1205,1249]
[0,113,163,331,459,978,1077,1249]
[0,162,331,459,577,1053,1249]
[0,162,331,459,756,827,978,1077,1205,1249]
[0,331,756,1053,1249]
[0,541,827,1077,1249]
[0,162,331,756,1053,1249]
[0,756,1249]
[0,162,331,459,577,827,1077,1249]
[0,459,1249]
[0,162,459,1053,1249]
[0,162,331,541,1205,1249]
[0,162,331,756,1077,1249]
[0,978,1249]
[0,331,462,1249]
[0,756,1053,1249]
[0,331,459,577,827,1077,1249]
[0,162,459,1077,1249]
[0,331,462,756,1249]
[0,331,462,756,1053,1249]
[0,113,331,459,577,978,1077,1249]
[0,113,331,462,978,1053,1173,1249]
