[0,293,812,1428,2053]
[0,293,648,812,934,1316,1428,1522,1893,2053]
[0,57,293,812,934,1255,1893,2053]
[0,498,1647,1893,2053]
[0,293,648,1362,2053]
[0,57,293,812,934,1428,1893,2053]
[0,648,1255,2053]
[0,293,812,934,1428,1893,2053]
[0,648,2053]
[0,648,934,1653,2053]
[0,498,1321,1647,2053]
[0,57,293,648,934,1316,1428,1893,2053]
[0,648,934,1316,1428,1522,1893,2053]
[0,1647,2053]
[0,293,648,934,1316,1428,1893,2053]
[0,57,293,648,934,1316,1428,1522,1893,2053]
[0,812,934,1893,2053]
[0,498,1321,2053]
[0,293,648,853,2053]
[0,812,1255,2053]
[0,293,648,934,1428,2053]
[0,57,293,648,812,934,1316,1428,1893,2053]
[0,1255,2053]
[0,293,648,934,1428,1653,1893,2053]
[0,498,1321,1647,1893,2053]
[0,498,2053]
[0,293,648,1428,1653,2053]
[0,293,812,1428,1653,1893,2053]
[0,648,1362,1653,2053]
[0,57,293,648,812,934,1316,1428,1522,1893,2053]
[0,934,1653,2053]
[0,648,1362,2053]
[0,648,1362,1893,2053]
[0,1362,1893,2053]
[0,498,1428,2053]
[0,293,648,1653,2053]
[0,704,2053]
[0,812,934,1255,1893,2053]
[0,293,648,812,934,1428,1653,1893,2053]
[0,648,853,2053]
[0,812,1428,1653,1893,2053]
[0,812,1428,2053]
[0,648,853,1362,2053]
[0,1362,2053]
[0,293,648,1316,1428,1893,2053]
[0,1428,2053]
[0,648,934,2053]
[0,293,648,1255,1893,2053]
[0,648,853,1362,1893,2053]
[0,293,648,812,1428,1653,2053]
[0,704,1585,2053]
[0,812,934,1428,1893,2053]
[0,293,648,812,934,1316,1428,1893,2053]
[0,293,648,853,1362,1893,2053]
[0,57,293,812,934,1428,1585,1653,1893,2053]
[0,293,648,934,1653,2053]
[0,812,1255,1893,2053]
[0,293,812,934,1428,1585,1653,1893,2053]
[0,293,812,1255,1893,2053]
[0,293,648,934,1428,1653,2053]
[0,812,1428,1653,2053]
[0,293,648,853,1362,2053]
[0,934,2053]
[0,648,934,1893,2053]
[0,293,648,812,1428,1653,1893,2053]
[0,293,648,1428,1893,2053]
[0,293,648,812,1428,2053]
[0,293,812,934,1255,1893,2053]
[0,293,648,934,1428,1893,2053]
[0,498,1647,2053]
[0,648,1428,1893,2053]
[0,648,1428,1653,2053]
[0,648,1653,2053]
[0,293,648,812,934,1428,1893,2053]
[0,57,293,648,812,934,1316,1428,1653,1893,2053]
[0,812,934,1428,1653,1893,2053]
[0,934,1893,2053]
[0,293,648,934,1316,1428,1522,1893,2053]
[0,1585,2053]
[0,648,934,1428,2053]
[0,648,1255,1893,2053]
[0,293,648,1428,1653,1893,2053]
[0,1428,1893,2053]
[0,648,934,1428,1522,1893,2053]
[0,1321,2053]
[0,1428,1653,2053]
[0,293,812,1255,2053]
[0,648,1428,2053]
[0,293,648,812,1316,1428,1893,2053]
[0,1893,2053]
[0,648,934,1428,1893,2053]
[0,293,648,934,2053]
[0,648,934,1428,1653,2053]
[0,293,648,812,934,1316,1428,1653,1893,2053]
[0,293,648,1255,2053]
[0,1255,1893,2053]
[0,57,812,934,1428,1893,2053]
[0,293,648,812,1428,1893,2053]
[0,293,812,1428,1653,2053]
[0,498,1428,1653,2053]
[0,57,812,934,1255,1893,2053]
[0,293,648,812,1316,1428,1653,1893,2053]
[0,812,934,1428,1585,1653,1893,2053]
[0,648,934,1316,1428,1893,2053]
[0,1647,1893,2053]
[0,293,648,1428,2053]
[0,57,293,812,934,1428,1653,1893,2053]
[0,293,648,2053]
[0,812,1428,1893,2053]
[0,293,812,1428,1893,2053]
[0,293,812,934,1428,1653,1893,2053]
