[0,286,540,1180]
[0,118,286,540,685,765,850,1062,1180]
[0,118,329,412,685,765,850,1062,1180]
[0,1003,1180]
[0,686,1180]
[0,118,286,540,765,850,1062,1180]
[0,286,850,1180]
[0,118,286,329,412,685,765,850,1062,1180]
[0,118,286,1062,1180]
[0,118,286,540,685,765,1062,1180]
[0,286,687,1180]
[0,343,1180]
[0,710,1180]
[0,765,1180]
[0,118,286,765,850,1062,1180]
[0,118,412,1180]
[0,286,412,850,1180]
[0,286,412,905,1180]
[0,412,765,850,1062,1180]
[0,329,412,685,1062,1180]
[0,118,286,850,1062,1180]
[0,118,412,850,1062,1180]
[0,286,765,1003,1180]
[0,412,1062,1180]
[0,118,286,540,850,1062,1180]
[0,540,1180]
[0,118,329,412,685,1062,1180]
[0,118,286,687,1003,1180]
[0,118,686,905,1180]
[0,118,343,686,905,1180]
[0,850,1180]
[0,905,1180]
[0,286,1003,1180]
[0,286,329,412,1180]
[0,687,1180]
[0,412,685,1180]
[0,329,412,685,765,1062,1180]
[0,286,687,1003,1180]
[0,286,710,1180]
[0,286,765,1180]
[0,540,1062,1180]
[0,118,286,412,1062,1180]
[0,118,286,329,412,1180]
[0,343,686,905,1180]
[0,118,329,412,1062,1180]
[0,118,412,765,850,1062,1180]
[0,118,329,412,765,850,1062,1180]
[0,286,540,850,1062,1180]
[0,286,540,685,1180]
[0,540,685,1062,1180]
[0,118,286,765,850,1003,1180]
[0,686,905,1180]
[0,329,412,685,765,850,1062,1180]
[0,286,412,1062,1180]
[0,118,286,412,850,1180]
[0,118,286,412,905,1180]
[0,286,540,850,1180]
[0,118,286,540,1062,1180]
[0,118,286,329,412,685,1062,1180]
[0,329,412,1062,1180]
[0,286,685,1180]
[0,412,1003,1180]
[0,412,850,1062,1180]
[0,286,412,1180]
[0,540,685,1180]
[0,286,905,1180]
[0,286,329,412,1003,1180]
[0,343,905,1180]
[0,1062,1180]
[0,329,412,850,1062,1180]
[0,118,286,850,1180]
[0,118,286,905,1180]
[0,286,412,685,1180]
[0,286,412,685,1062,1180]
[0,118,286,329,412,1003,1180]
[0,286,687,850,1003,1180]
[0,118,286,412,685,1062,1180]
[0,286,850,1062,1180]
[0,286,540,685,1062,1180]
[0,118,412,1003,1180]
[0,118,286,329,412,1062,1180]
[0,685,1180]
[0,412,1180]
[0,118,286,540,685,1062,1180]
[0,329,412,1180]
[0,118,286,1180]
[0,118,412,1062,1180]
[0,118,329,412,1003,1180]
[0,412,685,1062,1180]
[0,118,329,412,1180]
[0,118,286,687,850,1003,1180]
[0,286,540,1062,1180]
[0,118,329,412,685,765,1062,1180]
[0,118,412,685,1062,1180]
[0,329,412,765,850,1062,1180]
[0,286,1180]
[0,286,1062,1180]
[0,286,329,1180]
[0,118,286,765,1003,1180]
[0,412,850,1180]
[0,329,412,1003,1180]
[0,118,286,1003,1180]
[0,118,286,329,412,685,765,1062,1180]
