[0,148,203,332,401,922]
[0,573,922]
[0,401,479,573,826,922]
[0,84,148,332,401,461,573,686,826,922]
[0,341,826,922]
[0,401,573,686,826,922]
[0,84,332,401,922]
[0,341,401,922]
[0,84,332,401,826,922]
[0,332,401,573,826,922]
[0,84,148,332,401,922]
[0,148,387,630,826,922]
[0,401,686,826,922]
[0,387,630,922]
[0,401,479,573,686,826,922]
[0,84,148,341,401,686,826,922]
[0,84,148,401,573,826,922]
[0,84,401,573,686,826,922]
[0,84,148,203,341,401,922]
[0,387,922]
[0,84,401,922]
[0,84,148,341,401,461,573,826,922]
[0,84,148,401,686,826,922]
[0,84,148,203,341,401,826,922]
[0,84,148,203,332,401,826,922]
[0,203,401,922]
[0,332,401,479,573,826,922]
[0,203,332,401,686,826,922]
[0,203,332,401,479,573,686,826,922]
[0,84,401,826,922]
[0,148,387,630,922]
[0,84,148,401,461,573,686,826,922]
[0,84,148,203,332,401,922]
[0,332,401,630,826,922]
[0,84,401,573,826,922]
[0,148,401,573,922]
[0,148,203,341,401,922]
[0,341,401,686,826,922]
[0,84,332,401,573,826,922]
[0,148,401,686,826,922]
[0,84,148,401,573,686,826,922]
[0,148,401,826,922]
[0,84,148,401,461,573,826,922]
[0,84,148,203,332,401,461,573,686,826,922]
[0,401,826,922]
[0,84,148,332,401,573,826,922]
[0,84,148,341,401,922]
[0,573,826,922]
[0,401,573,686,922]
[0,203,401,573,922]
[0,148,401,573,686,826,922]
[0,84,148,401,922]
[0,630,922]
[0,84,148,401,826,922]
[0,332,401,686,826,922]
[0,401,922]
[0,148,387,922]
[0,148,341,401,922]
[0,401,573,826,922]
[0,84,332,401,686,826,922]
[0,84,148,332,401,461,573,826,922]
[0,387,630,826,922]
[0,341,922]
[0,148,401,573,686,922]
[0,84,148,203,341,401,686,826,922]
[0,203,401,573,686,826,922]
[0,148,401,686,922]
[0,630,826,922]
[0,203,401,479,573,686,826,922]
[0,203,401,686,922]
[0,401,686,922]
[0,148,203,401,922]
[0,84,341,401,573,826,922]
[0,203,332,401,922]
[0,84,401,686,826,922]
[0,341,401,826,922]
[0,148,401,922]
[0,84,148,332,401,686,826,922]
[0,84,148,332,401,826,922]
[0,84,148,341,401,826,922]
[0,203,401,686,826,922]
[0,84,332,401,573,686,826,922]
[0,332,401,922]
[0,84,148,332,401,573,686,826,922]
[0,401,630,826,922]
[0,332,401,479,573,686,826,922]
[0,84,148,341,401,573,826,922]
[0,148,401,573,826,922]
[0,401,573,922]
[0,332,401,826,922]
[0,401,630,922]
[0,84,148,203,332,401,461,573,826,922]
[0,84,148,203,332,401,573,826,922]
[0,341,401,573,826,922]
[0,203,401,573,686,922]
[0,84,148,341,401,461,573,686,826,922]
