[0,157,252,389,685,878,1046]
[0,230,455,685,878,1046]
[0,252,389,878,1046]
[0,252,685,1046]
[0,252,685,878,1046]
[0,230,685,1046]
[0,252,1046]
[0,252,455,685,1046]
[0,157,1046]
[0,157,252,685,1046]
[0,345,748,1046]
[0,252,389,504,685,1046]
[0,79,252,389,504,685,1046]
[0,157,252,685,878,1046]
[0,79,252,389,504,1046]
[0,685,1046]
[0,79,252,389,1046]
[0,389,878,1046]
[0,252,389,685,878,1046]
[0,252,455,1046]
[0,230,455,1046]
[0,157,252,389,504,685,1046]
[0,157,252,389,1046]
[0,252,389,685,1046]
[0,252,389,1046]
[0,230,685,878,1046]
[0,79,1046]
[0,157,252,389,504,1046]
[0,230,455,685,1046]
[0,345,1046]
[0,230,455,773,1046]
[0,157,252,455,685,878,1046]
[0,685,878,1046]
[0,157,252,389,504,685,878,1046]
[0,252,455,685,878,1046]
[0,157,252,389,878,1046]
[0,79,252,389,504,685,878,1046]
[0,79,252,389,455,504,685,878,1046]
[0,389,1046]
[0,455,1046]
[0,252,389,504,685,878,1046]
[0,79,252,1046]
[0,252,389,504,1046]
[0,157,252,1046]
[0,455,773,1046]
