[0,1273,1512,2019]
[0,637,834,1136,1384,2019]
[0,637,1384,1512,2019]
[0,637,834,1384,1628,2019]
[0,637,834,1136,1628,2019]
[0,68,637,834,1384,1512,1628,1755,1978,2019]
[0,1181,2019]
[0,160,637,1654,2019]
[0,834,1978,2019]
[0,160,637,1181,1654,2019]
[0,1136,1273,1512,2019]
[0,1136,1273,1512,1632,2019]
[0,1384,1512,1628,2019]
[0,577,1136,1273,1512,1654,2019]
[0,1512,1654,2019]
[0,1512,1632,2019]
[0,1273,2019]
[0,1384,1628,1755,2019]
[0,226,1136,1273,1512,1632,1729,2019]
[0,637,1384,1512,1628,2019]
[0,637,2019]
[0,226,1136,1273,1512,1654,2019]
[0,637,1384,1628,2019]
[0,68,637,1384,1512,1628,2019]
[0,637,1654,2019]
[0,68,637,1384,1512,1628,1755,1978,2019]
[0,68,637,834,1384,1512,1628,2019]
[0,1384,1512,2019]
[0,1273,1512,1632,2019]
[0,1273,1512,1654,2019]
[0,577,1136,1273,1512,1654,1950,2019]
[0,637,1512,1628,2019]
[0,160,637,1181,1512,1654,1950,2019]
[0,637,834,1384,2019]
[0,68,577,1136,1273,1512,1654,1950,2019]
[0,577,1181,1512,1654,1950,2019]
[0,577,2019]
[0,637,1181,1654,2019]
[0,68,577,1512,1654,1950,2019]
[0,577,1628,2019]
[0,637,1628,1755,2019]
[0,1136,1273,1512,1632,1729,1950,2019]
[0,68,1136,1273,1512,1632,1729,1950,2019]
[0,160,637,1628,1950,2019]
[0,68,1512,2019]
[0,577,1181,2019]
[0,577,1654,2019]
[0,637,834,1136,1628,1755,2019]
[0,637,1136,1384,1628,2019]
[0,637,1136,2019]
[0,637,834,1136,1384,1512,1628,2019]
[0,1384,1628,2019]
[0,68,637,834,1512,1628,2019]
[0,637,834,1136,1384,1628,1755,2019]
[0,637,1384,1512,1628,1755,2019]
[0,577,1273,1512,1654,2019]
[0,68,577,1181,1512,1654,1950,2019]
[0,1512,2019]
[0,834,2019]
[0,226,1136,1273,1512,1654,1950,2019]
[0,68,226,1136,1273,1512,1654,1950,2019]
[0,637,834,1384,1628,1755,2019]
[0,577,1181,1512,1654,2019]
[0,637,834,1384,1512,2019]
[0,160,637,1628,2019]
[0,577,1181,1654,2019]
[0,68,1136,1273,1512,1654,1950,2019]
[0,68,1136,1978,2019]
[0,68,226,1136,1273,1512,1654,2019]
[0,68,637,834,1136,1384,1512,1628,1755,2019]
[0,1628,1755,2019]
[0,637,834,1384,1512,1628,1755,2019]
[0,577,1512,1654,1950,2019]
[0,68,2019]
[0,1136,1273,1512,1632,1729,2019]
[0,1384,1512,1628,1755,2019]
[0,1512,1628,2019]
[0,1512,1632,1729,2019]
[0,226,1273,1512,1654,2019]
[0,577,1273,1512,2019]
[0,637,834,1136,1384,1512,1628,1755,2019]
[0,637,1978,2019]
[0,226,1136,1273,1512,2019]
[0,637,1628,2019]
[0,1273,1512,1632,1729,2019]
[0,637,1181,2019]
[0,226,1136,1273,1512,1632,1729,1950,2019]
[0,1632,2019]
[0,1654,2019]
[0,68,637,1512,1628,2019]
[0,637,1384,1628,1755,2019]
[0,1136,1273,1512,1654,2019]
[0,382,1136,2019]
[0,68,226,1136,1273,1512,1632,1729,1950,2019]
[0,637,834,1628,1755,2019]
[0,160,637,1181,1512,1654,2019]
[0,226,1136,1273,1512,1632,2019]
[0,68,637,834,1384,1512,1628,1755,2019]
[0,68,637,1384,1512,1628,1755,2019]
[0,637,1260,2019]
[0,68,637,834,1136,1384,1512,1628,2019]
[0,68,1136,2019]
[0,637,834,1136,1384,1512,2019]
[0,1512,1628,1755,2019]
[0,226,1273,1512,2019]
[0,68,1512,1978,2019]
[0,1512,1654,1950,2019]
[0,1136,2019]
[0,637,1260,1854,2019]
[0,68,637,834,1136,1384,1512,1628,1755,1978,2019]
[0,577,1512,1654,2019]
[0,68,1512,1654,2019]
[0,1136,1273,2019]
[0,637,1512,1654,2019]
[0,637,834,1628,2019]
[0,637,834,1136,1384,1628,2019]
[0,637,834,1512,1628,2019]
[0,637,834,1384,1512,1628,2019]
[0,637,1136,1384,2019]
[0,1136,1273,1512,1654,1950,2019]
[0,160,637,1260,1854,2019]
[0,68,1978,2019]
[0,637,1136,1628,2019]
[0,577,1273,2019]
[0,68,577,1512,1654,2019]
[0,637,1181,1512,1654,2019]
[0,637,834,2019]
[0,68,1136,1273,1512,1654,2019]
[0,637,1384,2019]
[0,1978,2019]
[0,1628,2019]
