[0,141,282,467,654,1249]
[0,141,358,467,784,854,1249]
[0,784,1202,1249]
[0,358,467,654,984,1134,1249]
[0,71,276,358,467,1134,1249]
[0,480,815,1249]
[0,358,467,1134,1249]
[0,141,358,467,654,1134,1202,1249]
[0,358,815,1249]
[0,71,276,358,467,654,1249]
[0,71,141,276,358,1249]
[0,276,358,815,1249]
[0,141,282,467,654,984,1148,1249]
[0,236,467,784,1134,1249]
[0,508,854,1249]
[0,141,358,467,784,1249]
[0,141,358,784,1249]
[0,141,358,467,654,1249]
[0,141,358,467,1249]
[0,358,1134,1249]
[0,276,358,1134,1249]
[0,71,276,358,654,815,1134,1249]
[0,71,276,358,815,1134,1249]
[0,71,141,276,358,467,654,984,1134,1249]
[0,141,654,1134,1249]
[0,141,358,467,654,984,1249]
[0,71,141,276,358,815,1134,1249]
[0,276,654,815,1249]
[0,71,141,276,358,467,654,1134,1249]
[0,276,358,1134,1202,1249]
[0,276,358,1202,1249]
[0,141,784,1249]
[0,276,358,467,654,984,1249]
[0,141,282,467,654,795,984,1249]
[0,71,141,276,358,467,654,984,1134,1202,1249]
[0,141,508,854,1249]
[0,141,480,654,815,1134,1202,1249]
[0,141,654,815,1134,1249]
[0,276,358,815,1134,1202,1249]
[0,71,141,276,358,654,815,1134,1249]
[0,141,358,984,1134,1249]
[0,236,467,784,1249]
[0,141,480,1249]
[0,467,654,984,1249]
[0,1134,1202,1249]
[0,480,1249]
[0,276,358,467,654,984,1134,1202,1249]
[0,276,358,467,654,984,1134,1249]
[0,876,1249]
[0,141,508,1249]
[0,508,1249]
[0,141,358,654,815,1249]
[0,654,984,1134,1249]
[0,71,141,276,358,654,815,1249]
[0,358,815,1134,1249]
[0,282,467,654,1249]
[0,141,358,654,1134,1249]
[0,480,876,1249]
[0,141,358,654,984,1249]
[0,141,358,467,654,1134,1249]
[0,71,141,358,1134,1249]
[0,325,1249]
[0,71,141,276,358,467,654,1249]
[0,141,358,467,1134,1202,1249]
[0,141,654,815,1249]
[0,71,276,358,815,1249]
[0,141,1134,1202,1249]
[0,141,654,1134,1202,1249]
[0,141,358,467,784,854,1202,1249]
[0,141,508,854,1148,1249]
[0,71,141,358,1202,1249]
[0,358,467,654,1134,1249]
[0,654,984,1249]
[0,467,654,795,984,1249]
[0,141,358,467,654,984,1134,1202,1249]
[0,141,480,783,876,1249]
[0,141,480,654,815,1134,1249]
[0,282,467,654,984,1249]
[0,1134,1249]
[0,71,276,358,467,654,984,1249]
[0,141,276,358,654,815,1134,1202,1249]
[0,71,141,276,358,467,1249]
[0,276,358,654,815,1249]
[0,71,276,358,654,815,1249]
[0,141,784,1202,1249]
[0,358,654,815,1249]
[0,71,141,276,358,467,1134,1202,1249]
[0,276,358,467,654,1249]
[0,71,141,358,1134,1202,1249]
[0,71,141,276,358,654,815,1134,1202,1249]
[0,358,467,654,1249]
[0,71,141,276,358,467,654,1134,1202,1249]
[0,276,358,467,1134,1249]
[0,276,358,815,1134,1249]
[0,654,815,1249]
[0,467,784,1249]
[0,141,358,1134,1249]
[0,358,784,1249]
[0,141,358,467,654,1202,1249]
[0,358,467,1249]
[0,358,984,1249]
[0,276,358,467,654,1134,1249]
[0,71,276,358,1134,1249]
[0,358,654,1249]
[0,282,467,654,795,984,1249]
[0,141,358,1202,1249]
[0,276,358,467,1134,1202,1249]
[0,71,276,358,1249]
[0,276,358,654,815,1134,1249]
[0,71,141,1249]
[0,141,358,1134,1202,1249]
[0,71,141,276,358,1134,1202,1249]
[0,282,654,1249]
[0,276,654,1249]
[0,141,282,467,654,984,1249]
[0,141,276,358,467,654,984,1134,1249]
[0,815,1249]
[0,141,480,876,1249]
[0,71,141,276,358,815,1249]
[0,467,654,1134,1249]
[0,71,141,276,358,467,654,984,1249]
[0,141,276,358,654,815,1249]
[0,71,276,358,467,654,984,1134,1249]
[0,1202,1249]
[0,141,1249]
[0,71,141,276,358,815,1134,1202,1249]
[0,141,276,358,654,815,1134,1249]
[0,141,358,467,654,984,1134,1249]
[0,141,358,467,784,1202,1249]
[0,71,141,276,358,1134,1249]
[0,141,358,654,815,1134,1249]
[0,141,282,467,654,795,984,1148,1249]
[0,141,276,358,467,654,984,1134,1202,1249]
[0,325,1134,1249]
[0,358,654,984,1249]
[0,141,358,1249]
[0,141,358,467,1134,1249]
[0,276,358,1249]
[0,71,141,276,358,467,1134,1249]
[0,71,141,358,1249]
[0,141,358,815,1249]
[0,358,1249]
[0,141,358,467,1202,1249]
[0,141,358,654,1249]
[0,141,282,654,1249]
[0,141,654,815,1134,1202,1249]
[0,276,358,467,1249]
[0,480,654,815,1249]
[0,141,358,984,1249]
[0,467,654,1249]
[0,71,276,358,467,1249]
[0,71,276,358,467,654,1134,1249]
[0,141,654,1249]
[0,141,358,654,984,1134,1249]
[0,141,1134,1249]
[0,358,467,654,984,1249]
[0,276,358,654,815,1134,1202,1249]
[0,784,1249]
[0,71,1249]
[0,276,654,815,1134,1249]
[0,467,654,984,1134,1249]
[0,654,1249]
[0,276,358,467,654,1134,1202,1249]
[0,141,480,654,815,1249]
