[0,92,481,776,1001,1104,1294,1419]
[0,230,308,481,686,776,1001,1104,1419]
[0,230,308,481,686,776,1001,1104,1244,1419]
[0,230,481,776,1001,1294,1419]
[0,230,481,776,1001,1104,1244,1419]
[0,1202,1419]
[0,230,481,686,776,1001,1104,1244,1419]
[0,481,776,1419]
[0,481,673,776,1001,1104,1419]
[0,230,481,776,1001,1104,1419]
[0,481,776,1263,1419]
[0,481,776,1001,1419]
[0,308,776,1419]
[0,481,776,1001,1104,1294,1419]
[0,377,776,1419]
[0,230,308,481,686,776,1001,1104,1294,1419]
[0,230,481,686,776,1001,1104,1294,1419]
[0,230,481,776,1001,1104,1294,1419]
[0,180,481,776,1001,1294,1419]
[0,180,481,673,776,1001,1104,1419]
[0,481,776,1001,1294,1419]
[0,230,481,776,1001,1419]
[0,230,308,481,686,776,1001,1104,1244,1333,1419]
[0,377,776,1224,1419]
[0,230,481,686,776,1001,1104,1244,1333,1419]
[0,776,1419]
[0,481,1202,1419]
[0,481,686,776,1001,1104,1419]
[0,776,1224,1419]
[0,180,481,776,1001,1104,1294,1419]
[0,230,481,686,776,1001,1104,1419]
[0,481,686,776,1001,1104,1294,1419]
[0,180,481,776,1001,1419]
[0,230,481,776,1419]
[0,180,481,686,776,1001,1104,1294,1419]
[0,230,481,776,1001,1244,1419]
[0,1104,1419]
[0,481,776,1224,1419]
[0,481,1419]
[0,180,481,776,1001,1104,1419]
[0,481,776,1001,1104,1419]
