[0,91,281,580,825,1226,1427]
[0,613,712,832,1427]
[0,281,1427]
[0,1060,1427]
[0,281,832,1427]
[0,165,281,562,712,832,1427]
[0,562,832,1226,1427]
[0,281,580,712,832,1427]
[0,562,1060,1427]
[0,562,613,712,832,1226,1427]
[0,562,613,1427]
[0,562,613,832,1427]
[0,613,1427]
[0,580,1427]
[0,281,825,1427]
[0,281,580,832,1226,1427]
[0,562,1427]
[0,580,832,1427]
[0,562,613,712,832,1427]
[0,281,580,832,1427]
[0,281,580,1427]
[0,281,613,1427]
[0,580,825,1427]
[0,613,712,832,1226,1427]
[0,281,562,712,832,1427]
[0,91,281,580,712,832,1427]
[0,281,562,613,712,832,1226,1427]
[0,712,832,1226,1427]
[0,281,580,712,832,1226,1427]
[0,832,1226,1427]
[0,281,580,1195,1427]
[0,613,1226,1427]
[0,281,562,832,1226,1427]
[0,281,580,825,1427]
[0,562,712,832,1226,1427]
[0,91,281,580,712,832,1226,1427]
[0,580,825,1226,1427]
[0,712,832,1427]
[0,562,712,832,1427]
[0,165,281,580,712,832,1427]
[0,832,1427]
[0,281,580,825,1226,1427]
[0,562,832,1427]
[0,91,281,580,825,1427]
[0,825,1427]
[0,281,562,712,832,1226,1427]
[0,281,613,1226,1427]
[0,580,832,1226,1427]
[0,281,562,832,1427]
