[0,1540,1793,2211]
[0,415,1540,1793,2211]
[0,1540,2059,2211]
[0,497,630,1469,1793,2059,2211]
[0,415,1293,1540,2211]
[0,415,2211]
[0,497,1540,1783,2211]
[0,415,616,872,1293,2211]
[0,497,872,1469,1793,2211]
[0,1540,1783,2059,2211]
[0,415,872,1293,1540,1793,2211]
[0,497,630,872,1272,1469,1552,1793,2059,2211]
[0,415,813,1988,2211]
[0,415,872,1540,1793,2211]
[0,872,1293,2211]
[0,415,1293,2211]
[0,1469,1783,2211]
[0,415,616,872,1293,1540,1793,2211]
[0,415,813,2211]
[0,497,1540,1793,2059,2211]
[0,415,872,1540,2211]
[0,497,1245,1540,2211]
[0,415,616,872,1293,1540,2211]
[0,1585,2211]
[0,415,1988,2211]
[0,415,616,872,1293,1540,1793,2059,2211]
[0,415,872,1293,2211]
[0,497,1469,1783,2059,2211]
[0,1540,1783,2211]
[0,497,630,872,1469,1793,2059,2211]
[0,415,1540,1793,2059,2211]
[0,497,872,1469,2211]
[0,497,630,872,1272,1469,1793,2059,2211]
[0,415,616,1540,2211]
[0,415,616,1540,1793,2059,2211]
[0,497,1469,1783,2211]
[0,497,872,1469,1793,2059,2211]
[0,415,616,1293,2211]
[0,497,1293,1540,1793,2211]
[0,1540,2211]
[0,415,616,872,1540,2211]
[0,415,1540,2211]
[0,497,1469,1793,2059,2211]
[0,415,616,1540,1793,2211]
[0,497,630,872,1469,1552,1793,2059,2211]
[0,497,1245,1540,1783,2059,2211]
[0,415,813,1540,1988,2211]
[0,415,872,1293,1540,2211]
[0,497,1540,2211]
[0,415,616,872,1540,1793,2059,2211]
[0,497,872,1272,1469,1793,2211]
[0,1293,2211]
[0,2059,2211]
[0,497,1272,1469,1793,2211]
[0,497,1469,1793,2211]
[0,497,1469,1540,1783,2059,2211]
[0,1469,2211]
[0,1540,1988,2211]
[0,813,2211]
[0,497,1293,1540,1793,2059,2211]
[0,415,1293,1540,1793,2211]
[0,497,1272,1469,1793,2059,2211]
[0,497,1293,2211]
[0,497,1469,2211]
[0,1540,1793,2059,2211]
[0,497,1245,1540,1783,2211]
[0,497,872,1272,1469,1793,2059,2211]
[0,1988,2211]
[0,497,1540,1783,2059,2211]
[0,497,1540,1793,2211]
[0,1469,1540,1783,2059,2211]
[0,497,1293,1540,2211]
[0,497,1540,2059,2211]
[0,1469,1793,2059,2211]
[0,1469,1783,2059,2211]
[0,415,616,872,1540,1793,2211]
[0,415,813,1540,2211]
[0,1469,1793,2211]
[0,497,1540,1988,2211]
[0,1469,2059,2211]
[0,872,1540,2211]
