[0,870,978,1180]
[0,200,555,868,978,1180]
[0,89,465,555,870,1180]
[0,89,200,465,555,717,870,978,1180]
[0,200,465,978,1180]
[0,89,465,870,1180]
[0,89,868,978,1180]
[0,870,1046,1180]
[0,89,868,1180]
[0,89,465,555,978,1180]
[0,89,978,1180]
[0,89,200,465,555,717,916,978,1180]
[0,888,1180]
[0,243,1180]
[0,200,465,555,717,870,1180]
[0,89,200,465,555,868,978,1180]
[0,89,200,243,978,1180]
[0,89,200,465,978,1180]
[0,465,555,868,1180]
[0,465,868,978,1180]
[0,89,870,978,1180]
[0,555,868,978,1180]
[0,465,555,978,1180]
[0,89,200,243,465,555,717,870,1180]
[0,978,1180]
[0,89,200,465,555,870,1180]
[0,916,978,1180]
[0,89,200,465,555,868,1180]
[0,89,200,243,465,555,868,916,978,1180]
[0,465,1180]
[0,555,1180]
[0,868,978,1180]
[0,465,555,870,1180]
[0,200,465,555,870,1180]
[0,89,870,1046,1180]
[0,533,1180]
[0,89,200,243,465,555,717,978,1180]
[0,533,717,888,1180]
[0,89,533,888,1180]
[0,868,916,1180]
[0,533,870,978,1180]
[0,555,717,870,978,1180]
[0,89,200,465,555,978,1180]
[0,200,465,555,717,870,978,1180]
[0,89,200,243,465,555,717,868,916,978,1180]
[0,243,465,868,1180]
[0,555,978,1180]
[0,243,465,978,1180]
[0,89,200,465,555,717,978,1180]
[0,89,200,243,465,555,978,1180]
[0,89,200,465,555,717,868,916,978,1180]
[0,89,533,870,978,1180]
[0,200,717,978,1180]
[0,89,465,555,717,870,1180]
[0,243,978,1180]
[0,465,978,1180]
[0,243,465,1180]
[0,89,533,717,888,1180]
[0,533,870,1180]
[0,89,200,243,465,978,1180]
[0,717,978,1180]
[0,200,465,555,868,978,1180]
[0,717,1180]
[0,89,465,978,1180]
[0,89,465,555,868,916,978,1180]
[0,200,555,868,1180]
[0,89,200,243,465,555,717,870,978,1180]
[0,243,896,1180]
[0,555,717,978,1180]
[0,465,555,717,870,978,1180]
[0,89,200,465,555,868,916,978,1180]
[0,89,465,555,868,1180]
[0,868,916,978,1180]
[0,89,465,555,717,870,978,1180]
[0,465,555,868,978,1180]
[0,89,200,978,1180]
[0,89,465,868,1180]
[0,89,888,1180]
[0,200,555,870,1180]
[0,555,717,870,1180]
[0,89,870,1180]
[0,200,465,555,717,978,1180]
[0,200,555,717,978,1180]
[0,868,1180]
[0,200,465,555,868,1180]
[0,465,555,717,870,1180]
[0,200,465,555,978,1180]
[0,200,555,717,870,1180]
[0,465,555,717,978,1180]
[0,870,1180]
[0,200,978,1180]
[0,243,465,868,978,1180]
[0,89,465,555,868,978,1180]
[0,200,555,717,870,978,1180]
[0,896,1180]
[0,89,868,916,978,1180]
[0,89,465,555,717,916,978,1180]
[0,533,717,870,978,1180]
[0,533,870,1046,1180]
[0,916,1180]
[0,89,533,717,870,978,1180]
[0,533,888,1180]
[0,555,868,1180]
[0,243,868,978,1180]
[0,533,717,870,1180]
[0,89,200,243,465,555,870,1180]
[0,89,465,555,717,978,1180]
[0,243,868,1180]
[0,465,870,1180]
[0,89,465,868,978,1180]
[0,465,868,1180]
[0,555,870,1180]
[0,89,200,465,555,717,870,1180]
[0,89,465,868,916,978,1180]
[0,89,465,916,978,1180]
