[0,1106,1499,1911]
[0,209,433,1106,1499,1911]
[0,1499,1911]
[0,209,433,618,1106,1499,1911]
[0,433,618,1106,1499,1911]
[0,673,1481,1911]
[0,209,433,1106,1481,1911]
[0,673,1106,1499,1911]
[0,209,1106,1499,1911]
[0,1481,1911]
[0,209,433,673,1106,1499,1911]
[0,433,673,1106,1499,1911]
[0,433,1106,1499,1911]
[0,209,433,618,1106,1326,1499,1911]
[0,673,1106,1481,1911]
[0,673,1911]
[0,1106,1481,1911]
[0,209,1499,1911]
[0,433,1911]
[0,618,1911]
[0,209,1106,1481,1911]
[0,1408,1911]
[0,433,673,1106,1481,1911]
[0,618,1106,1499,1911]
[0,209,301,433,673,1106,1326,1499,1911]
[0,209,433,618,1106,1499,1731,1911]
[0,618,1499,1911]
[0,209,433,673,1106,1481,1911]
[0,209,433,618,1106,1326,1499,1731,1911]
[0,433,1106,1481,1911]
[0,433,1499,1911]
[0,433,1481,1911]
[0,673,1499,1911]
[0,209,1106,1499,1731,1911]
[0,209,433,673,1106,1326,1499,1911]
