[0,1438,1642]
[0,688,895,1074,1522,1642]
[0,826,1642]
[0,1074,1438,1522,1642]
[0,1074,1522,1642]
[0,895,1074,1438,1642]
[0,688,895,1074,1291,1438,1642]
[0,1074,1438,1642]
[0,1074,1291,1438,1642]
[0,826,895,1074,1522,1642]
[0,688,895,1074,1291,1438,1522,1642]
[0,688,895,1074,1438,1642]
[0,1074,1291,1438,1522,1642]
[0,895,1074,1642]
[0,688,895,1074,1642]
[0,1074,1642]
[0,688,826,895,1074,1291,1438,1522,1642]
[0,895,1074,1438,1522,1642]
[0,826,895,1074,1642]
[0,826,895,1438,1522,1642]
[0,688,895,1642]
[0,826,895,1642]
[0,688,826,895,1074,1438,1522,1642]
[0,895,1074,1291,1438,1642]
[0,688,895,1438,1522,1642]
[0,826,895,1074,1291,1438,1522,1642]
[0,688,1642]
[0,688,1438,1642]
[0,1438,1522,1642]
[0,688,1438,1522,1642]
[0,826,895,1074,1438,1522,1642]
[0,826,1438,1642]
[0,895,1074,1522,1642]
[0,1491,1642]
[0,895,1074,1291,1438,1522,1642]
[0,688,826,895,1074,1522,1642]
[0,688,895,1074,1438,1522,1642]
[0,688,895,1438,1642]
[0,826,1438,1522,1642]
