[0,358,1046]
[0,314,479,668,1046]
[0,314,358,668,831,1046]
[0,314,614,844,1046]
[0,314,358,668,844,1046]
[0,831,1046]
[0,844,1046]
[0,668,1046]
[0,932,1046]
[0,234,314,479,668,831,1046]
[0,314,358,479,668,844,1046]
[0,314,358,479,668,831,1046]
[0,314,614,1046]
[0,234,314,479,668,844,1046]
[0,668,844,1046]
[0,668,831,1046]
[0,668,932,1046]
[0,234,314,358,479,668,844,1046]
[0,234,314,358,479,668,831,1046]
[0,358,668,831,1046]
[0,358,479,1046]
[0,314,479,668,831,1046]
[0,358,831,1046]
[0,358,668,1046]
[0,358,479,932,1046]
[0,314,479,668,844,1046]
[0,358,844,1046]
[0,314,479,1046]
[0,314,479,668,932,1046]
[0,314,358,1046]
[0,479,668,844,1046]
[0,479,668,932,1046]
[0,358,668,844,1046]
[0,314,831,1046]
[0,479,668,1046]
[0,479,932,1046]
[0,479,668,831,1046]
[0,314,358,831,1046]
[0,314,844,1046]
[0,314,358,844,1046]
[0,479,1046]
[0,314,1046]
