[0,318,895,1324,2019]
[0,764,1495,2019]
[0,318,649,1324,1556,2019]
[0,318,764,2019]
[0,895,1324,2019]
[0,318,764,895,1324,1556,2019]
[0,318,764,1495,1799,2019]
[0,100,318,649,764,1324,1495,2019]
[0,649,1324,1495,1556,2019]
[0,1324,2019]
[0,895,1324,1495,1556,2019]
[0,318,649,895,1324,2019]
[0,318,397,649,764,895,1324,1556,2019]
[0,649,1324,2019]
[0,318,397,1495,1556,2019]
[0,318,649,764,895,1324,1495,1556,2019]
[0,318,649,1324,1637,2019]
[0,764,895,1324,1495,1556,2019]
[0,318,649,1637,2019]
[0,100,318,649,1324,1556,2019]
[0,649,1495,2019]
[0,318,764,1799,2019]
[0,649,1324,1556,2019]
[0,318,1324,2019]
[0,1556,2019]
[0,649,2019]
[0,100,318,649,764,895,1324,1556,2019]
[0,318,895,1324,1556,2019]
[0,649,764,895,1324,1495,1556,2019]
[0,318,764,1495,2019]
[0,1324,1556,2019]
[0,318,649,764,895,1324,1556,2019]
[0,764,895,1324,1556,2019]
[0,1637,2019]
[0,318,397,895,1324,1495,1556,2019]
[0,318,1495,1556,2019]
[0,649,1637,2019]
[0,318,397,764,895,1324,1495,1556,2019]
[0,100,318,649,1324,1495,2019]
[0,1495,1556,2019]
[0,1324,1637,2019]
[0,318,649,895,1324,1556,2019]
[0,318,649,1324,1495,2019]
[0,318,2019]
[0,318,397,1324,1495,1556,2019]
[0,649,764,895,1324,1556,2019]
[0,318,1556,2019]
[0,318,649,2019]
[0,100,318,649,764,895,1324,1495,1556,2019]
[0,318,1637,2019]
[0,764,2019]
[0,318,397,1556,2019]
[0,100,318,649,1324,2019]
[0,318,649,764,1324,1495,2019]
[0,318,649,1324,2019]
[0,895,1324,1556,2019]
[0,318,397,649,764,895,1324,1495,1556,2019]
[0,318,1799,2019]
[0,100,318,1324,1556,2019]
[0,318,649,1324,1495,1556,2019]
[0,318,397,895,1324,1556,2019]
[0,318,397,2019]
[0,318,397,1324,1556,2019]
[0,318,1324,1556,2019]
[0,100,318,397,649,764,895,1324,1495,1556,2019]
[0,649,1324,1637,2019]
[0,318,397,764,895,1324,1556,2019]
[0,1324,1495,1556,2019]
[0,100,318,397,649,764,895,1324,1556,2019]
[0,100,318,649,1324,1495,1556,2019]
