[0,643,792,1228,1465]
[0,291,741,970,1465]
[0,643,792,1096,1465]
[0,221,308,643,792,1096,1465]
[0,291,970,1228,1465]
[0,221,308,643,792,1228,1465]
[0,308,792,1465]
[0,291,1465]
[0,643,1465]
[0,221,308,643,741,792,1228,1465]
[0,221,308,643,792,970,1465]
[0,221,308,643,741,792,1096,1465]
[0,1096,1465]
[0,1228,1465]
[0,792,1465]
[0,741,970,1465]
[0,291,1228,1465]
[0,643,1228,1465]
[0,291,792,1465]
[0,221,308,643,741,792,970,1465]
[0,308,643,1096,1465]
[0,308,643,1228,1465]
[0,970,1465]
[0,308,643,792,1096,1465]
[0,308,643,792,1228,1465]
[0,643,1096,1465]
[0,221,308,643,741,792,1465]
[0,291,970,1465]
[0,643,792,1465]
[0,643,970,1465]
[0,221,308,643,792,1465]
[0,308,643,792,1465]
[0,308,643,1465]
[0,291,741,970,1228,1465]
[0,308,643,792,970,1465]
[0,792,970,1228,1465]
[0,308,643,970,1465]
[0,792,970,1465]
[0,970,1228,1465]
