[0,70,128,247,502,764,1046]
[0,128,502,764,1046]
[0,70,128,188,247,385,502,764,1046]
[0,128,188,247,502,764,843,1046]
[0,568,764,1046]
[0,128,247,502,764,843,1046]
[0,247,385,502,612,764,1046]
[0,102,247,502,764,1046]
[0,128,188,247,385,502,764,975,1046]
[0,568,843,1046]
[0,128,188,247,385,502,764,843,1046]
[0,70,128,188,247,502,764,843,1046]
[0,70,128,188,247,385,502,764,975,1046]
[0,502,764,1046]
[0,70,128,247,385,502,764,843,1046]
[0,70,128,247,385,502,612,764,975,1046]
[0,128,247,385,502,764,975,1046]
[0,102,247,385,502,612,764,975,1046]
[0,247,502,764,1046]
[0,128,247,385,502,764,843,1046]
[0,70,128,247,385,502,612,764,843,1046]
[0,70,128,247,385,502,764,1046]
[0,70,128,188,247,385,502,764,843,1046]
[0,70,128,188,247,502,764,1046]
[0,764,1046]
[0,70,128,247,385,502,764,975,1046]
[0,70,128,247,502,764,843,1046]
[0,128,188,247,385,502,764,1046]
[0,102,568,764,1046]
[0,70,128,502,764,1046]
[0,128,502,764,843,1046]
[0,128,247,385,502,764,1046]
[0,128,188,247,502,764,1046]
[0,502,1046]
[0,247,385,502,764,1046]
[0,568,1046]
[0,102,247,385,502,612,764,1046]
[0,128,764,1046]
[0,128,188,502,764,843,1046]
[0,128,568,1046]
[0,128,247,385,502,612,764,975,1046]
[0,102,502,764,1046]
[0,128,568,843,1046]
[0,128,247,385,502,612,764,843,1046]
[0,128,247,385,502,612,764,1046]
[0,102,247,385,502,764,975,1046]
[0,102,247,385,502,764,1046]
[0,70,128,502,764,843,1046]
[0,128,247,502,764,1046]
[0,128,188,502,764,1046]
