[0,102,184,410,634,1046]
[0,102,437,634,862,1046]
[0,102,246,343,410,1046]
[0,246,343,437,1046]
[0,102,343,1046]
[0,102,246,343,410,634,1046]
[0,102,1046]
[0,437,634,862,1046]
[0,102,410,634,1046]
[0,246,343,483,1046]
[0,102,184,246,343,1046]
[0,184,410,862,1046]
[0,410,1046]
[0,184,410,634,862,1046]
[0,184,634,862,1046]
[0,246,343,410,483,634,1046]
[0,246,343,634,1046]
[0,102,246,634,1046]
[0,102,343,483,634,1046]
[0,246,343,410,634,1046]
[0,246,343,437,634,1046]
[0,102,184,246,343,410,634,1046]
[0,102,184,343,437,634,1046]
[0,343,1046]
[0,343,410,634,1046]
[0,102,246,343,437,1046]
[0,102,246,343,437,634,1046]
[0,634,862,1046]
[0,102,246,343,1046]
[0,102,246,343,483,634,1046]
[0,102,184,862,1046]
[0,102,634,1046]
[0,343,410,1046]
[0,102,184,246,343,437,1046]
[0,102,437,634,1046]
[0,483,634,1046]
[0,410,862,1046]
[0,102,184,246,343,437,634,1046]
[0,483,1046]
[0,102,410,634,862,1046]
[0,246,634,1046]
[0,184,246,343,410,1046]
[0,102,246,343,410,483,634,1046]
[0,246,343,483,634,1046]
[0,102,343,437,634,1046]
[0,246,343,1046]
[0,102,184,246,343,410,1046]
[0,102,246,343,634,1046]
[0,343,483,634,1046]
[0,102,343,437,634,862,1046]
[0,102,862,1046]
[0,102,184,1046]
[0,102,184,410,634,862,1046]
[0,634,1046]
[0,246,343,410,1046]
[0,102,184,343,410,634,862,1046]
[0,437,634,1046]
[0,246,862,1046]
[0,102,184,246,343,410,483,634,1046]
[0,184,246,343,1046]
[0,410,634,862,1046]
[0,410,634,1046]
[0,343,437,634,1046]
[0,102,343,410,634,1046]
[0,102,184,343,410,634,1046]
[0,246,1046]
[0,343,483,1046]
[0,102,184,343,437,634,862,1046]
[0,862,1046]
