[0,63,1046]
[0,856,994,1046]
[0,63,521,1046]
[0,526,886,999,1046]
[0,59,403,521,886,1046]
[0,63,521,886,1046]
[0,59,526,886,999,1046]
[0,886,1046]
[0,521,856,1046]
[0,123,403,526,886,1046]
[0,63,521,886,999,1046]
[0,59,526,1046]
[0,123,403,521,886,999,1046]
[0,59,403,526,886,999,1046]
[0,403,526,886,999,1046]
[0,403,526,886,1046]
[0,63,403,521,886,999,1046]
[0,59,526,886,1046]
[0,978,1046]
[0,521,856,994,1046]
[0,886,999,1046]
[0,123,521,856,994,1046]
[0,521,886,1046]
[0,856,978,1046]
[0,123,521,856,1046]
[0,59,403,526,886,1046]
[0,59,521,856,978,1046]
[0,59,521,1046]
[0,123,521,926,1046]
[0,123,521,1046]
[0,521,886,999,1046]
[0,403,521,856,1046]
[0,403,526,1046]
[0,175,521,856,1046]
[0,123,521,886,1046]
[0,526,1046]
[0,63,403,521,886,1046]
[0,856,1046]
[0,123,403,526,886,999,1046]
[0,63,521,999,1046]
[0,521,856,978,1046]
[0,123,403,521,886,1046]
[0,999,1046]
[0,59,521,886,1046]
[0,59,403,521,886,999,1046]
[0,403,521,886,999,1046]
[0,403,521,1046]
[0,526,886,1046]
[0,59,403,521,856,978,1046]
[0,403,521,886,1046]
[0,59,1046]
[0,521,1046]
[0,59,521,886,999,1046]
[0,994,1046]
[0,403,521,856,978,1046]
