[0,289,1642]
[0,296,465,606,746,1373,1642]
[0,465,1373,1642]
[0,465,1642]
[0,296,746,1373,1642]
[0,296,987,1373,1642]
[0,289,465,1373,1550,1642]
[0,289,465,606,1373,1550,1642]
[0,289,746,1373,1642]
[0,289,465,606,746,1373,1550,1642]
[0,296,656,1373,1642]
[0,656,1642]
[0,289,1373,1642]
[0,296,987,1642]
[0,1373,1642]
[0,296,465,656,746,987,1373,1550,1642]
[0,296,465,746,987,1373,1642]
[0,289,465,606,1642]
[0,465,606,1373,1642]
[0,296,465,1373,1642]
[0,673,1642]
[0,296,465,606,746,987,1373,1550,1642]
[0,296,465,1642]
[0,296,465,606,1373,1642]
[0,289,465,606,746,987,1373,1642]
[0,296,465,606,746,1373,1550,1642]
[0,296,465,606,746,1642]
[0,746,987,1373,1550,1642]
[0,746,1373,1642]
[0,296,465,987,1373,1550,1642]
[0,296,465,656,1373,1550,1642]
[0,296,1642]
[0,296,465,606,1642]
[0,289,465,606,746,987,1373,1550,1642]
[0,289,465,606,673,1373,1550,1642]
[0,289,465,987,1373,1642]
[0,296,465,656,1373,1642]
[0,987,1642]
[0,363,673,1373,1642]
[0,289,465,1642]
[0,289,465,746,987,1373,1642]
[0,296,465,746,987,1373,1550,1642]
[0,296,465,606,746,987,1373,1642]
[0,296,465,1373,1550,1642]
[0,296,465,606,1373,1550,1642]
[0,289,746,1642]
[0,289,465,606,746,1642]
[0,289,465,606,1373,1642]
[0,1373,1550,1642]
[0,746,1642]
[0,289,746,987,1373,1642]
[0,289,465,606,746,1373,1642]
[0,1141,1490,1642]
[0,363,673,1642]
[0,289,987,1373,1642]
[0,606,746,987,1373,1642]
[0,189,1141,1490,1642]
[0,606,746,987,1373,1550,1642]
[0,746,987,1373,1642]
[0,746,1373,1550,1642]
[0,296,465,656,746,1373,1550,1642]
[0,296,746,987,1373,1642]
[0,289,987,1642]
[0,296,656,1642]
[0,296,746,1642]
[0,289,465,1373,1642]
[0,296,1373,1642]
[0,189,1141,1642]
[0,296,465,987,1373,1642]
[0,1141,1642]
