[0,973,2655,3353]
[0,1086,3353]
[0,973,2246,3277,3353]
[0,973,1087,2536,2655,2750,3353]
[0,1029,2246,2596,3353]
[0,973,2246,2536,3277,3353]
[0,973,3277,3353]
[0,973,1087,2536,2655,3353]
[0,1029,2246,3353]
[0,2536,3353]
[0,973,1087,2246,2536,2655,2750,3353]
[0,715,2246,2536,2655,3353]
[0,2536,2655,3353]
[0,715,2536,2655,3277,3353]
[0,973,2536,2655,3277,3353]
[0,973,3353]
[0,1029,2655,3353]
[0,1086,2655,3353]
[0,715,2246,2536,2655,2750,3353]
[0,715,2536,2655,2750,3277,3353]
[0,2536,2655,3277,3353]
[0,973,2246,2655,3353]
[0,1029,2536,2655,3277,3353]
[0,973,2536,2655,3353]
[0,715,2246,2655,3353]
[0,1029,2536,2655,3353]
[0,715,3353]
[0,715,2655,3353]
[0,973,1087,2246,2536,2655,3353]
[0,2246,2596,3353]
[0,973,2246,2536,3353]
[0,715,2536,2655,2750,3353]
[0,973,2246,3353]
[0,973,2536,2655,2750,3353]
[0,973,1087,2536,2655,3277,3353]
[0,973,2246,2536,2655,2750,3353]
[0,973,2536,2655,2750,3277,3353]
[0,1029,3353]
[0,2246,2596,3277,3353]
[0,715,2536,2655,3353]
[0,2246,2655,3353]
[0,973,2246,2536,2655,3353]
[0,1029,2246,2596,3277,3353]
[0,973,1087,2246,2536,2655,2750,3277,3353]
[0,1086,3277,3353]
[0,973,1087,2536,2655,2750,3277,3353]
[0,715,2246,2536,2655,2750,3277,3353]
[0,973,2246,2536,2655,2750,3277,3353]
[0,2246,3353]
