[0,565,768,1014,1197]
[0,133,195,630,768,869,1014,1197]
[0,49,630,768,1014,1197]
[0,768,1197]
[0,49,768,1014,1197]
[0,195,565,768,1014,1197]
[0,49,565,768,1014,1197]
[0,133,721,1014,1197]
[0,49,195,565,768,1014,1197]
[0,49,133,195,630,768,1014,1197]
[0,133,195,768,1014,1197]
[0,1014,1197]
[0,49,133,195,630,768,869,1014,1197]
[0,195,768,1014,1197]
[0,133,768,1014,1197]
[0,133,195,630,768,1014,1197]
[0,721,1197]
[0,721,1014,1197]
[0,195,458,768,1197]
[0,49,768,1197]
[0,133,630,768,869,1014,1197]
[0,133,458,768,1014,1197]
[0,565,768,1197]
[0,630,768,869,1014,1197]
[0,458,768,1197]
[0,768,1014,1197]
[0,630,768,1014,1197]
[0,458,768,1014,1197]
[0,195,458,768,1014,1197]
[0,195,565,768,1197]
[0,49,1197]
[0,195,630,768,1014,1197]
[0,49,458,768,1014,1197]
[0,133,630,768,1014,1197]
[0,49,195,630,768,1014,1197]
[0,49,195,458,768,1014,1197]
[0,195,768,1197]
