[0,389,492,1180]
[0,238,492,940,1180]
[0,156,420,799,974,1180]
[0,200,557,775,940,1180]
[0,156,389,492,814,1180]
[0,200,557,974,1180]
[0,156,238,389,492,557,1180]
[0,156,557,814,1061,1180]
[0,156,238,557,814,1061,1180]
[0,492,1180]
[0,389,557,923,1180]
[0,492,557,1180]
[0,557,814,1180]
[0,156,557,814,1180]
[0,156,389,557,923,1180]
[0,156,238,389,492,814,1180]
[0,156,492,974,1180]
[0,120,389,923,1180]
[0,156,238,492,557,1180]
[0,156,878,1180]
[0,238,940,1180]
[0,492,799,974,1180]
[0,156,238,557,814,1180]
[0,420,799,974,1180]
[0,156,420,1180]
[0,420,974,1180]
[0,156,238,492,557,940,1180]
[0,156,389,923,1180]
[0,156,492,799,974,1180]
[0,492,878,1180]
[0,120,389,557,923,1180]
[0,940,1180]
[0,156,557,923,1180]
[0,557,974,1180]
[0,878,1180]
[0,200,1180]
[0,557,923,1180]
[0,420,1180]
[0,120,389,557,814,878,1061,1180]
[0,156,389,940,1180]
[0,238,492,557,1180]
[0,200,799,974,1180]
[0,238,814,1180]
[0,120,389,814,1180]
[0,156,238,389,492,557,814,1180]
[0,156,1180]
[0,156,238,940,1180]
[0,389,1180]
[0,156,492,878,1180]
[0,156,389,814,1180]
[0,156,238,389,492,940,1180]
[0,156,238,1180]
[0,120,389,557,814,923,1180]
[0,238,492,1180]
[0,76,200,557,799,974,1180]
[0,974,1180]
[0,389,923,1180]
[0,557,940,1180]
[0,923,1180]
[0,120,389,814,1061,1180]
[0,120,389,557,814,1180]
[0,389,940,1180]
[0,156,389,492,1180]
[0,156,238,814,1180]
[0,200,974,1180]
[0,492,940,1180]
[0,156,389,557,814,923,1180]
[0,156,420,557,799,974,1180]
[0,120,389,557,814,1061,1180]
[0,156,814,1180]
[0,557,1180]
[0,156,238,389,492,1180]
[0,200,557,940,1180]
[0,156,389,1180]
[0,156,238,492,940,1180]
[0,156,238,492,1180]
[0,156,238,389,492,557,940,1180]
[0,156,420,974,1180]
[0,200,557,799,974,1180]
[0,389,814,1180]
[0,389,492,940,1180]
[0,814,1180]
[0,156,492,1180]
[0,389,557,814,1180]
[0,156,389,492,940,1180]
[0,156,557,814,923,1180]
[0,492,974,1180]
