[0,642,1180]
[0,249,642,815,1067,1180]
[0,235,658,815,1009,1180]
[0,227,287,1009,1126,1180]
[0,227,1009,1180]
[0,644,1180]
[0,227,467,644,1009,1180]
[0,227,287,1009,1180]
[0,235,658,1009,1180]
[0,227,815,1180]
[0,227,658,724,1009,1180]
[0,227,815,1009,1180]
[0,227,287,390,658,724,1180]
[0,249,1180]
[0,235,658,815,1180]
[0,235,642,815,1180]
[0,227,733,1180]
[0,227,658,815,1180]
[0,227,287,390,644,733,1009,1126,1180]
[0,227,287,644,733,1009,1126,1180]
[0,227,287,467,644,733,1009,1126,1180]
[0,266,902,1180]
[0,227,1180]
[0,235,658,815,1009,1126,1180]
[0,235,1057,1180]
[0,227,287,658,815,1180]
[0,227,287,815,1009,1126,1180]
[0,227,815,1009,1126,1180]
[0,902,1180]
[0,227,390,658,724,1180]
[0,235,1180]
[0,235,658,1180]
[0,227,287,733,1009,1126,1180]
[0,227,658,724,1180]
[0,227,287,815,1009,1180]
[0,249,642,815,1180]
[0,227,644,1180]
[0,227,287,390,644,733,1009,1180]
[0,227,287,644,1180]
[0,227,390,644,1009,1180]
[0,227,390,644,733,1009,1180]
[0,227,287,1180]
[0,227,390,644,1180]
[0,235,642,1180]
[0,227,287,658,724,1180]
[0,227,644,1009,1180]
[0,227,390,658,1009,1180]
[0,227,287,658,724,1009,1126,1180]
[0,227,287,390,644,1180]
[0,227,287,644,733,1180]
[0,227,287,467,644,733,1009,1180]
[0,227,390,1180]
[0,227,390,658,724,1009,1180]
[0,227,287,658,815,1009,1126,1180]
[0,815,1180]
[0,249,642,1180]
[0,227,658,1009,1180]
[0,227,287,658,815,1009,1180]
[0,227,287,390,1180]
[0,227,287,390,644,733,1180]
[0,227,287,390,658,724,1009,1126,1180]
[0,227,390,644,733,1180]
[0,227,658,1180]
[0,733,1180]
[0,227,467,644,1180]
[0,227,733,1009,1180]
[0,227,644,733,1180]
[0,227,287,733,1009,1180]
[0,227,390,658,1180]
[0,658,1180]
[0,227,287,644,733,1009,1180]
[0,227,658,815,1009,1180]
[0,227,287,658,1180]
[0,227,1009,1126,1180]
[0,227,467,644,733,1009,1180]
[0,227,287,658,724,1009,1180]
[0,227,287,390,658,724,1009,1180]
[0,227,644,733,1009,1180]
