[0,180,319,1632]
[0,225,319,647,755,1382,1632]
[0,225,319,647,755,1201,1382,1632]
[0,225,319,647,755,1632]
[0,180,319,647,1201,1382,1632]
[0,647,1261,1632]
[0,647,1632]
[0,1261,1632]
[0,180,319,647,1632]
[0,319,647,1632]
[0,319,647,755,1382,1632]
[0,180,319,647,755,1632]
[0,319,647,1201,1382,1632]
[0,319,647,953,1632]
[0,225,319,647,1632]
[0,225,319,1632]
[0,180,319,647,755,1382,1632]
[0,319,647,755,1201,1382,1632]
[0,180,319,647,953,1632]
[0,319,647,755,1632]
[0,180,319,647,755,1201,1382,1632]
[0,180,319,647,1382,1632]
[0,319,647,1261,1632]
[0,319,647,1382,1632]
[0,319,1632]
