[0,188,440,541,936,1046]
[0,305,440,888,1046]
[0,440,936,1046]
[0,299,440,541,657,759,888,1046]
[0,305,440,657,759,888,1046]
[0,299,440,936,1046]
[0,188,440,759,936,1046]
[0,657,1046]
[0,305,440,657,759,936,1046]
[0,188,440,657,1046]
[0,657,766,936,1046]
[0,440,766,1046]
[0,759,936,1046]
[0,299,440,766,1046]
[0,440,614,1046]
[0,299,440,657,936,1046]
[0,299,440,541,766,936,1046]
[0,440,759,1046]
[0,51,299,440,541,766,936,1046]
[0,936,1046]
[0,188,440,657,759,936,1046]
[0,440,614,766,1046]
[0,188,440,936,1046]
[0,440,657,759,936,1046]
[0,299,440,657,766,936,1046]
[0,51,299,440,541,657,759,888,1046]
[0,440,766,936,1046]
[0,299,440,541,759,888,1046]
[0,305,440,541,657,759,936,1046]
[0,188,440,657,936,1046]
[0,305,440,759,1046]
[0,305,440,541,936,1046]
[0,305,440,759,888,1046]
[0,188,440,541,657,759,936,1046]
[0,759,1046]
[0,305,440,541,759,888,1046]
[0,541,1046]
[0,188,440,541,759,936,1046]
[0,299,440,657,1046]
[0,440,1046]
[0,440,541,936,1046]
[0,440,888,1046]
[0,299,440,888,1046]
[0,299,440,541,657,766,936,1046]
[0,440,614,766,936,1046]
[0,188,440,759,1046]
[0,299,440,1046]
[0,440,657,766,936,1046]
[0,305,440,759,936,1046]
[0,440,541,766,936,1046]
[0,440,664,936,1046]
[0,759,888,1046]
[0,657,759,888,1046]
[0,305,1046]
[0,440,541,759,888,1046]
[0,888,1046]
[0,51,299,440,541,657,766,936,1046]
[0,188,1046]
[0,657,759,936,1046]
[0,541,766,1046]
[0,440,657,759,888,1046]
[0,305,440,936,1046]
[0,541,766,936,1046]
[0,440,759,888,1046]
[0,305,440,657,936,1046]
[0,305,440,541,657,759,888,1046]
[0,305,440,1046]
[0,299,440,766,936,1046]
[0,766,1046]
[0,440,657,936,1046]
[0,440,664,1046]
[0,51,299,440,541,759,888,1046]
[0,440,541,888,1046]
[0,299,440,657,759,888,1046]
[0,299,440,541,936,1046]
[0,188,440,1046]
[0,299,440,759,888,1046]
[0,440,541,657,766,936,1046]
[0,299,1046]
[0,440,657,1046]
[0,664,1046]
[0,766,936,1046]
[0,305,440,657,1046]
[0,305,440,541,759,936,1046]
