[0,464,1180]
[0,205,604,713,988,1180]
[0,278,1005,1180]
[0,278,464,604,713,1180]
[0,278,464,1005,1180]
[0,604,713,988,1136,1180]
[0,205,988,1136,1180]
[0,205,604,988,1136,1180]
[0,278,713,910,1180]
[0,604,1180]
[0,195,278,464,604,713,910,1005,1180]
[0,278,604,1180]
[0,205,416,1180]
[0,205,988,1180]
[0,278,464,713,988,1180]
[0,604,713,1180]
[0,205,1180]
[0,278,464,604,1005,1180]
[0,464,988,1180]
[0,195,278,464,604,713,910,1180]
[0,278,464,604,713,988,1180]
[0,195,278,464,604,713,988,1136,1180]
[0,278,464,713,910,1180]
[0,205,278,464,604,713,910,1180]
[0,988,1180]
[0,278,713,1180]
[0,278,464,604,713,910,1005,1180]
[0,278,464,713,1180]
[0,278,464,604,1136,1180]
[0,205,278,464,604,713,910,1005,1180]
[0,278,464,1180]
[0,205,416,1005,1180]
[0,1005,1180]
[0,278,604,1005,1180]
[0,464,604,1180]
[0,195,278,464,604,713,1180]
[0,713,910,1180]
[0,205,1136,1180]
[0,205,416,604,988,1136,1180]
[0,195,278,464,604,713,988,1180]
[0,205,278,464,1180]
[0,205,604,713,988,1136,1180]
[0,278,464,604,713,910,1180]
[0,205,278,464,604,713,1180]
[0,464,604,713,1180]
[0,205,278,464,604,1180]
[0,278,1180]
[0,278,464,604,1180]
[0,205,713,1180]
[0,205,713,988,1180]
[0,205,604,988,1180]
[0,713,988,1136,1180]
[0,205,278,347,464,604,713,910,1005,1180]
[0,604,713,988,1180]
[0,416,1180]
[0,713,988,1180]
[0,195,278,464,1180]
[0,205,416,604,988,1180]
[0,713,1180]
[0,205,1005,1180]
[0,195,278,464,604,1180]
[0,205,604,1180]
[0,278,464,988,1180]
[0,278,713,988,1180]
