[0,619,1128,1419]
[0,477,1062,1295,1378,1419]
[0,1295,1378,1419]
[0,1295,1419]
[0,619,673,1128,1295,1378,1419]
[0,477,1074,1419]
[0,673,1378,1419]
[0,382,477,673,1128,1295,1419]
[0,477,1074,1295,1378,1419]
[0,619,1419]
[0,477,673,1419]
[0,382,477,673,1062,1295,1419]
[0,477,1128,1295,1419]
[0,477,673,1378,1419]
[0,1074,1295,1419]
[0,1074,1295,1378,1419]
[0,477,673,1074,1295,1378,1419]
[0,477,1062,1295,1419]
[0,1062,1295,1419]
[0,477,673,1343,1419]
[0,1062,1295,1378,1419]
[0,477,673,1128,1295,1419]
[0,1378,1419]
[0,477,673,1128,1295,1378,1419]
[0,382,477,673,1062,1419]
[0,477,673,1074,1419]
[0,619,673,1128,1419]
[0,1074,1419]
[0,477,1062,1419]
[0,477,673,1062,1295,1419]
[0,477,1128,1419]
[0,238,477,1074,1419]
[0,477,1128,1295,1378,1419]
[0,477,673,1074,1295,1419]
[0,619,673,1128,1295,1419]
[0,477,673,1062,1295,1378,1419]
[0,382,477,673,1128,1295,1378,1419]
[0,673,1419]
[0,477,1419]
[0,619,1128,1295,1419]
[0,1128,1295,1378,1419]
[0,619,1128,1295,1378,1419]
[0,382,477,673,1062,1295,1378,1419]
[0,477,673,1074,1343,1419]
[0,1128,1419]
[0,477,673,1062,1419]
[0,477,673,1128,1419]
[0,238,477,673,1074,1343,1419]
[0,1062,1419]
[0,477,1074,1295,1419]
[0,1128,1295,1419]
[0,238,477,673,1074,1419]
