[0,836,1191,2158,2426,2812]
[0,251,836,1191,1454,2158,2812]
[0,1191,1454,2812]
[0,836,1191,1935,2812]
[0,251,480,836,1191,1454,2065,2426,2812]
[0,1150,1935,2812]
[0,251,836,1191,1454,2158,2730,2812]
[0,251,836,1191,1454,2065,2812]
[0,836,1935,2812]
[0,251,480,836,974,1191,1454,2158,2812]
[0,251,836,1150,1454,1935,2730,2812]
[0,251,480,836,1191,1454,2158,2730,2812]
[0,251,836,1150,1935,2730,2812]
[0,836,1191,1454,2158,2426,2812]
[0,251,836,1191,1454,2065,2426,2730,2812]
[0,251,480,836,974,1191,1454,2158,2426,2730,2812]
[0,251,480,836,1191,1454,2812]
[0,836,1191,1454,2065,2426,2812]
[0,836,1191,1454,2158,2812]
[0,251,480,836,1191,1454,2158,2812]
[0,251,1935,2812]
[0,251,480,836,1191,1454,1935,2730,2812]
[0,251,480,836,974,1191,1454,2158,2730,2812]
[0,836,1191,2065,2426,2812]
[0,1935,2812]
[0,251,480,836,1150,1454,1935,2730,2812]
[0,1191,2812]
[0,1191,1935,2812]
[0,251,2812]
[0,251,1191,1454,2730,2812]
[0,251,480,836,974,1191,1454,2158,2426,2812]
[0,836,1191,1454,2812]
[0,251,480,836,1191,1454,2065,2812]
[0,836,1191,1454,2065,2812]
[0,251,1191,1454,1935,2812]
[0,251,836,1150,1935,2812]
[0,836,1191,2158,2812]
[0,836,1191,1454,1935,2812]
[0,251,836,1191,1454,2065,2730,2812]
[0,1191,2065,2426,2812]
[0,251,1191,1454,2812]
[0,836,2812]
[0,251,480,836,1150,1935,2730,2812]
[0,251,480,836,1191,1454,2065,2730,2812]
[0,251,836,1191,1454,2812]
[0,836,1191,2065,2812]
[0,251,836,1191,1454,2065,2426,2812]
[0,251,836,1935,2812]
[0,251,836,1191,1454,2730,2812]
[0,836,1150,1454,1935,2812]
[0,251,836,1191,1454,2158,2426,2812]
[0,2158,2812]
[0,1191,2158,2812]
[0,251,480,836,1150,1935,2812]
[0,251,1191,1454,1935,2730,2812]
[0,836,1191,2812]
[0,251,480,836,974,1191,1454,1935,2730,2812]
[0,251,836,1191,1454,1935,2812]
[0,251,480,836,1191,1454,2158,2426,2812]
[0,298,2812]
[0,2065,2812]
[0,1191,2065,2812]
[0,1191,1454,1935,2812]
[0,836,1150,1935,2812]
[0,1350,1935,2812]
[0,251,836,1191,1454,2158,2426,2730,2812]
[0,251,480,836,1191,1454,2730,2812]
[0,298,1935,2812]
[0,251,480,836,1191,1454,2158,2426,2730,2812]
[0,298,1935,2730,2812]
[0,251,480,836,974,1191,1454,1935,2812]
[0,251,836,1150,1454,1935,2812]
[0,251,480,836,1191,1454,1935,2812]
[0,251,480,836,1191,1454,2065,2426,2730,2812]
[0,251,480,836,1150,1454,1935,2812]
