[0,1360,1814,2019]
[0,369,1814,2019]
[0,49,290,369,706,1049,1279,1360,1814,2019]
[0,301,815,1085,1279,1360,1814,2019]
[0,301,1279,1360,1814,2019]
[0,301,369,815,1085,1279,1360,1814,2019]
[0,301,815,1085,1360,1814,2019]
[0,49,1279,1360,1597,2019]
[0,49,706,1279,1360,1814,1920,2019]
[0,290,706,1049,1360,1814,2019]
[0,1279,1360,1814,1967,2019]
[0,49,369,706,1597,1814,2019]
[0,49,290,369,706,1049,1279,1360,1814,1920,2019]
[0,49,706,1049,1279,1360,1814,2019]
[0,290,706,1049,1279,1360,2019]
[0,815,1085,1360,2019]
[0,815,1279,1360,1814,2019]
[0,706,1597,2019]
[0,815,1360,2019]
[0,49,706,1049,1279,1360,1814,1920,2019]
[0,706,1049,1279,1360,1814,2019]
[0,301,1360,1814,2019]
[0,49,1279,1360,1814,2019]
[0,49,369,706,1049,1279,1360,1814,1920,2019]
[0,49,369,815,2019]
[0,321,815,1597,1865,2019]
[0,815,1085,1279,1360,1814,2019]
[0,706,1049,1360,1814,1920,2019]
[0,706,1049,1279,1360,2019]
[0,369,1597,2019]
[0,301,369,815,1085,1279,1360,1814,1967,2019]
[0,706,1049,1360,2019]
[0,301,815,1360,1814,2019]
[0,49,301,369,1279,1360,1814,1967,2019]
[0,815,1279,1360,1814,1967,2019]
[0,706,1049,1360,1814,2019]
[0,706,1279,1360,1814,1920,2019]
[0,290,706,1360,1814,1920,2019]
[0,1279,2019]
[0,290,369,706,1049,1279,1360,1814,2019]
[0,369,706,1597,2019]
[0,290,369,706,1049,1279,1360,1814,1920,2019]
[0,706,1814,2019]
[0,49,815,2019]
[0,369,706,1279,1360,1814,1920,2019]
[0,815,1360,1814,2019]
[0,321,2019]
[0,706,1279,2019]
[0,290,706,1049,1360,2019]
[0,369,706,1360,1814,1920,2019]
[0,706,1279,1360,2019]
[0,321,1814,2019]
[0,301,1279,1360,1814,1967,2019]
[0,301,2019]
[0,49,815,1085,1279,1360,1814,1967,2019]
[0,1597,2019]
[0,706,2019]
[0,369,706,1360,1814,2019]
[0,706,1360,2019]
[0,290,706,1049,1279,1360,1814,2019]
[0,369,815,2019]
[0,301,1085,1279,1360,1814,2019]
[0,301,369,1279,1360,1814,2019]
[0,290,369,706,1279,1360,2019]
[0,49,706,1279,1360,1814,2019]
[0,369,706,1597,1814,2019]
[0,301,369,1279,1360,1814,1967,2019]
[0,301,815,1360,2019]
[0,301,1085,1360,2019]
[0,369,2019]
[0,290,706,1360,2019]
[0,369,706,1814,2019]
[0,290,706,1279,1360,2019]
[0,49,1279,1360,2019]
[0,321,815,1597,2019]
[0,49,706,2019]
[0,369,706,1279,2019]
[0,815,1279,2019]
[0,706,1049,2019]
[0,290,369,706,1049,1279,1360,2019]
[0,301,815,1279,1360,1814,2019]
[0,49,369,706,1814,2019]
[0,706,1049,1279,2019]
[0,369,706,1049,1279,1360,1814,1920,2019]
[0,49,2019]
[0,369,706,1279,1360,1814,2019]
[0,290,369,1279,1360,2019]
[0,49,301,369,815,1085,1279,1360,1814,1967,2019]
[0,301,1814,2019]
[0,290,706,1049,1279,1360,1814,1920,2019]
[0,815,2019]
[0,369,706,1360,2019]
[0,301,815,1085,1360,2019]
[0,321,815,1279,1814,2019]
[0,321,815,1865,2019]
[0,815,1085,1360,1814,2019]
[0,1814,2019]
[0,369,706,2019]
[0,290,706,1360,1814,2019]
[0,815,1085,1279,1360,1814,1967,2019]
[0,706,1049,1279,1360,1814,1920,2019]
[0,301,1085,1360,1814,2019]
[0,49,1279,1360,1814,1967,2019]
[0,301,369,815,1279,1360,1814,1967,2019]
[0,815,1597,2019]
[0,321,815,1814,2019]
[0,1279,1360,1597,2019]
[0,301,1279,1360,2019]
[0,49,815,1279,1360,1814,1967,2019]
[0,1279,1360,2019]
[0,290,706,1049,1279,2019]
[0,290,706,1049,2019]
[0,706,1360,1814,1920,2019]
[0,1360,1597,2019]
[0,290,706,1049,1360,1814,1920,2019]
[0,321,815,2019]
[0,369,706,1049,2019]
[0,1360,2019]
[0,290,1360,2019]
[0,369,706,1049,1360,2019]
[0,321,815,1279,2019]
[0,49,369,706,1279,1360,1814,1920,2019]
[0,706,1360,1814,2019]
[0,290,1279,1360,2019]
[0,369,706,1049,1360,1814,2019]
[0,290,2019]
[0,369,706,1279,1814,2019]
[0,49,301,369,815,1279,1360,1814,1967,2019]
[0,369,706,1049,1360,1814,1920,2019]
[0,301,369,1279,1360,2019]
[0,301,1360,2019]
[0,706,1279,1360,1814,2019]
[0,301,369,815,1279,1360,1814,2019]
[0,1279,1360,1814,2019]
[0,49,369,706,1279,1360,1814,2019]
[0,49,369,706,2019]
