[0,295,450,877,977,1046]
[0,130,295,450,877,1046]
[0,45,130,295,338,450,536,739,877,977,1046]
[0,130,295,450,536,739,877,977,1046]
[0,130,295,450,536,630,739,1046]
[0,536,1046]
[0,130,295,450,739,877,1046]
[0,295,450,739,1046]
[0,450,536,739,1046]
[0,130,295,450,536,877,1046]
[0,297,877,977,1046]
[0,297,536,877,1046]
[0,297,877,1046]
[0,130,295,450,877,977,1046]
[0,130,295,450,536,630,739,877,1046]
[0,45,130,295,450,536,877,977,1046]
[0,450,739,877,1046]
[0,130,295,450,739,877,977,1046]
[0,295,1046]
[0,130,297,718,877,977,1046]
[0,450,536,877,1046]
[0,295,877,1046]
[0,45,130,295,450,536,739,877,977,1046]
[0,295,450,536,877,977,1046]
[0,297,1046]
[0,739,877,977,1046]
[0,450,536,877,977,1046]
[0,295,450,536,877,1046]
[0,130,297,718,877,1046]
[0,130,295,450,739,1046]
[0,130,297,536,877,1046]
[0,739,1046]
[0,536,877,1046]
[0,130,295,450,630,739,877,1046]
[0,450,536,1046]
[0,877,977,1046]
[0,130,295,450,536,630,739,877,977,1046]
[0,295,450,739,877,977,1046]
[0,877,1046]
[0,297,718,877,1046]
[0,45,130,295,338,450,536,877,977,1046]
[0,297,536,1046]
[0,130,536,877,1046]
[0,718,1046]
[0,536,877,977,1046]
[0,718,877,1046]
[0,295,450,877,1046]
[0,130,295,450,536,739,877,1046]
[0,295,450,536,739,1046]
[0,130,297,877,977,1046]
[0,130,295,450,630,739,1046]
[0,130,297,877,1046]
[0,295,450,739,877,1046]
[0,295,877,977,1046]
[0,45,130,295,338,450,536,630,739,877,977,1046]
[0,130,295,450,536,877,977,1046]
[0,739,877,1046]
[0,450,739,1046]
[0,45,130,295,450,536,630,739,877,977,1046]
[0,450,739,877,977,1046]
[0,130,295,450,536,739,1046]
[0,130,536,877,977,1046]
