[0,1237,1453,1911]
[0,564,1237,1453,1666,1846,1911]
[0,344,564,956,1132,1237,1453,1911]
[0,560,956,1237,1453,1666,1911]
[0,1237,1911]
[0,564,1237,1453,1911]
[0,344,564,956,1132,1237,1453,1666,1911]
[0,161,344,564,956,1132,1237,1453,1911]
[0,344,560,1237,1453,1666,1911]
[0,161,344,560,956,1237,1453,1666,1911]
[0,1666,1911]
[0,161,344,564,956,1237,1453,1666,1911]
[0,344,564,956,1453,1911]
[0,161,1911]
[0,401,1080,1911]
[0,344,564,1237,1453,1666,1911]
[0,881,1237,1911]
[0,161,344,560,1237,1453,1666,1911]
[0,560,1132,1237,1453,1666,1911]
[0,564,956,1237,1453,1666,1846,1911]
[0,401,1237,1453,1666,1911]
[0,401,1080,1288,1666,1911]
[0,344,560,956,1237,1453,1911]
[0,161,344,564,1237,1453,1666,1911]
[0,401,1237,1453,1911]
[0,161,344,560,956,1132,1237,1453,1666,1911]
[0,560,1237,1453,1911]
[0,344,564,956,1237,1453,1911]
[0,1080,1911]
[0,564,956,1453,1911]
[0,401,1080,1288,1911]
[0,344,560,956,1132,1237,1453,1666,1911]
[0,344,564,1237,1453,1911]
[0,564,956,1911]
[0,344,564,1237,1911]
[0,1237,1453,1666,1911]
[0,564,1237,1453,1666,1911]
[0,564,956,1132,1237,1453,1666,1911]
[0,564,956,1132,1237,1453,1911]
[0,564,956,1132,1237,1453,1666,1846,1911]
[0,560,956,1132,1237,1453,1666,1911]
[0,1138,1666,1911]
[0,344,564,956,1237,1453,1666,1911]
[0,560,1237,1453,1666,1911]
[0,564,956,1237,1453,1666,1911]
[0,344,560,956,1237,1453,1666,1911]
[0,161,344,564,1237,1453,1911]
[0,401,956,1911]
[0,560,956,1911]
[0,344,564,1911]
[0,560,1911]
[0,956,1911]
[0,564,1453,1911]
[0,560,956,1453,1911]
[0,401,1453,1911]
[0,161,1666,1911]
[0,161,344,564,956,1237,1453,1911]
[0,564,1237,1911]
[0,161,344,564,956,1132,1237,1453,1666,1911]
[0,881,1237,1666,1911]
[0,564,956,1237,1453,1911]
[0,344,560,1237,1453,1911]
[0,1453,1911]
[0,401,1080,1666,1911]
[0,881,1911]
[0,560,956,1237,1453,1911]
[0,564,1911]
[0,401,1911]
[0,560,1453,1911]
[0,1138,1911]
[0,1453,1666,1911]
[0,560,1237,1911]
