[0,163,912,1327,1419]
[0,187,398,472,912,1083,1228,1419]
[0,187,624,1327,1419]
[0,624,912,1419]
[0,211,619,1261,1419]
[0,187,619,672,912,1083,1228,1419]
[0,398,472,912,1083,1228,1419]
[0,187,619,912,1129,1419]
[0,472,912,1129,1419]
[0,472,912,1419]
[0,163,472,1419]
[0,163,472,672,912,1129,1192,1419]
[0,472,672,912,1083,1228,1419]
[0,187,619,912,1129,1327,1419]
[0,619,912,1419]
[0,398,619,912,1083,1419]
[0,619,672,1419]
[0,163,619,1129,1192,1419]
[0,211,472,624,912,1129,1419]
[0,912,1083,1419]
[0,211,472,912,1129,1419]
[0,187,472,912,1083,1419]
[0,472,672,912,1083,1419]
[0,398,619,1419]
[0,163,472,619,672,912,1129,1192,1419]
[0,163,619,912,1129,1419]
[0,163,303,398,472,672,912,1129,1419]
[0,187,472,672,912,1419]
[0,163,912,1419]
[0,163,472,672,912,1327,1419]
[0,619,1129,1327,1419]
[0,472,672,912,1129,1419]
[0,163,303,398,472,619,672,912,1129,1192,1419]
[0,619,1129,1419]
[0,398,472,672,912,1083,1228,1419]
[0,211,472,624,912,1129,1327,1419]
[0,187,624,912,1129,1419]
[0,211,472,912,1419]
[0,163,619,912,1129,1192,1419]
[0,163,619,672,912,1419]
[0,163,398,472,672,912,1129,1192,1419]
[0,163,303,398,472,672,912,1129,1192,1419]
[0,187,624,912,1129,1327,1419]
[0,187,472,912,1419]
[0,163,472,912,1129,1419]
[0,912,1083,1228,1419]
[0,619,672,1129,1192,1419]
[0,619,1129,1192,1419]
[0,398,619,912,1083,1228,1419]
[0,619,672,912,1083,1228,1419]
[0,398,619,672,912,1083,1228,1419]
[0,163,303,472,672,912,1129,1419]
[0,211,472,624,1261,1419]
[0,472,1192,1419]
[0,472,912,1083,1228,1419]
[0,211,472,912,1129,1327,1419]
[0,163,619,672,912,1129,1192,1419]
[0,619,1192,1419]
[0,163,398,472,672,912,1129,1419]
[0,187,472,624,912,1129,1419]
[0,619,912,1083,1419]
[0,912,1419]
[0,472,1419]
[0,472,912,1083,1419]
[0,187,619,912,1083,1419]
[0,187,619,912,1083,1228,1419]
[0,163,619,912,1419]
[0,187,321,472,672,912,1083,1228,1419]
[0,398,472,619,672,912,1083,1228,1419]
[0,163,619,672,1419]
[0,472,1129,1192,1419]
[0,624,912,1129,1419]
[0,187,619,672,912,1129,1327,1419]
[0,619,912,1129,1419]
[0,187,624,1129,1327,1419]
[0,187,398,472,619,672,912,1083,1228,1419]
[0,619,1419]
[0,163,472,912,1419]
[0,619,912,1129,1327,1419]
[0,163,303,398,472,912,1129,1192,1419]
[0,163,398,472,619,672,912,1129,1192,1419]
[0,187,472,1419]
[0,187,472,624,912,1129,1327,1419]
[0,163,303,472,912,1129,1419]
[0,163,472,619,672,912,1327,1419]
[0,619,672,912,1129,1192,1419]
[0,619,1083,1228,1419]
[0,163,472,912,1129,1192,1419]
[0,163,303,398,472,912,1129,1419]
[0,163,619,1419]
[0,187,624,1419]
[0,187,624,912,1419]
[0,502,1419]
[0,163,472,672,912,1129,1419]
[0,187,472,672,912,1083,1419]
[0,187,321,398,472,912,1083,1228,1419]
[0,211,624,1419]
[0,187,472,672,912,1083,1228,1419]
[0,211,624,1261,1419]
[0,624,1129,1419]
[0,187,472,912,1083,1228,1419]
[0,187,398,472,672,912,1083,1228,1419]
[0,163,472,1129,1192,1419]
[0,1129,1192,1419]
[0,211,472,1419]
[0,619,672,912,1419]
[0,619,912,1129,1192,1419]
[0,163,472,619,672,912,1419]
[0,619,1228,1419]
[0,187,619,1419]
[0,187,321,398,472,619,672,912,1083,1228,1419]
[0,398,619,912,1419]
[0,619,1327,1419]
[0,619,672,912,1083,1419]
[0,619,672,912,1129,1419]
[0,211,619,1419]
[0,1192,1419]
[0,187,321,398,472,672,912,1083,1228,1419]
[0,619,912,1083,1228,1419]
[0,624,1419]
[0,163,398,472,912,1129,1419]
[0,163,398,472,912,1129,1192,1419]
[0,163,472,672,912,1419]
[0,619,672,912,1129,1327,1419]
[0,187,624,1129,1419]
[0,472,672,912,1419]
[0,163,472,1192,1419]
[0,187,321,472,912,1083,1228,1419]
[0,187,619,912,1419]
[0,163,619,1192,1419]
