[0,1226,2216,2956]
[0,1226,1525,2255,2956]
[0,1226,1525,2956]
[0,1226,1525,2216,2727,2956]
[0,1525,2255,2956]
[0,319,1226,2216,2956]
[0,1226,1513,2255,2687,2956]
[0,614,1915,2956]
[0,614,1226,1513,2255,2727,2956]
[0,1226,1525,2316,2956]
[0,1513,2956]
[0,1525,2316,2956]
[0,614,1513,2255,2956]
[0,614,1226,1513,2255,2956]
[0,65,614,1226,1513,2255,2956]
[0,1915,2956]
[0,1226,2956]
[0,1226,1513,2255,2956]
[0,319,2216,2956]
[0,319,1226,1525,2216,2727,2956]
[0,65,1226,1513,2255,2956]
[0,65,319,1226,1525,2216,2727,2956]
[0,65,1226,1525,2216,2727,2956]
[0,2216,2956]
[0,614,2956]
[0,1498,2316,2956]
[0,1525,2216,2956]
[0,65,614,1226,1513,2255,2727,2956]
[0,1226,1525,2216,2956]
[0,1525,2956]
[0,319,1226,1525,2216,2956]
[0,1498,2956]
[0,1226,1513,2255,2727,2956]
[0,319,1525,2216,2956]
[0,1513,2255,2956]
