[0,144,249,403,547,756,850,1046]
[0,547,739,1046]
[0,249,699,756,850,1046]
[0,547,756,850,1046]
[0,144,249,381,547,756,850,1046]
[0,144,249,756,850,1046]
[0,547,1046]
[0,249,547,756,1046]
[0,144,249,547,699,756,850,1046]
[0,699,756,1046]
[0,144,249,381,547,756,1046]
[0,144,249,699,756,850,999,1046]
[0,144,249,547,756,850,1046]
[0,249,403,547,756,1046]
[0,144,249,403,547,756,850,913,1046]
[0,547,739,850,1046]
[0,249,756,850,1046]
[0,547,756,1046]
[0,850,1046]
[0,144,249,547,699,756,850,999,1046]
[0,249,547,850,1046]
[0,249,547,839,1046]
[0,249,1046]
[0,144,249,381,547,756,850,913,1046]
[0,249,381,547,756,1046]
[0,249,547,756,850,1046]
[0,249,547,1046]
[0,144,249,699,756,850,1046]
[0,756,850,1046]
[0,144,249,403,547,756,1046]
[0,249,850,1046]
[0,249,403,547,756,850,913,1046]
[0,144,249,850,1046]
[0,249,547,739,1046]
[0,249,547,739,850,1046]
[0,144,249,547,756,1046]
[0,699,1046]
[0,249,403,547,756,850,1046]
[0,699,756,850,1046]
