[0,583,766,1046]
[0,54,216,950,1046]
[0,745,1046]
[0,216,511,583,725,773,950,1046]
[0,216,725,950,1046]
[0,510,583,773,950,1046]
[0,216,766,950,1046]
[0,510,1046]
[0,216,511,583,950,1046]
[0,510,725,773,1046]
[0,510,725,1046]
[0,511,745,1046]
[0,216,725,1046]
[0,54,950,1046]
[0,293,766,950,1046]
[0,511,745,950,1046]
[0,725,1046]
[0,510,583,950,1046]
[0,583,766,950,1046]
[0,510,725,773,950,1046]
[0,293,766,1046]
[0,216,511,583,1046]
[0,216,511,583,773,950,1046]
[0,54,216,766,950,1046]
[0,216,510,583,766,950,1046]
[0,216,583,773,950,1046]
[0,216,583,766,950,1046]
[0,216,583,773,1046]
[0,216,510,583,950,1046]
[0,54,511,745,950,1046]
[0,216,725,773,1046]
[0,725,773,1046]
[0,216,510,583,725,773,950,1046]
[0,293,339,950,1046]
[0,293,339,1046]
[0,216,583,766,1046]
[0,216,1046]
[0,510,583,766,950,1046]
[0,766,1046]
[0,510,773,1046]
[0,511,1046]
[0,216,766,1046]
[0,510,583,1046]
[0,293,1046]
[0,766,950,1046]
[0,950,1046]
[0,583,1046]
[0,293,950,1046]
[0,216,583,950,1046]
[0,216,511,725,950,1046]
[0,216,511,725,1046]
[0,511,950,1046]
[0,216,583,1046]
[0,216,725,773,950,1046]
[0,510,725,950,1046]
[0,510,583,725,773,950,1046]
[0,216,510,583,773,950,1046]
[0,510,950,1046]
[0,54,293,766,950,1046]
[0,510,773,950,1046]
[0,54,293,950,1046]
[0,216,511,725,773,950,1046]
[0,216,950,1046]
[0,54,511,950,1046]
