[0,309,527,1180,1323,2081,2616,2956]
[0,729,1180,2956]
[0,527,1180,1667,2081,2616,2956]
[0,2312,2956]
[0,309,527,1142,2956]
[0,729,1180,1667,2081,2616,2956]
[0,729,1158,2360,2956]
[0,527,1158,2312,2956]
[0,729,1158,1749,2234,2616,2956]
[0,527,1142,2312,2577,2956]
[0,729,1180,1667,2081,2956]
[0,729,2360,2956]
[0,729,1158,2956]
[0,309,729,1180,1667,2081,2616,2956]
[0,729,1158,2234,2956]
[0,309,527,1180,2081,2956]
[0,1667,2956]
[0,667,2253,2956]
[0,309,527,1142,2312,2577,2956]
[0,309,527,2081,2616,2956]
[0,309,2081,2956]
[0,1142,2312,2956]
[0,309,527,2081,2956]
[0,527,1180,2081,2956]
[0,309,527,2956]
[0,309,729,1158,1749,2234,2616,2956]
[0,309,527,1158,2312,2577,2956]
[0,309,527,1142,2312,2956]
[0,527,2081,2616,2956]
[0,729,1158,1710,2312,2956]
[0,309,527,2312,2956]
[0,527,1158,2312,2616,2956]
[0,309,527,1180,1667,2081,2616,2956]
[0,2234,2956]
[0,309,527,1180,1323,2956]
[0,823,2956]
[0,309,527,1142,1323,2312,2577,2956]
[0,309,729,1158,1710,2312,2616,2956]
[0,309,823,2360,2956]
[0,309,729,1180,2956]
[0,729,2312,2956]
[0,309,527,1142,1323,2956]
[0,2253,2956]
[0,309,527,1180,1667,2081,2956]
[0,729,1667,2956]
[0,309,729,1158,2360,2956]
[0,309,729,1180,2081,2956]
[0,527,1180,2956]
[0,823,2360,2956]
[0,2081,2956]
[0,309,729,1180,1667,2081,2956]
[0,309,823,2021,2360,2956]
[0,729,1710,2312,2956]
[0,527,2956]
[0,527,1180,1667,2081,2956]
[0,309,729,1158,2312,2616,2956]
[0,538,2956]
[0,1180,2081,2956]
[0,729,2234,2956]
[0,309,729,2081,2956]
[0,527,1142,2956]
[0,823,2021,2360,2956]
[0,2360,2956]
[0,729,1180,2081,2956]
[0,729,1158,1749,2234,2956]
[0,309,527,2312,2577,2956]
[0,729,2956]
[0,1180,2956]
[0,729,1180,1667,2956]
[0,538,1180,2956]
[0,527,1158,2312,2577,2956]
[0,527,1180,1667,2956]
[0,309,527,1180,1667,2956]
[0,309,729,2360,2956]
[0,309,527,1142,1323,2312,2956]
[0,309,729,2956]
[0,309,527,1180,1323,2081,2956]
[0,527,2312,2577,2956]
[0,527,1180,2081,2616,2956]
[0,309,729,1158,2956]
[0,527,2081,2956]
[0,1158,2956]
[0,527,1142,2312,2956]
[0,527,2312,2616,2956]
[0,309,729,1158,1710,2312,2956]
[0,309,527,2312,2616,2956]
[0,1142,2956]
[0,309,729,1158,2312,2956]
[0,527,2312,2956]
[0,729,1158,2312,2956]
[0,309,527,1180,2081,2616,2956]
[0,309,527,1180,2956]
[0,309,527,1158,2312,2616,2956]
[0,527,1158,2956]
[0,1158,2312,2956]
[0,729,2081,2956]
[0,729,1749,2234,2956]
