[0,245,391,436,490,559,1009,1050,1180]
[0,391,436,1009,1050,1180]
[0,113,245,391,559,765,850,1009,1180]
[0,245,1009,1180]
[0,245,391,559,850,1009,1180]
[0,245,391,490,559,1009,1180]
[0,391,559,850,1017,1180]
[0,245,559,850,1017,1180]
[0,113,245,391,436,490,559,1009,1180]
[0,113,245,490,559,765,850,1009,1180]
[0,113,245,436,490,559,1009,1180]
[0,113,245,490,559,1017,1180]
[0,113,245,559,850,1009,1180]
[0,245,559,1017,1180]
[0,850,1180]
[0,1050,1180]
[0,850,1017,1180]
[0,113,245,559,765,850,1009,1180]
[0,113,245,391,490,559,765,850,1017,1180]
[0,113,245,779,1009,1180]
[0,245,559,779,1009,1180]
[0,113,245,436,490,765,1009,1180]
[0,113,245,559,1017,1180]
[0,245,391,559,1009,1180]
[0,245,765,1180]
[0,113,245,391,436,490,559,765,850,1009,1180]
[0,391,559,850,1009,1180]
[0,391,559,1009,1180]
[0,113,245,436,490,559,765,850,1017,1180]
[0,559,850,1009,1180]
[0,113,245,436,1180]
[0,245,850,1180]
[0,245,436,765,1180]
[0,113,245,436,490,1009,1180]
[0,113,245,391,490,559,850,1017,1180]
[0,113,245,490,559,1180]
[0,113,245,391,436,490,559,850,1009,1050,1180]
[0,391,559,850,1180]
[0,113,245,391,436,490,559,1009,1050,1180]
[0,850,1009,1180]
[0,113,245,391,490,559,765,850,1009,1180]
[0,245,436,559,779,1009,1180]
[0,490,559,1180]
[0,113,245,850,1017,1180]
[0,245,559,1180]
[0,113,245,391,436,490,559,765,850,1009,1050,1180]
[0,113,245,765,1009,1180]
[0,559,1009,1180]
[0,245,559,779,1180]
[0,113,245,1009,1180]
[0,113,245,391,559,850,1017,1180]
[0,245,850,1017,1180]
[0,113,245,436,490,559,765,850,1009,1180]
[0,391,436,490,559,1009,1050,1180]
[0,436,1009,1050,1180]
[0,559,1180]
[0,113,245,391,490,559,850,1009,1180]
[0,113,245,850,1180]
[0,113,245,391,559,1017,1180]
[0,245,559,850,1009,1180]
[0,245,391,436,490,559,1009,1180]
[0,113,245,436,490,1180]
[0,559,1017,1180]
[0,113,245,490,559,1009,1180]
[0,245,559,1009,1180]
[0,245,779,1009,1180]
[0,245,490,559,1180]
[0,245,391,490,559,1180]
[0,113,245,436,1009,1180]
[0,391,436,559,1009,1050,1180]
[0,113,245,391,436,490,559,850,1017,1180]
[0,113,245,850,1009,1180]
[0,245,391,559,1180]
[0,765,1180]
[0,245,559,850,1180]
[0,245,436,1180]
[0,391,436,490,559,1180]
[0,113,245,559,1009,1180]
[0,113,245,391,559,850,1009,1180]
[0,245,850,1009,1180]
[0,490,779,1180]
[0,113,245,391,559,1180]
[0,490,559,1009,1180]
[0,391,436,1180]
[0,391,436,559,1009,1180]
[0,436,1180]
[0,436,490,559,1180]
[0,436,1009,1180]
[0,113,245,765,850,1017,1180]
[0,245,391,436,490,559,1180]
[0,779,1180]
[0,391,559,1180]
[0,113,245,391,436,490,559,850,1009,1180]
[0,559,850,1180]
[0,245,490,779,1009,1180]
[0,113,245,490,559,765,850,1017,1180]
[0,113,245,559,765,850,1017,1180]
[0,113,245,391,490,559,1180]
[0,113,245,559,850,1017,1180]
[0,391,436,490,1180]
[0,245,490,779,1180]
[0,113,245,559,1180]
[0,245,436,1009,1180]
[0,391,436,1009,1180]
[0,113,245,391,436,490,559,765,850,1017,1180]
[0,245,391,559,1017,1180]
[0,113,245,391,490,559,1017,1180]
[0,245,779,1180]
[0,245,1180]
[0,113,245,391,559,1009,1180]
[0,391,559,1017,1180]
[0,113,245,765,850,1009,1180]
[0,559,850,1017,1180]
[0,113,245,391,559,765,850,1017,1180]
[0,113,245,490,559,850,1009,1180]
[0,1009,1050,1180]
[0,436,490,1180]
[0,245,391,559,850,1017,1180]
[0,436,490,559,1009,1180]
[0,245,765,1009,1180]
[0,113,245,391,436,490,559,1017,1180]
[0,113,245,1180]
[0,391,436,490,559,1009,1180]
[0,245,436,765,1009,1180]
[0,779,1009,1180]
[0,113,245,391,490,559,1009,1180]
[0,113,245,490,559,850,1017,1180]
[0,113,245,391,436,490,559,1180]
[0,113,245,436,765,1009,1180]
