[0,85,313,378,497,652,866,933,1046]
[0,378,497,781,866,1046]
[0,866,1046]
[0,85,378,497,652,866,1046]
[0,85,378,652,866,933,1046]
[0,85,306,1046]
[0,85,306,378,781,866,1046]
[0,85,378,497,781,866,933,1046]
[0,85,313,378,781,866,1046]
[0,378,652,1046]
[0,85,1046]
[0,85,781,1046]
[0,378,497,781,1046]
[0,85,306,378,781,1046]
[0,85,378,781,1046]
[0,85,306,378,497,652,1046]
[0,85,378,497,1046]
[0,85,306,378,497,781,866,1046]
[0,85,378,781,866,1046]
[0,85,497,1046]
[0,85,378,497,652,1046]
[0,781,866,1046]
[0,652,1046]
[0,85,313,378,652,1046]
[0,85,378,497,781,866,1046]
[0,313,1046]
[0,85,313,378,1046]
[0,85,306,378,497,781,866,933,1046]
[0,85,313,378,497,781,866,933,1046]
[0,85,378,652,866,1046]
[0,378,781,866,1046]
[0,378,781,1046]
[0,378,497,1046]
[0,306,1046]
[0,85,313,378,652,866,1046]
[0,85,781,866,1046]
[0,85,378,497,652,866,933,1046]
[0,378,497,652,866,1046]
[0,85,378,652,1046]
[0,378,1046]
[0,85,313,378,781,1046]
[0,378,652,866,1046]
[0,378,497,652,1046]
[0,85,313,378,497,781,866,1046]
[0,781,1046]
[0,85,652,1046]
[0,85,313,1046]
[0,85,306,378,652,1046]
[0,497,1046]
[0,85,306,378,1046]
[0,85,313,378,652,866,933,1046]
