[0,423,504,856,2017]
[0,411,856,1762,2017]
[0,423,856,1299,2017]
[0,856,1330,2017]
[0,423,616,856,987,2017]
[0,423,856,1224,2017]
[0,616,856,2017]
[0,411,616,856,1762,2017]
[0,856,1299,2017]
[0,423,856,2017]
[0,168,616,856,987,2017]
[0,856,1224,2017]
[0,423,616,856,1299,2017]
[0,411,616,856,987,1224,1762,2017]
[0,168,616,856,987,1224,1330,2017]
[0,423,504,616,856,987,2017]
[0,483,1051,2017]
[0,856,2017]
[0,900,2017]
[0,616,2017]
[0,483,1051,1762,2017]
[0,423,504,616,856,987,1762,2017]
[0,411,856,1224,2017]
[0,616,856,987,1224,1330,2017]
[0,616,856,1762,2017]
[0,411,616,856,2017]
[0,900,1762,2017]
[0,423,616,856,987,1762,2017]
[0,856,1224,1762,2017]
[0,423,504,616,856,987,1224,1299,1762,2017]
[0,423,616,856,1762,2017]
[0,423,504,616,856,1224,1299,2017]
[0,423,856,987,2017]
[0,856,987,1224,1330,2017]
[0,423,504,616,856,987,1299,2017]
[0,856,1762,2017]
[0,856,1224,1330,2017]
[0,423,616,1762,2017]
[0,856,987,2017]
[0,856,987,1330,2017]
[0,168,616,856,1762,2017]
[0,411,856,987,2017]
[0,423,504,856,1224,1299,2017]
[0,616,856,1224,1762,2017]
[0,616,856,1330,2017]
[0,423,504,856,1224,2017]
[0,616,856,987,1762,2017]
[0,423,504,2017]
[0,168,616,856,1224,1762,2017]
[0,411,856,1224,1762,2017]
[0,411,616,856,1224,1762,2017]
[0,168,616,856,2017]
[0,411,504,616,856,987,1224,1762,2017]
[0,168,616,856,987,1224,1762,2017]
[0,168,616,856,987,1224,1330,1762,2017]
[0,168,616,856,987,1762,2017]
[0,411,616,856,987,1762,2017]
[0,423,504,616,856,987,1224,1762,2017]
[0,423,616,856,1224,2017]
[0,411,504,856,987,1762,2017]
[0,483,1762,2017]
[0,423,856,1224,1762,2017]
[0,411,616,856,987,2017]
[0,423,616,2017]
[0,504,2017]
[0,616,856,987,1330,2017]
[0,411,504,616,856,987,1224,1301,1762,2017]
[0,423,504,616,856,987,1224,1299,2017]
[0,423,856,987,1762,2017]
[0,168,616,856,1330,2017]
[0,423,616,856,2017]
[0,168,616,856,987,1330,2017]
[0,423,504,616,856,2017]
[0,411,504,856,987,2017]
[0,616,1762,2017]
[0,423,616,856,1224,1762,2017]
[0,423,856,1762,2017]
[0,423,504,616,856,1224,2017]
[0,411,504,856,2017]
[0,411,856,2017]
[0,423,504,856,987,1762,2017]
[0,411,504,2017]
[0,411,616,2017]
[0,856,987,1762,2017]
[0,411,856,987,1762,2017]
[0,423,504,856,987,2017]
[0,423,616,856,987,1299,2017]
[0,616,856,987,2017]
[0,1051,2017]
[0,423,616,856,987,1224,1762,2017]
[0,483,2017]
[0,411,504,616,856,987,1762,2017]
