[0,789,866,1215,1479,1566,2019]
[0,789,1100,1479,1566,2019]
[0,789,1150,1215,1479,1566,2019]
[0,995,1566,2019]
[0,789,1100,1215,1479,2019]
[0,1150,2019]
[0,866,995,1479,1566,2019]
[0,995,1215,1479,2019]
[0,789,866,1100,1215,1479,1566,2019]
[0,789,866,1150,1215,1479,1566,2019]
[0,789,866,1100,1479,1566,2019]
[0,1150,1215,1479,1566,2019]
[0,866,995,1215,1479,2019]
[0,866,995,1566,2019]
[0,1100,1479,1566,2019]
[0,1100,1215,1479,2019]
[0,789,2019]
[0,467,866,1150,2019]
[0,789,1150,1566,2019]
[0,1100,1215,2019]
[0,1100,1479,2019]
[0,1015,1566,2019]
[0,789,1479,2019]
[0,789,1100,1566,2019]
[0,995,1479,1566,2019]
[0,995,1479,2019]
[0,467,1150,1565,1746,2019]
[0,1015,2019]
[0,1150,1565,1746,2019]
[0,467,1150,1746,2019]
[0,789,1215,1479,2019]
[0,789,866,995,1150,1215,1479,1566,2019]
[0,789,866,995,1215,1479,1566,2019]
[0,789,1566,2019]
[0,1150,1566,2019]
[0,789,1100,1215,1479,1566,2019]
[0,789,1215,1479,1566,2019]
[0,995,2019]
[0,467,866,1150,1565,1746,2019]
[0,1479,2019]
[0,789,1479,1566,2019]
[0,467,866,1150,1746,2019]
[0,1100,1566,2019]
[0,1100,1215,1479,1566,2019]
[0,866,995,1215,1479,1566,2019]
[0,1100,2019]
[0,789,866,1479,1566,2019]
[0,1479,1566,2019]
[0,789,1746,2019]
[0,995,1215,1479,1566,2019]
[0,789,866,995,1479,1566,2019]
[0,1150,1746,2019]
[0,467,1150,2019]
[0,1150,1479,1566,2019]
