[0,1598,2759]
[0,636,913,2221,2453,2759]
[0,636,913,1598,2221,2453,2759]
[0,2221,2759]
[0,117,636,913,1598,1795,2110,2221,2453,2759]
[0,117,636,913,1598,2221,2453,2759]
[0,1260,2148,2453,2759]
[0,931,2221,2759]
[0,931,2759]
[0,636,931,1598,1795,2148,2453,2759]
[0,636,931,1598,2148,2453,2759]
[0,1247,2453,2759]
[0,913,2759]
[0,2148,2453,2759]
[0,1260,2453,2759]
[0,2148,2759]
[0,1598,2221,2453,2759]
[0,636,931,1598,2453,2759]
[0,636,931,2221,2759]
[0,931,2148,2759]
[0,636,931,1598,2759]
[0,636,1598,2453,2759]
[0,636,931,2148,2453,2759]
[0,636,913,2221,2759]
[0,931,2148,2453,2759]
[0,636,913,1598,2453,2759]
[0,1247,2759]
[0,636,913,1598,2759]
[0,117,636,931,1598,1795,2221,2453,2759]
[0,636,931,1598,2221,2453,2759]
[0,2221,2453,2759]
[0,117,636,931,2148,2453,2759]
[0,117,636,931,1598,1795,2148,2453,2759]
[0,636,913,1598,1795,2221,2453,2759]
[0,636,931,2148,2759]
[0,1598,2453,2759]
[0,636,931,1598,1795,2221,2453,2759]
[0,913,2221,2759]
[0,1260,2759]
[0,636,1598,2148,2453,2759]
[0,1247,1598,2453,2759]
[0,636,1598,2759]
[0,117,636,913,1598,1795,2221,2453,2759]
[0,636,931,2759]
[0,535,1247,2759]
[0,117,636,913,2221,2453,2759]
[0,1247,1598,2759]
[0,535,1247,2453,2759]
[0,636,931,2221,2453,2759]
[0,636,913,2759]
