[0,2194,4758]
[0,1238,1681,2039,3617,3981,4758]
[0,1238,1681,4758]
[0,3617,4758]
[0,439,1238,1681,2039,3617,3981,4758]
[0,439,1238,1681,3617,4758]
[0,93,1238,1681,2980,4758]
[0,1681,4758]
[0,1238,1681,2980,4758]
[0,439,2357,4758]
[0,1238,1681,3617,4758]
[0,1238,2529,4758]
[0,1238,2980,4758]
[0,439,2194,4758]
[0,1238,2147,4758]
[0,1238,2026,4758]
[0,1238,3617,4758]
[0,1238,4758]
[0,1238,2357,4758]
[0,439,1681,3617,4758]
[0,138,439,1238,1681,2039,3617,3981,4758]
[0,1681,3617,4758]
[0,2529,4758]
[0,439,1238,1681,3617,3981,4758]
[0,2980,4758]
[0,1238,1681,3617,3981,4758]
[0,2357,4758]
[0,2026,4758]
[0,439,1681,4758]
[0,439,4758]
