[0,153,798,862,1180]
[0,153,862,1180]
[0,86,153,783,929,1180]
[0,310,555,862,1180]
[0,86,153,310,862,1180]
[0,141,368,798,1180]
[0,86,141,309,862,1180]
[0,86,309,555,735,798,929,1180]
[0,310,443,862,1180]
[0,86,153,310,555,862,1180]
[0,86,153,310,735,798,862,1180]
[0,86,555,735,1180]
[0,310,862,1180]
[0,798,1180]
[0,86,309,555,798,862,1180]
[0,309,555,862,1180]
[0,309,862,1180]
[0,309,1180]
[0,86,153,862,1180]
[0,86,153,309,555,862,1180]
[0,86,141,309,555,862,1180]
[0,368,783,929,1180]
[0,798,929,1180]
[0,86,141,309,735,798,929,1180]
[0,310,443,650,862,1180]
[0,309,555,798,862,1180]
[0,86,309,798,862,1180]
[0,86,141,309,929,1180]
[0,141,555,1180]
[0,555,1180]
[0,86,309,555,862,1180]
[0,153,798,929,1180]
[0,86,310,443,862,1180]
[0,86,153,783,862,1180]
[0,153,929,1180]
[0,86,153,309,862,1180]
[0,86,1180]
[0,141,1180]
[0,310,650,862,1180]
[0,368,798,1180]
[0,309,555,602,798,862,1180]
[0,86,153,310,443,650,783,862,1180]
[0,310,783,862,1180]
[0,86,141,309,735,798,862,1180]
[0,86,141,309,798,862,1180]
[0,141,368,783,929,1180]
[0,86,153,735,798,929,1180]
[0,141,783,929,1180]
[0,86,309,929,1180]
[0,86,309,555,798,929,1180]
[0,86,309,555,1180]
[0,86,310,443,650,862,1180]
[0,783,929,1180]
[0,309,929,1180]
[0,86,153,310,555,798,862,1180]
[0,798,862,1180]
[0,86,310,783,862,1180]
[0,368,929,1180]
[0,86,309,735,798,862,1180]
[0,862,1180]
[0,86,310,443,783,862,1180]
[0,86,555,1180]
[0,86,309,862,1180]
[0,153,1180]
[0,783,862,1180]
[0,555,735,1180]
[0,86,141,309,555,602,735,798,862,1180]
[0,86,153,310,443,783,862,1180]
[0,309,798,929,1180]
[0,309,735,798,862,1180]
[0,86,310,862,1180]
[0,86,153,798,862,1180]
[0,86,153,310,555,605,735,798,862,1180]
[0,86,153,735,798,862,1180]
[0,86,141,309,798,929,1180]
[0,86,153,310,586,650,783,862,1180]
[0,153,783,862,1180]
[0,86,310,443,650,783,862,1180]
[0,86,141,309,555,735,798,929,1180]
[0,86,153,310,798,862,1180]
[0,86,153,310,443,586,650,783,862,1180]
[0,309,555,602,735,798,862,1180]
[0,141,368,1180]
[0,368,1180]
[0,86,153,310,783,862,1180]
[0,86,309,735,798,929,1180]
[0,929,1180]
[0,86,310,650,862,1180]
[0,309,555,735,798,862,1180]
[0,86,309,555,735,798,862,1180]
[0,86,141,309,555,735,798,862,1180]
[0,86,153,310,650,783,862,1180]
[0,309,798,862,1180]
[0,153,735,1180]
[0,86,153,1180]
[0,86,310,650,783,862,1180]
[0,86,309,1180]
[0,86,153,798,929,1180]
[0,309,555,1180]
[0,86,153,929,1180]
[0,153,783,929,1180]
[0,735,1180]
[0,86,153,310,555,605,798,862,1180]
[0,86,309,555,602,735,798,862,1180]
[0,309,555,798,929,1180]
[0,86,153,310,555,735,798,862,1180]
[0,309,555,929,1180]
[0,310,1180]
[0,86,310,555,862,1180]
[0,86,309,798,929,1180]
