[0,1003,1180]
[0,281,1180]
[0,665,815,1180]
[0,281,603,1180]
[0,135,346,571,815,906,1003,1180]
[0,135,815,1003,1180]
[0,346,665,815,1180]
[0,603,947,1180]
[0,346,665,1180]
[0,815,906,1003,1180]
[0,346,603,1180]
[0,135,346,815,1180]
[0,346,624,947,1180]
[0,135,815,906,1003,1180]
[0,281,603,947,1180]
[0,135,346,665,815,1180]
[0,815,1003,1180]
[0,346,603,1003,1180]
[0,815,906,1180]
[0,135,346,571,815,1003,1180]
[0,346,571,1003,1180]
[0,815,1180]
[0,135,346,571,815,1180]
[0,135,346,603,1180]
[0,947,1180]
[0,346,1003,1180]
[0,135,346,571,815,906,1180]
[0,346,571,815,1003,1180]
[0,346,1180]
[0,135,346,815,906,1003,1180]
[0,135,346,906,1003,1180]
[0,603,1180]
[0,346,665,815,1003,1180]
[0,346,665,1003,1180]
[0,135,346,624,947,1180]
[0,135,815,1180]
[0,346,624,1180]
[0,346,571,1180]
[0,135,346,1003,1180]
[0,135,346,665,815,906,1003,1180]
[0,135,346,1180]
[0,906,1003,1180]
[0,571,815,1180]
[0,135,346,603,906,1003,1180]
[0,135,346,571,906,1003,1180]
[0,346,815,1180]
[0,346,571,815,1180]
[0,135,346,603,1003,1180]
[0,135,346,624,1180]
[0,135,346,665,815,1003,1180]
[0,135,346,571,1003,1180]
[0,135,346,571,1180]
