[0,1082,1206,1354,1591,1669,2019]
[0,229,812,943,1206,1354,1591,2019]
[0,229,812,943,1087,1206,1354,1591,2019]
[0,1087,1206,2019]
[0,69,1082,1951,2019]
[0,229,812,1206,1354,2019]
[0,229,812,1087,1206,1354,1591,1669,2019]
[0,69,1082,2019]
[0,812,943,1087,1206,1591,2019]
[0,1087,1206,1354,2019]
[0,66,812,943,1087,1206,1354,2019]
[0,229,812,943,1087,1206,1354,1591,1669,2019]
[0,812,1206,1354,2019]
[0,1087,1206,1354,1591,2019]
[0,66,1087,1206,1354,1591,1669,1951,2019]
[0,229,812,1206,2019]
[0,69,812,943,1082,1206,1354,1591,1951,2019]
[0,69,1951,2019]
[0,69,2019]
[0,69,1087,1206,1591,1951,2019]
[0,1082,1206,1591,1669,2019]
[0,69,1082,1206,1354,2019]
[0,812,943,1087,1206,1354,1591,1951,2019]
[0,943,1206,1354,1591,2019]
[0,1206,1354,1591,2019]
[0,812,943,1087,1206,1354,1591,1669,1951,2019]
[0,66,229,812,1087,1206,1354,1951,2019]
[0,229,812,1206,1354,1591,2019]
[0,1087,1206,1354,1591,1951,2019]
[0,229,1206,2019]
[0,66,1087,1206,1354,1591,1951,2019]
[0,812,1087,1206,1354,1951,2019]
[0,229,812,1206,1591,2019]
[0,812,1082,1206,1591,2019]
[0,69,1082,1206,1439,1951,2019]
[0,812,943,1087,1206,1354,1591,1669,2019]
[0,66,812,943,1087,1206,1354,1591,1669,1951,2019]
[0,69,1563,2019]
[0,69,1082,1206,1354,1951,2019]
[0,66,812,943,1087,1206,1354,1591,1951,2019]
[0,66,812,943,1087,1206,1354,1951,2019]
[0,812,943,1082,1206,1591,2019]
[0,812,943,1206,1354,2019]
[0,69,812,943,1082,1206,1354,1951,2019]
[0,1082,1206,2019]
[0,943,1206,1591,2019]
[0,229,812,1087,1206,1354,1951,2019]
[0,1563,2019]
[0,69,1206,2019]
[0,812,943,1206,1354,1591,2019]
[0,1206,1439,2019]
[0,229,1206,1354,1591,2019]
[0,1206,2019]
[0,1082,1206,1354,1591,2019]
[0,69,1087,1206,1354,2019]
[0,1087,1206,1591,1669,2019]
[0,1206,1591,2019]
[0,229,1087,1206,1354,1591,1669,2019]
[0,812,943,1087,1206,1354,2019]
[0,812,943,1082,1206,1354,1951,2019]
[0,229,1087,1206,1354,2019]
[0,69,1087,1206,1354,1951,2019]
[0,229,812,1087,1206,1354,1591,1669,1951,2019]
[0,812,1087,1206,1591,2019]
[0,1082,1206,1591,2019]
[0,69,1563,1951,2019]
[0,812,943,1082,1206,1591,1669,2019]
[0,229,1206,1591,2019]
[0,812,943,1087,1206,1354,1591,2019]
[0,69,1082,1206,1591,1669,2019]
[0,69,1082,1206,1354,1591,2019]
[0,812,1082,1206,1591,1669,2019]
[0,229,812,1087,1206,1354,1591,2019]
[0,1082,2019]
[0,229,812,943,1087,1206,1354,1591,1669,1951,2019]
[0,943,1206,1354,2019]
[0,69,1087,1206,1591,2019]
[0,812,1087,1206,1354,1591,2019]
[0,812,1206,1354,1591,2019]
[0,812,1087,1206,1354,1591,1669,2019]
[0,69,1082,1206,1354,1591,1951,2019]
[0,66,812,1087,1206,1354,2019]
[0,812,1082,1206,1354,2019]
[0,69,812,943,1082,1206,1354,2019]
[0,229,1087,1206,1354,1591,1669,1951,2019]
[0,69,812,943,1082,1206,1591,1669,2019]
[0,69,812,943,1082,1206,1354,1591,2019]
[0,69,812,943,1082,1206,1354,1591,1669,2019]
[0,812,943,1087,1206,1354,1951,2019]
[0,812,943,1082,1206,1354,2019]
[0,229,1087,1206,1354,1951,2019]
[0,1206,1354,2019]
[0,812,943,1082,1206,1354,1591,2019]
[0,812,1087,1206,1354,1591,1669,1951,2019]
[0,1087,1206,1591,2019]
[0,229,943,1206,1354,1591,2019]
[0,1087,1206,1354,1591,1669,2019]
[0,812,943,1087,1206,1591,1669,2019]
[0,812,1206,1591,2019]
[0,66,1087,1206,1354,1951,2019]
[0,69,1082,1206,1354,1591,1669,2019]
[0,66,1087,1206,1354,2019]
[0,229,943,1206,1591,2019]
[0,812,943,1082,1206,1354,1591,1669,2019]
[0,66,229,1087,1206,1354,1591,1669,1951,2019]
[0,1087,1206,1591,1951,2019]
[0,66,229,812,943,1087,1206,1354,1591,1669,1951,2019]
[0,69,812,943,1082,1206,1354,1591,1669,1951,2019]
[0,1087,1206,1354,1591,1669,1951,2019]
[0,66,229,812,1087,1206,1354,1591,1669,1951,2019]
[0,1087,1206,1354,1951,2019]
[0,229,812,1087,1206,1354,2019]
[0,69,1082,1206,1354,1591,1669,1951,2019]
[0,1082,1206,1354,2019]
[0,812,1087,1206,1354,2019]
[0,66,229,1087,1206,1354,1951,2019]
[0,229,1206,1354,2019]
[0,69,1082,1206,1439,2019]
[0,1082,1206,1439,1951,2019]
[0,812,1206,2019]
[0,812,943,1206,2019]
[0,812,943,1206,1591,2019]
[0,229,1087,1206,1354,1591,2019]
[0,943,1206,2019]
[0,1082,1206,1439,2019]
