[0,311,450,800,997]
[0,311,374,997]
[0,311,702,997]
[0,101,311,450,591,702,800,997]
[0,311,450,591,800,997]
[0,800,997]
[0,101,311,374,800,997]
[0,450,997]
[0,311,532,997]
[0,311,997]
[0,311,374,532,997]
[0,101,311,800,997]
[0,450,800,997]
[0,101,311,374,532,591,652,702,800,997]
[0,101,374,800,997]
[0,101,311,374,532,591,800,997]
[0,101,311,374,450,591,702,800,997]
[0,101,311,374,532,800,997]
[0,311,591,997]
[0,311,532,591,997]
[0,311,374,800,997]
[0,532,800,997]
[0,311,374,450,800,997]
[0,101,311,374,450,532,591,702,800,997]
[0,311,800,997]
[0,532,591,997]
[0,101,311,374,450,702,800,997]
[0,101,311,702,800,997]
[0,101,311,450,702,800,997]
[0,101,311,374,450,800,997]
[0,374,800,997]
[0,101,311,374,532,702,800,997]
[0,101,311,532,800,997]
[0,101,311,532,702,800,997]
[0,101,311,374,450,532,591,652,702,800,997]
[0,311,374,532,591,997]
[0,311,532,800,997]
[0,101,311,591,702,800,997]
[0,101,311,374,702,800,997]
[0,374,997]
[0,374,450,800,997]
[0,101,311,374,532,591,702,800,997]
[0,532,997]
[0,101,311,450,591,800,997]
[0,101,311,450,800,997]
[0,101,311,591,800,997]
[0,311,374,532,800,997]
[0,311,591,800,997]
[0,311,374,532,591,800,997]
