[0,137,394,539,1180]
[0,394,539,1120,1180]
[0,394,539,807,865,1120,1180]
[0,539,717,865,1180]
[0,137,302,394,539,1180]
[0,92,394,539,686,807,865,1120,1180]
[0,539,865,1180]
[0,539,1120,1180]
[0,394,539,807,1180]
[0,137,302,394,539,807,1120,1180]
[0,137,302,394,539,686,865,1120,1180]
[0,394,539,845,1120,1180]
[0,92,394,539,865,1180]
[0,539,686,865,1180]
[0,92,302,539,845,1120,1180]
[0,437,817,1180]
[0,302,547,817,1120,1180]
[0,137,302,394,539,865,1180]
[0,137,394,539,686,865,1180]
[0,547,817,1180]
[0,302,539,845,1180]
[0,302,539,845,1120,1180]
[0,92,302,539,845,1180]
[0,539,845,1120,1180]
[0,539,1180]
[0,302,539,807,1120,1180]
[0,394,539,686,807,865,1120,1180]
[0,92,394,539,686,865,1120,1180]
[0,137,539,807,1120,1180]
[0,137,302,394,539,686,807,865,1120,1180]
[0,302,539,807,1180]
[0,137,302,539,807,1180]
[0,539,807,1120,1180]
[0,137,394,539,865,1120,1180]
[0,394,539,865,1180]
[0,137,302,394,539,686,865,1180]
[0,137,394,539,717,865,1120,1180]
[0,547,865,1180]
[0,137,394,539,865,1180]
[0,137,302,394,539,717,865,1120,1180]
[0,394,539,1180]
[0,92,302,547,817,1120,1180]
[0,137,394,539,686,807,865,1120,1180]
[0,137,394,539,1120,1180]
[0,92,302,547,817,1180]
[0,437,1180]
[0,394,539,845,1180]
[0,137,394,539,807,1180]
[0,137,302,539,1180]
[0,137,302,394,539,717,865,1180]
[0,547,1180]
[0,92,394,539,686,865,1180]
[0,137,539,1180]
[0,137,394,539,686,865,1120,1180]
[0,539,865,1120,1180]
[0,137,302,394,539,807,865,1120,1180]
[0,394,539,686,865,1180]
[0,137,302,394,539,717,807,865,1120,1180]
[0,539,845,1180]
[0,137,302,539,807,1120,1180]
[0,302,539,1180]
[0,137,394,539,717,807,865,1120,1180]
[0,547,817,1120,1180]
[0,394,539,686,865,1120,1180]
[0,394,539,717,865,1180]
[0,539,807,1180]
[0,302,539,1120,1180]
[0,137,302,539,1120,1180]
[0,137,394,539,717,865,1180]
[0,394,539,865,1120,1180]
[0,137,539,807,1180]
[0,137,394,539,807,865,1120,1180]
[0,137,394,539,807,1120,1180]
[0,137,302,394,539,807,1180]
[0,302,547,817,1180]
[0,92,394,539,865,1120,1180]
[0,137,302,394,539,865,1120,1180]
