[0,327,999,1611,2449,3105,3467,4285]
[0,905,1825,3105,4285]
[0,2370,4285]
[0,327,1577,1825,3864,4285]
[0,999,1795,4285]
[0,327,999,2449,3105,3467,4285]
[0,2449,3105,3467,4285]
[0,327,3105,4285]
[0,327,2449,4285]
[0,327,1577,1825,3105,3414,3864,4285]
[0,3235,4285]
[0,999,4285]
[0,327,999,1611,4285]
[0,2449,4285]
[0,327,905,1825,3105,3864,4285]
[0,1611,2370,4285]
[0,327,1611,2370,3105,3414,3864,4285]
[0,999,1611,3886,4285]
[0,88,327,1577,1825,3864,4285]
[0,3864,4285]
[0,3186,4285]
[0,327,3467,4285]
[0,1795,4285]
[0,999,1611,2449,3467,4285]
[0,327,4285]
[0,327,1825,3105,3414,3864,4285]
[0,999,1611,2449,3105,3467,4285]
[0,327,2370,3105,3864,4285]
[0,2370,3105,3864,4285]
[0,999,2449,3105,4285]
[0,327,2370,3864,4285]
[0,1611,3864,4285]
[0,999,1611,4285]
[0,327,999,1611,2449,3105,4285]
[0,999,1795,2449,3105,3467,4285]
[0,3467,4285]
[0,999,2449,3105,3467,4285]
[0,1825,3864,4285]
[0,327,3105,3467,4285]
[0,327,867,1825,3105,3864,4285]
[0,327,999,2449,3105,4285]
[0,327,1611,4285]
[0,327,3235,4285]
[0,327,2370,3105,3414,3864,4285]
[0,327,1825,3864,4285]
[0,2370,3864,4285]
[0,88,327,905,1577,1825,3105,3864,4285]
[0,1611,4285]
[0,1611,2370,3105,3864,4285]
[0,999,1795,3467,4285]
[0,88,4285]
[0,867,4285]
[0,905,1825,4285]
[0,88,327,3105,3467,4285]
[0,327,905,1577,1825,3105,3864,4285]
[0,999,2449,3467,4285]
[0,327,1611,3864,4285]
[0,88,327,1825,3864,4285]
[0,327,3864,4285]
[0,3105,4285]
[0,3105,3467,4285]
[0,867,1825,4285]
[0,999,1611,2449,3105,3886,4285]
[0,88,327,2449,3105,3467,4285]
[0,999,3467,4285]
[0,327,999,1795,2449,3105,3467,4285]
[0,2449,3467,4285]
[0,327,867,3864,4285]
[0,999,1795,2449,3467,4285]
[0,88,327,3864,4285]
[0,562,3186,4285]
[0,562,4285]
[0,327,999,2449,4285]
[0,88,327,4285]
[0,327,999,1611,2449,3105,3886,4285]
[0,867,1825,3105,3864,4285]
[0,327,1577,1825,3105,3864,4285]
[0,905,1825,3105,3864,4285]
[0,1611,2370,3105,4285]
[0,327,1825,3105,3864,4285]
[0,1825,4285]
[0,999,1611,3467,4285]
[0,88,327,1577,1825,3105,3864,4285]
[0,327,2449,3105,3467,4285]
[0,327,867,1577,1825,3105,3414,3864,4285]
[0,1825,3105,4285]
[0,867,3864,4285]
[0,999,2449,4285]
[0,327,1611,2370,3105,3864,4285]
[0,3105,3864,4285]
[0,867,1825,3105,4285]
[0,88,327,3467,4285]
[0,327,867,1825,3105,3414,3864,4285]
[0,327,999,1611,3886,4285]
[0,999,1611,2449,3105,4285]
[0,2370,3105,4285]
[0,1825,3105,3864,4285]
