[0,261,765,1754,2020]
[0,177,353,1754,2020]
[0,1317,1423,2020]
[0,177,1334,1423,1754,2020]
[0,1334,1754,2020]
[0,177,484,1317,1577,1754,2020]
[0,484,1317,2020]
[0,1100,1577,1754,2020]
[0,177,352,507,1100,1423,1577,1754,2020]
[0,177,484,1577,1754,1913,2020]
[0,177,1423,2020]
[0,423,1334,1754,2020]
[0,765,1577,1754,2020]
[0,177,1317,2020]
[0,261,765,1334,1423,1577,1754,1913,2020]
[0,177,352,507,1334,1577,1754,1913,2020]
[0,177,352,423,1334,1423,1577,1754,1913,2020]
[0,1317,1423,1831,2020]
[0,261,765,1423,1754,2020]
[0,177,1317,1423,2020]
[0,177,352,507,1577,1754,1913,2020]
[0,177,423,1334,1577,1754,1913,2020]
[0,423,1423,2020]
[0,787,1423,1831,2020]
[0,352,787,1423,2020]
[0,787,2020]
[0,261,1334,1423,1577,1754,2020]
[0,261,1334,1577,1754,2020]
[0,1423,2020]
[0,261,1577,1754,1913,2020]
[0,177,507,1334,1577,1754,1913,2020]
[0,1317,2020]
[0,177,2020]
[0,507,1334,2020]
[0,507,1100,1754,2020]
[0,177,352,484,1317,1577,1754,1913,2020]
[0,177,352,507,1100,1577,1754,2020]
[0,1423,1831,2020]
[0,177,423,1577,1754,2020]
[0,261,1334,1423,1754,2020]
[0,177,353,1831,2020]
[0,423,2020]
[0,1334,2020]
[0,177,353,1317,1423,1577,1754,2020]
[0,507,1100,2020]
[0,177,1577,1754,2020]
[0,177,507,1577,1754,1913,2020]
[0,423,1334,1577,1754,2020]
[0,352,765,2020]
[0,177,507,1577,1754,2020]
[0,261,765,1334,1423,1577,1754,2020]
[0,177,423,1334,1423,1577,1754,1913,2020]
[0,507,1423,1754,2020]
[0,1334,1423,1577,1754,2020]
[0,1100,2020]
[0,507,1423,2020]
[0,177,1423,1754,2020]
[0,507,1100,1577,1754,2020]
[0,177,353,1317,1423,2020]
[0,177,484,1317,1423,1577,1754,2020]
[0,177,484,1577,1754,2020]
[0,177,353,1317,1577,1754,1913,2020]
[0,484,1754,2020]
[0,177,423,1423,1754,2020]
[0,261,1334,1423,1577,1754,1913,2020]
[0,423,1423,1754,2020]
[0,177,353,1317,1577,1754,2020]
[0,261,1334,1577,1754,1913,2020]
[0,507,1334,1577,1754,2020]
[0,177,484,1317,1577,1754,1913,2020]
[0,787,1423,2020]
[0,352,1423,1831,2020]
[0,177,484,1317,1423,1754,2020]
[0,177,507,1423,1754,2020]
[0,261,1754,2020]
[0,484,1317,1754,2020]
[0,352,1317,1423,1831,2020]
[0,507,2020]
[0,352,765,1334,1423,1754,2020]
[0,507,1334,1754,2020]
[0,177,484,1423,1754,2020]
[0,177,352,507,1100,1334,1423,1577,1754,1913,2020]
[0,507,1577,1754,2020]
[0,177,423,1577,1754,1913,2020]
[0,177,352,423,1334,1423,1577,1754,2020]
[0,1334,1423,1754,2020]
[0,423,1334,2020]
[0,177,353,1317,1423,1754,2020]
[0,423,1577,1754,2020]
[0,1334,1577,1754,2020]
[0,1317,1577,1754,2020]
[0,177,423,1334,1423,1754,2020]
[0,177,507,1334,1423,1577,1754,2020]
[0,352,787,1423,1831,2020]
[0,484,1577,1754,2020]
[0,261,1577,1754,2020]
[0,765,1423,2020]
[0,177,507,1334,1423,1754,2020]
[0,1577,1754,1913,2020]
[0,261,765,1334,1423,1754,2020]
[0,177,1317,1577,1754,2020]
[0,177,1423,1831,2020]
[0,177,353,1423,1754,2020]
[0,1317,1423,1754,2020]
[0,177,353,1423,2020]
[0,177,507,1100,1577,1754,2020]
[0,1317,1754,2020]
[0,177,423,1334,1577,1754,2020]
[0,261,1334,1754,2020]
[0,177,1831,2020]
[0,765,1754,2020]
[0,177,507,1334,1577,1754,2020]
[0,261,1423,1754,2020]
[0,1334,1577,1754,1913,2020]
[0,177,507,1100,1423,1577,1754,2020]
[0,177,352,507,1334,1577,1754,2020]
[0,484,1423,2020]
[0,177,1754,2020]
[0,177,1317,1423,1754,2020]
[0,507,1754,2020]
[0,177,423,1334,1423,1577,1754,2020]
[0,177,507,1100,1577,1754,1913,2020]
[0,177,352,484,1317,1577,1754,2020]
[0,177,353,1317,1423,1831,2020]
[0,177,353,1577,1754,2020]
[0,177,352,484,1317,1423,1577,1754,1913,2020]
[0,177,352,507,1577,1754,2020]
[0,177,352,507,1100,1423,1577,1754,1913,2020]
[0,352,787,2020]
[0,177,353,2020]
[0,484,1317,1577,1754,2020]
[0,423,1754,2020]
[0,1754,2020]
[0,177,353,1577,1754,1913,2020]
[0,1831,2020]
[0,261,765,1423,1577,1754,1913,2020]
[0,352,2020]
[0,484,2020]
[0,352,1423,2020]
[0,1577,1754,2020]
[0,765,1334,1423,1754,2020]
[0,261,765,1423,1577,1754,2020]
[0,261,765,1577,1754,1913,2020]
[0,765,1423,1754,2020]
[0,177,507,1100,1423,1577,1754,1913,2020]
[0,177,484,1317,1423,1577,1754,1913,2020]
[0,177,353,1423,1831,2020]
[0,352,765,1423,2020]
[0,177,352,507,1334,1423,1577,1754,1913,2020]
[0,261,765,1577,1754,2020]
[0,484,1423,1754,2020]
[0,352,765,1423,1754,2020]
[0,765,2020]
[0,177,353,1317,1423,1577,1754,1913,2020]
[0,1423,1754,2020]
[0,1334,1423,1577,1754,1913,2020]
[0,352,787,1317,1423,1831,2020]
[0,1100,1754,2020]
[0,177,507,1334,1423,1577,1754,1913,2020]
