[0,448,874,1125,1258,1415,1959,2019]
[0,457,2019]
[0,448,874,1415,1959,2019]
[0,457,684,1258,1415,1959,2019]
[0,1125,1258,1415,1959,2019]
[0,457,874,1125,1258,1415,1458,1959,2019]
[0,457,874,1125,1258,1415,2019]
[0,1125,1258,1415,1458,1959,2019]
[0,123,874,1178,1415,1959,2019]
[0,448,684,1415,2019]
[0,448,2019]
[0,1258,1415,2019]
[0,874,1258,1415,2019]
[0,874,1415,2019]
[0,448,874,1125,1258,1415,2019]
[0,448,874,1258,1415,2019]
[0,123,874,1415,1959,2019]
[0,123,1415,2019]
[0,457,684,1258,1415,2019]
[0,874,1125,1258,1415,1959,2019]
[0,1125,2019]
[0,448,874,2019]
[0,448,874,1125,1258,1415,1458,1959,2019]
[0,1415,1959,2019]
[0,123,874,1178,1415,2019]
[0,457,1258,1415,1959,2019]
[0,448,1415,1959,2019]
[0,457,1415,2019]
[0,457,1258,1415,2019]
[0,123,1258,1415,1959,2019]
[0,457,874,1258,1415,2019]
[0,1415,1458,1959,2019]
[0,457,874,1415,2019]
[0,123,1258,1415,2019]
[0,874,1125,1258,1415,1458,1959,2019]
[0,1959,2019]
[0,123,874,1415,2019]
[0,1125,1258,1415,2019]
[0,1258,1415,1458,1959,2019]
[0,457,684,2019]
[0,448,1415,2019]
[0,457,1415,1959,2019]
[0,1258,1415,1959,2019]
[0,1415,2019]
[0,123,1415,1959,2019]
[0,457,684,1415,2019]
[0,457,874,1125,1258,1415,1959,2019]
[0,448,684,1415,1959,2019]
[0,874,1125,1258,1415,2019]
[0,874,1178,1415,2019]
[0,448,1258,1415,2019]
[0,1125,1258,2019]
[0,448,874,1415,2019]
[0,448,684,2019]
