[0,326,640,1294,1491,1872,2398,2759]
[0,326,640,1432,1872,2512,2759]
[0,1432,1872,2759]
[0,326,640,1432,1872,2352,2512,2759]
[0,326,640,1432,1872,2759]
[0,1088,1872,2759]
[0,326,640,1872,2759]
[0,640,1294,1872,2759]
[0,640,1385,1872,2759]
[0,640,1385,2759]
[0,326,1872,2759]
[0,640,1294,1872,2398,2759]
[0,640,1294,1872,2477,2759]
[0,1385,1872,2759]
[0,326,640,1414,1872,2352,2512,2759]
[0,1385,1872,2398,2759]
[0,1432,1872,2512,2759]
[0,1294,1872,2759]
[0,326,640,1088,2759]
[0,1414,1872,2512,2759]
[0,326,640,1294,1872,2398,2759]
[0,1872,2477,2759]
[0,640,1414,1872,2398,2759]
[0,640,1294,1872,2512,2759]
[0,326,640,1414,1872,2398,2759]
[0,640,1385,1872,2398,2759]
[0,1294,1872,2398,2759]
[0,326,640,1294,1872,2512,2759]
[0,1872,2759]
[0,326,1872,2398,2759]
[0,326,640,1385,1872,2398,2759]
[0,326,640,1414,1872,2759]
[0,1872,2512,2759]
[0,326,640,1294,1872,2477,2759]
[0,326,640,1872,2477,2759]
[0,326,640,1088,1432,1872,2512,2759]
[0,1088,1872,2398,2759]
[0,1294,1872,2512,2759]
[0,326,1432,1872,2759]
[0,1294,1872,2477,2759]
[0,326,640,1294,1872,2352,2512,2759]
[0,326,640,1414,1872,2512,2759]
[0,1414,1872,2759]
[0,326,640,1088,1872,2759]
[0,326,2759]
[0,640,1872,2759]
[0,326,1294,1872,2398,2759]
[0,326,640,1088,1872,2398,2759]
[0,326,640,1088,1872,2477,2759]
[0,326,640,1294,1872,2759]
[0,640,1432,1872,2759]
[0,326,640,2759]
[0,326,1432,1872,2512,2759]
[0,1294,2759]
[0,640,1414,1872,2759]
[0,640,1088,2759]
[0,326,2398,2759]
[0,326,1088,1872,2398,2759]
[0,640,2759]
[0,1414,1872,2398,2759]
[0,1872,2398,2759]
[0,640,1088,1872,2759]
[0,640,1294,2759]
[0,2398,2759]
[0,326,640,1088,1432,1872,2759]
[0,326,640,1872,2398,2759]
[0,326,640,1088,1432,1872,2352,2512,2759]
[0,2512,2759]
[0,640,1414,1872,2512,2759]
[0,326,1872,2477,2759]
[0,326,1636,2398,2759]
[0,2477,2759]
[0,640,1088,1872,2398,2759]
[0,1636,2759]
[0,1385,2759]
[0,1636,2398,2759]
[0,379,2759]
[0,640,1088,1432,1872,2759]
