[0,582,1343]
[0,322,1343]
[0,322,412,574,625,1061,1343]
[0,322,412,625,1061,1343]
[0,412,1343]
[0,322,412,1061,1343]
[0,402,825,1003,1260,1343]
[0,825,1003,1343]
[0,322,412,574,625,1061,1209,1343]
[0,625,1061,1343]
[0,322,625,1061,1209,1343]
[0,1061,1343]
[0,625,1343]
[0,322,412,625,1003,1209,1343]
[0,322,412,574,625,1003,1343]
[0,322,412,625,1003,1343]
[0,526,1343]
[0,402,825,1003,1343]
[0,322,412,1003,1343]
[0,574,1343]
[0,322,412,1343]
[0,825,1003,1260,1343]
[0,526,1003,1343]
[0,412,1061,1343]
[0,322,574,1003,1260,1343]
[0,402,1003,1343]
[0,322,625,1343]
[0,322,625,1061,1343]
[0,625,1003,1343]
[0,1003,1343]
[0,574,1003,1343]
[0,322,412,625,1061,1209,1343]
[0,322,625,1003,1209,1343]
[0,412,1003,1343]
[0,402,1343]
[0,322,574,1003,1343]
[0,402,1003,1260,1343]
[0,322,625,1003,1343]
[0,582,1003,1343]
[0,322,1003,1343]
