[0,117,517,1810]
[0,517,1010,1542,1810]
[0,403,814,1231,1810]
[0,102,1010,1231,1542,1810]
[0,517,1463,1810]
[0,517,1542,1810]
[0,814,1132,1463,1655,1810]
[0,814,1132,1655,1810]
[0,1512,1810]
[0,517,1810]
[0,814,1231,1810]
[0,517,1010,1231,1810]
[0,1010,1810]
[0,403,517,1655,1810]
[0,814,1132,1463,1810]
[0,117,517,1463,1655,1810]
[0,102,403,517,1810]
[0,517,1010,1231,1542,1810]
[0,517,1231,1810]
[0,117,1010,1655,1810]
[0,117,517,1010,1231,1655,1810]
[0,1463,1810]
[0,102,814,1132,1463,1655,1810]
[0,814,1655,1810]
[0,102,1512,1810]
[0,117,403,517,576,814,1231,1463,1655,1810]
[0,814,1231,1463,1655,1810]
[0,102,814,1231,1463,1655,1810]
[0,1010,1231,1542,1810]
[0,403,517,814,1231,1463,1655,1810]
[0,517,1463,1655,1810]
[0,1542,1810]
[0,517,1010,1512,1810]
[0,117,1463,1655,1810]
[0,1231,1463,1655,1810]
[0,517,1512,1810]
[0,517,1655,1810]
[0,517,1231,1463,1655,1810]
[0,517,1010,1810]
[0,1463,1655,1810]
[0,117,403,517,1655,1810]
[0,1231,1810]
[0,403,814,1231,1463,1810]
[0,102,1542,1810]
[0,117,517,1231,1463,1655,1810]
[0,814,1231,1463,1810]
[0,102,517,1010,1231,1542,1810]
[0,576,1512,1810]
[0,117,1810]
[0,814,1132,1810]
[0,117,1655,1810]
[0,403,814,1231,1463,1655,1810]
[0,517,1010,1231,1655,1810]
[0,102,403,517,1231,1463,1655,1810]
[0,102,403,517,1655,1810]
[0,117,814,1231,1463,1655,1810]
[0,1010,1542,1810]
[0,403,517,1810]
[0,117,403,517,1810]
[0,814,1463,1655,1810]
[0,814,1810]
[0,117,403,517,814,1231,1463,1655,1810]
[0,117,1231,1463,1655,1810]
[0,1010,1231,1655,1810]
[0,117,517,1655,1810]
[0,1655,1810]
[0,117,403,517,1231,1463,1655,1810]
[0,1231,1463,1810]
[0,403,517,1463,1655,1810]
[0,1010,1231,1810]
[0,576,1810]
[0,117,1010,1231,1655,1810]
[0,117,403,814,1231,1463,1655,1810]
[0,102,576,1512,1810]
[0,102,403,517,814,1231,1463,1655,1810]
[0,102,403,517,1463,1655,1810]
[0,117,403,517,1463,1655,1810]
[0,814,1463,1810]
[0,102,1810]
[0,403,517,1231,1463,1655,1810]
[0,102,403,517,576,814,1231,1463,1655,1810]
[0,517,1231,1463,1810]
[0,1010,1655,1810]
[0,102,1010,1542,1810]
