[0,210,272,435,523,804,965,1180]
[0,211,685,1180]
[0,211,523,685,804,965,1180]
[0,435,1180]
[0,503,1180]
[0,411,523,685,804,965,1180]
[0,272,411,523,685,800,856,1180]
[0,272,411,523,800,856,1180]
[0,272,1180]
[0,272,435,685,856,1180]
[0,800,1180]
[0,685,804,1017,1180]
[0,965,1180]
[0,503,685,1180]
[0,503,685,804,965,1180]
[0,272,411,523,685,856,1180]
[0,523,965,1180]
[0,210,272,435,523,685,800,856,1180]
[0,211,523,965,1180]
[0,272,435,523,965,1180]
[0,211,411,523,685,804,965,1180]
[0,272,435,523,804,965,1180]
[0,272,685,856,1180]
[0,272,965,1180]
[0,211,804,965,1180]
[0,523,804,965,1180]
[0,210,272,435,1180]
[0,804,965,1180]
[0,272,435,523,685,856,1180]
[0,211,411,523,685,800,965,1180]
[0,210,272,435,523,685,804,965,1180]
[0,856,1180]
[0,211,965,1180]
[0,211,272,411,523,685,856,1180]
[0,211,272,411,523,856,1180]
[0,272,411,523,965,1180]
[0,210,272,435,523,800,856,1180]
[0,211,272,411,523,685,800,965,1180]
[0,272,435,523,1180]
[0,210,272,435,523,1180]
[0,272,411,800,965,1180]
[0,210,272,435,523,856,1180]
[0,503,965,1180]
[0,211,800,965,1180]
[0,523,685,800,965,1180]
[0,272,435,523,856,1180]
[0,272,435,965,1180]
[0,211,843,1180]
[0,272,411,685,800,965,1180]
[0,685,800,1180]
[0,272,856,1180]
[0,503,685,1017,1180]
[0,523,1180]
[0,800,965,1180]
[0,685,804,1180]
[0,211,523,685,800,965,1180]
[0,272,435,804,965,1180]
[0,272,411,685,856,1180]
[0,210,272,435,523,685,856,1180]
[0,272,435,685,804,965,1180]
[0,411,523,685,800,965,1180]
[0,272,411,523,856,1180]
[0,272,800,965,1180]
[0,685,800,965,1180]
[0,211,272,411,523,685,800,856,1180]
[0,272,435,1180]
[0,211,523,804,965,1180]
[0,272,411,1180]
[0,685,1017,1180]
[0,210,272,435,523,965,1180]
[0,272,411,800,856,1180]
[0,685,1180]
[0,272,411,856,1180]
[0,211,523,800,965,1180]
[0,1017,1180]
[0,272,435,856,1180]
[0,503,685,804,1017,1180]
[0,272,411,523,685,800,965,1180]
[0,272,411,523,800,965,1180]
[0,800,1017,1180]
[0,211,272,411,523,685,800,856,965,1180]
[0,843,1180]
[0,685,804,965,1180]
[0,211,685,800,1180]
[0,211,800,1180]
[0,272,435,523,685,804,965,1180]
[0,503,804,965,1180]
[0,523,685,804,965,1180]
[0,523,800,965,1180]
[0,272,411,965,1180]
