[0,394,1085,1180]
[0,215,1180]
[0,270,1180]
[0,271,1180]
[0,1034,1138,1180]
[0,1138,1180]
[0,215,271,1034,1138,1180]
[0,215,271,1138,1180]
[0,215,1138,1180]
[0,394,1034,1180]
[0,271,1034,1138,1180]
[0,270,394,1138,1180]
[0,271,1085,1180]
[0,1085,1180]
[0,394,1180]
[0,215,271,1085,1180]
[0,89,271,1034,1138,1180]
[0,271,1034,1180]
[0,1034,1180]
[0,270,394,1085,1180]
[0,215,271,1034,1180]
[0,270,394,1034,1180]
[0,270,394,1034,1138,1180]
[0,215,271,1085,1138,1180]
[0,89,271,1085,1180]
[0,270,1138,1180]
[0,215,271,1180]
[0,89,271,1034,1180]
[0,270,394,1180]
