[0,507,843,1112,2017]
[0,171,507,722,843,1112,1649,1806,2017]
[0,171,507,722,1112,2017]
[0,171,507,1112,1806,2017]
[0,507,794,1112,1806,2017]
[0,171,507,1112,1649,1806,2017]
[0,1112,2017]
[0,500,2017]
[0,500,1112,2017]
[0,507,792,843,1112,1649,1806,2017]
[0,171,507,843,1112,1649,1806,2017]
[0,171,507,794,1112,1649,1806,2017]
[0,171,507,897,1112,1806,2017]
[0,171,507,722,1112,1806,2017]
[0,722,2017]
[0,507,1112,1806,2017]
[0,171,507,722,1112,1649,1806,2017]
[0,507,843,1112,1806,2017]
[0,507,722,843,1112,1649,1806,2017]
[0,507,794,1112,2017]
[0,507,722,1112,1806,2017]
[0,171,507,722,792,843,1112,1649,1806,2017]
[0,507,1112,2017]
[0,507,897,1112,2017]
[0,507,722,1112,1649,1806,2017]
[0,507,722,1112,2017]
[0,507,843,1112,1649,1806,2017]
[0,500,794,1112,1806,2017]
[0,171,507,897,1112,1649,1806,2017]
[0,507,722,792,843,1112,1649,1806,2017]
[0,500,794,1112,2017]
[0,507,897,1112,1649,1806,2017]
[0,171,507,843,1112,1806,2017]
[0,507,897,1112,1806,2017]
[0,507,2017]
[0,171,507,794,1112,1806,2017]
[0,507,1112,1649,1806,2017]
