[0,1191,1454,1842,2018,2812]
[0,1191,2018,2812]
[0,1191,1934,2812]
[0,1191,1454,1842,2300,2812]
[0,1191,1454,1842,2018,2490,2812]
[0,1191,1454,1842,1934,2018,2757,2812]
[0,1191,1454,2812]
[0,1191,1454,1842,1934,2018,2300,2757,2812]
[0,1454,2812]
[0,1191,1454,1842,2018,2300,2812]
[0,738,2812]
[0,1191,1454,1934,2018,2812]
[0,1191,1454,1842,1934,2018,2490,2812]
[0,738,1454,2018,2812]
[0,1454,1842,2490,2812]
[0,1191,1454,1842,1934,2018,2812]
[0,1454,1842,2300,2812]
[0,1454,1842,2812]
[0,738,1454,1934,2812]
[0,1454,2300,2812]
[0,1191,1454,1842,2490,2812]
[0,1454,2018,2812]
[0,1191,2812]
[0,738,1454,2018,2300,2812]
[0,738,1454,2812]
[0,1191,1454,1842,1934,2018,2300,2812]
[0,1191,1454,1842,2812]
[0,1191,1454,1842,1934,2018,2490,2757,2812]
[0,1191,1454,1934,2812]
[0,2018,2812]
[0,738,1454,1934,2491,2812]
