[0,45,201,374,619,943,1046]
[0,201,380,698,923,1046]
[0,380,698,1046]
[0,329,380,619,1046]
[0,374,698,1046]
[0,619,737,923,1046]
[0,329,380,619,963,1046]
[0,380,619,923,1046]
[0,943,1046]
[0,201,374,619,943,1046]
[0,329,380,619,923,1046]
[0,737,923,1046]
[0,923,1046]
[0,329,1046]
[0,329,380,619,737,923,1046]
[0,201,380,1046]
[0,329,380,619,943,1046]
[0,380,619,737,923,1046]
[0,201,374,943,1046]
[0,201,374,619,1046]
[0,201,1046]
[0,330,737,1046]
[0,201,380,619,923,1046]
[0,619,1046]
[0,698,1046]
[0,380,619,737,1046]
[0,201,374,698,1046]
[0,374,943,1046]
[0,201,380,923,1046]
[0,374,1046]
[0,374,619,1046]
[0,737,1046]
[0,45,201,380,619,923,1046]
[0,330,1046]
[0,329,380,619,737,1046]
[0,201,374,1046]
[0,380,923,1046]
[0,380,619,1046]
[0,329,380,1046]
[0,380,619,963,1046]
[0,201,380,619,1046]
[0,201,380,698,1046]
[0,380,619,943,1046]
[0,380,698,923,1046]
[0,380,1046]
[0,201,374,698,943,1046]
