[0,1323,1478,1642]
[0,982,1323,1642]
[0,747,982,1323,1478,1642]
[0,747,936,1323,1478,1642]
[0,487,936,1642]
[0,936,1642]
[0,747,1323,1642]
[0,487,1323,1478,1642]
[0,1323,1642]
[0,747,982,1642]
[0,487,982,1642]
[0,982,1642]
[0,747,982,1144,1218,1323,1478,1642]
[0,487,982,1323,1478,1642]
[0,487,1323,1642]
[0,747,1323,1478,1642]
[0,908,982,1323,1478,1642]
[0,747,908,982,1323,1478,1642]
[0,63,175,747,982,1323,1478,1642]
[0,487,936,1323,1478,1642]
[0,218,598,982,1323,1642]
[0,940,1642]
[0,747,982,1218,1323,1478,1642]
[0,222,940,1323,1642]
[0,747,908,982,1218,1323,1478,1642]
[0,982,1478,1642]
[0,747,936,1144,1218,1323,1478,1642]
[0,747,936,1218,1323,1478,1642]
[0,175,487,982,1323,1642]
[0,218,982,1323,1642]
[0,598,982,1323,1642]
[0,1282,1478,1642]
[0,487,982,1478,1642]
[0,175,747,982,1642]
[0,940,1323,1642]
[0,747,936,1323,1642]
[0,175,747,982,1478,1642]
[0,175,487,982,1323,1478,1642]
[0,747,982,1478,1642]
[0,487,936,1323,1642]
[0,982,1323,1478,1642]
[0,487,982,1323,1642]
[0,1282,1642]
[0,747,908,982,1144,1218,1323,1478,1642]
[0,1218,1642]
[0,598,982,1642]
[0,747,1642]
[0,747,936,1642]
[0,487,1642]
[0,175,487,982,1642]
[0,175,487,982,1478,1642]
[0,175,747,982,1323,1478,1642]
