[0,490,722,1327,1641,2243,2472,2554]
[0,284,490,722,1327,1641,2554]
[0,490,722,2472,2554]
[0,479,1327,2554]
[0,490,1327,2472,2554]
[0,772,2439,2554]
[0,490,722,979,1327,1641,2472,2554]
[0,722,2554]
[0,490,722,979,1327,1641,2243,2554]
[0,490,1327,2097,2472,2554]
[0,490,722,1327,1641,2554]
[0,284,490,1327,2097,2472,2554]
[0,490,722,1250,1327,1641,2554]
[0,2097,2554]
[0,490,722,1224,1327,1641,2472,2554]
[0,1327,2097,2472,2554]
[0,479,2554]
[0,284,490,1327,1641,2097,2472,2554]
[0,722,979,1327,1641,2097,2554]
[0,490,722,1224,1327,1641,2243,2472,2554]
[0,490,722,979,1327,1641,2097,2554]
[0,490,1327,1641,2097,2554]
[0,1327,1641,2554]
[0,490,2554]
[0,722,1641,2097,2554]
[0,2097,2472,2554]
[0,1327,1641,2097,2554]
[0,722,1327,1641,2097,2554]
[0,490,722,1641,2554]
[0,490,722,2554]
[0,284,490,1327,1641,2554]
[0,490,722,1250,1327,1641,2243,2472,2554]
[0,490,1327,1641,2097,2472,2554]
[0,490,1327,2554]
[0,284,490,722,1327,1641,2243,2554]
[0,490,722,979,1327,1641,2243,2472,2554]
[0,224,681,2097,2472,2554]
[0,2472,2554]
[0,490,722,979,1327,1641,2097,2472,2554]
[0,490,722,1327,1641,2097,2554]
[0,284,490,722,1327,1641,2097,2472,2554]
[0,722,979,1327,1641,2554]
[0,681,2097,2472,2554]
[0,284,490,722,1327,1641,2097,2554]
[0,1327,2554]
[0,1327,1641,2097,2472,2554]
[0,722,1327,1641,2554]
[0,490,722,1250,1327,1641,2472,2554]
[0,722,979,1327,1641,2243,2554]
[0,490,1641,2554]
[0,490,722,1641,2472,2554]
[0,284,490,722,1327,1641,2243,2472,2554]
[0,224,681,2097,2554]
[0,1327,1641,2472,2554]
[0,772,2554]
[0,490,722,979,1327,1641,2554]
[0,284,490,1327,1641,2097,2554]
[0,490,1327,2097,2554]
[0,224,1327,1641,2097,2472,2554]
[0,722,1327,1641,2243,2554]
[0,490,722,1327,1641,2472,2554]
[0,681,2097,2554]
[0,224,1327,1641,2554]
[0,490,722,1327,1641,2243,2554]
[0,1327,2097,2554]
[0,772,1377,2439,2554]
[0,1641,2554]
[0,490,722,1224,1327,1641,2243,2554]
[0,224,1327,1641,2097,2554]
[0,772,1377,2554]
[0,490,722,1224,1327,1641,2554]
[0,490,1327,1641,2554]
[0,284,490,1327,2097,2554]
[0,490,722,1327,1641,2097,2472,2554]
[0,490,2472,2554]
[0,722,1641,2554]
[0,681,2554]
