[0,191,556,757,997]
[0,182,325,402,501,611,997]
[0,182,997]
[0,191,402,611,701,997]
[0,402,556,701,757,997]
[0,182,556,997]
[0,402,556,997]
[0,191,325,402,556,997]
[0,182,325,402,556,757,997]
[0,191,325,402,611,701,757,997]
[0,182,402,611,701,997]
[0,191,325,402,501,611,997]
[0,182,402,611,997]
[0,191,325,402,501,611,701,757,997]
[0,182,325,402,556,701,757,997]
[0,402,997]
[0,402,556,757,997]
[0,191,402,501,611,997]
[0,556,997]
[0,182,325,402,611,701,997]
[0,611,997]
[0,191,325,402,556,611,701,757,997]
[0,402,611,997]
[0,556,757,997]
[0,182,402,556,701,997]
[0,182,556,757,997]
[0,191,381,556,997]
[0,182,325,402,556,611,997]
[0,402,501,611,997]
[0,182,325,402,556,701,997]
[0,182,325,402,501,611,701,757,997]
[0,191,402,611,701,757,997]
[0,191,325,402,556,701,757,997]
[0,191,402,556,701,757,997]
[0,402,757,997]
[0,182,325,402,501,611,701,997]
[0,402,501,611,701,997]
[0,182,325,402,556,611,701,757,997]
[0,381,556,997]
[0,182,325,402,556,611,701,997]
[0,182,381,556,997]
[0,402,611,701,997]
[0,191,325,402,556,757,997]
[0,182,402,501,611,997]
[0,191,402,611,997]
[0,182,402,556,701,757,997]
[0,191,402,556,757,997]
[0,182,402,501,611,701,997]
[0,381,997]
[0,182,402,556,757,997]
[0,381,641,997]
[0,757,997]
[0,191,325,402,501,611,701,997]
[0,191,325,402,611,701,997]
[0,402,611,701,757,997]
[0,182,325,402,611,997]
[0,182,402,611,701,757,997]
[0,191,402,501,611,701,997]
[0,191,997]
[0,191,402,556,997]
[0,182,381,556,720,997]
[0,182,325,402,611,701,757,997]
[0,191,325,402,611,997]
[0,182,325,402,556,997]
[0,182,402,556,997]
[0,191,556,997]
