[0,330,714,805,1056,1264]
[0,123,330,714,805,1056,1264]
[0,302,805,1264]
[0,307,714,1056,1264]
[0,330,1056,1264]
[0,330,805,1264]
[0,632,1264]
[0,330,658,1056,1264]
[0,330,1264]
[0,399,632,1264]
[0,307,714,1264]
[0,399,632,796,1056,1264]
[0,330,714,1056,1264]
[0,330,714,805,1264]
[0,399,632,1056,1264]
[0,330,714,1264]
[0,330,632,1056,1264]
[0,1056,1264]
[0,399,632,805,1264]
[0,301,686,1264]
[0,330,658,805,1264]
[0,805,1264]
[0,686,1264]
[0,301,1264]
[0,632,1056,1264]
[0,307,1264]
[0,632,805,1264]
[0,330,632,796,1056,1264]
[0,330,632,1264]
[0,123,330,714,1056,1264]
[0,123,330,632,796,1056,1264]
[0,399,632,805,1056,1264]
[0,714,1264]
[0,301,686,1056,1264]
[0,399,1264]
[0,714,1056,1264]
[0,330,658,1264]
[0,714,805,1264]
[0,123,330,399,632,796,1056,1264]
[0,686,1056,1264]
[0,330,658,805,1056,1264]
[0,658,805,1264]
