[0,609,1085,1651]
[0,609,1085,1406,1651]
[0,609,759,1322,1651]
[0,609,759,1085,1406,1651]
[0,609,759,1405,1544,1651]
[0,609,1406,1651]
[0,609,759,1322,1405,1544,1651]
[0,609,1651]
[0,609,677,1322,1651]
[0,1322,1651]
[0,609,1405,1544,1651]
[0,1322,1406,1651]
[0,609,1405,1651]
[0,1085,1406,1651]
[0,609,1322,1544,1651]
[0,1405,1544,1651]
[0,609,677,1322,1405,1544,1651]
[0,609,759,1405,1651]
[0,1322,1405,1544,1651]
[0,1405,1450,1651]
[0,609,677,1322,1544,1651]
[0,1085,1651]
[0,1405,1651]
[0,1322,1544,1651]
[0,609,759,1322,1544,1651]
[0,609,1322,1405,1544,1651]
[0,609,677,1322,1406,1651]
[0,609,1322,1406,1651]
[0,609,1322,1651]
