[0,399,476,546,632,997]
[0,135,399,632,997]
[0,135,308,399,476,546,703,796,890,997]
[0,135,308,546,703,997]
[0,135,399,476,546,796,890,997]
[0,135,399,476,546,632,890,997]
[0,135,308,399,546,670,796,997]
[0,546,644,997]
[0,547,997]
[0,135,308,399,546,703,796,890,997]
[0,546,796,997]
[0,399,644,997]
[0,399,546,796,997]
[0,135,399,546,644,796,890,997]
[0,135,308,546,670,796,997]
[0,135,308,546,670,796,890,997]
[0,135,399,546,796,890,997]
[0,399,546,644,997]
[0,135,399,476,546,703,890,997]
[0,187,547,997]
[0,135,399,476,546,632,796,890,997]
[0,399,476,546,644,997]
[0,135,399,546,703,796,890,997]
[0,135,399,476,546,703,997]
[0,135,399,644,997]
[0,135,399,476,546,644,796,890,997]
[0,135,399,476,546,670,796,890,997]
[0,135,546,734,997]
[0,135,399,476,546,644,997]
[0,135,399,546,703,997]
[0,135,399,546,632,890,997]
[0,135,399,476,546,632,997]
[0,135,399,546,670,796,890,997]
[0,135,546,997]
[0,135,399,546,644,890,997]
[0,135,399,546,632,997]
[0,135,546,632,997]
[0,135,399,476,546,644,890,997]
[0,135,399,632,796,890,997]
[0,135,399,546,703,890,997]
[0,308,546,796,997]
[0,399,796,997]
[0,135,308,399,476,546,670,796,997]
[0,135,399,796,890,997]
[0,308,546,997]
[0,135,308,399,476,546,670,796,890,997]
[0,135,399,476,546,703,796,890,997]
[0,546,734,997]
[0,135,399,546,632,796,890,997]
[0,399,997]
[0,135,308,546,796,890,997]
[0,135,308,546,703,796,890,997]
[0,135,399,546,796,997]
[0,546,703,997]
[0,135,546,796,997]
[0,135,399,546,670,796,997]
[0,135,308,399,546,670,796,890,997]
[0,135,399,476,546,796,997]
[0,135,399,546,644,997]
[0,135,546,644,997]
[0,546,997]
[0,399,476,546,796,997]
[0,135,308,546,703,890,997]
[0,308,546,703,997]
[0,135,399,796,997]
[0,399,546,703,997]
[0,135,308,546,796,997]
[0,546,632,997]
[0,135,546,703,997]
[0,135,399,476,546,670,796,997]
[0,308,997]
[0,308,703,997]
[0,135,399,632,890,997]
[0,399,476,546,703,997]
[0,399,632,997]
[0,399,546,632,997]
[0,135,399,644,890,997]
