[0,469,598,729,969]
[0,322,729,969]
[0,114,261,469,598,729,969]
[0,469,729,969]
[0,114,469,643,729,822,969]
[0,469,643,969]
[0,114,598,729,969]
[0,261,469,729,969]
[0,598,969]
[0,114,469,598,729,969]
[0,204,598,969]
[0,204,969]
[0,271,471,969]
[0,261,469,598,729,969]
[0,114,469,822,969]
[0,469,598,729,822,969]
[0,598,729,969]
[0,261,469,969]
[0,114,261,469,969]
[0,114,469,598,729,822,969]
[0,114,261,322,469,598,729,822,969]
[0,114,261,469,598,729,822,969]
[0,114,261,469,643,729,822,969]
[0,114,261,469,822,969]
[0,114,261,322,469,598,643,729,822,969]
[0,469,643,729,822,969]
[0,469,643,729,969]
[0,469,598,969]
[0,469,822,969]
[0,322,969]
[0,114,322,729,969]
[0,114,261,469,729,822,969]
[0,114,729,969]
[0,729,969]
[0,114,261,322,469,643,729,822,969]
[0,469,729,822,969]
[0,114,471,969]
[0,114,469,969]
[0,114,469,729,822,969]
[0,469,969]
[0,114,271,471,969]
[0,261,469,822,969]
[0,114,322,598,729,969]
[0,322,598,729,969]
[0,471,969]
