[0,808,2146,2211]
[0,407,808,1209,1675,2146,2211]
[0,87,237,407,698,835,1156,1343,2043,2211]
[0,87,698,1156,1328,2043,2211]
[0,237,2211]
[0,410,1193,1877,2211]
[0,237,407,698,835,1156,1343,2043,2211]
[0,698,2043,2211]
[0,698,1156,1343,2211]
[0,698,1343,2211]
[0,407,800,1209,1675,2211]
[0,407,698,835,1156,1343,2146,2211]
[0,87,407,698,2043,2211]
[0,698,1156,1328,2043,2211]
[0,237,407,698,1156,2211]
[0,215,407,808,1156,1343,2146,2211]
[0,800,2211]
[0,87,2211]
[0,1328,2211]
[0,237,407,698,1343,2211]
[0,215,407,808,1156,2211]
[0,215,407,698,1156,2211]
[0,407,808,2211]
[0,87,237,407,698,835,1156,1343,2211]
[0,215,407,698,835,1156,1343,2043,2211]
[0,237,407,698,835,1343,2211]
[0,407,800,1209,1675,2146,2211]
[0,215,407,808,1209,1675,2146,2211]
[0,407,698,835,2211]
[0,87,698,1156,1328,2211]
[0,1156,1343,2211]
[0,407,698,1156,1343,2211]
[0,407,698,1156,2211]
[0,808,1209,1675,2211]
[0,215,407,698,835,1156,1343,2146,2211]
[0,407,698,835,1156,1343,2211]
[0,1193,2211]
[0,407,808,1209,1675,2211]
[0,407,808,1156,1343,2146,2211]
[0,407,698,2043,2211]
[0,215,407,808,1209,1675,2211]
[0,808,1156,1343,2211]
[0,1675,2211]
[0,698,1156,1328,2211]
[0,407,808,1156,1343,2211]
[0,407,698,1156,1328,2043,2211]
[0,87,407,698,1156,1328,2043,2211]
[0,215,407,808,1156,1343,2211]
[0,237,698,2211]
[0,410,1193,2211]
[0,407,1328,1675,2211]
[0,237,407,698,1156,1343,2043,2211]
[0,407,698,1156,1343,2043,2211]
[0,407,808,2146,2211]
[0,808,1675,2211]
[0,1463,2211]
[0,215,407,698,1156,1343,2043,2211]
[0,698,835,2211]
[0,237,407,698,1156,1328,2211]
[0,87,698,2211]
[0,87,237,407,698,2211]
[0,407,698,835,1156,1343,2043,2211]
[0,237,407,698,1156,1328,2043,2211]
[0,698,1156,2211]
[0,87,237,407,698,1156,1328,2043,2211]
[0,237,407,698,1156,1343,2211]
[0,237,407,698,2211]
[0,87,237,407,698,835,2211]
[0,237,407,698,835,2211]
[0,215,407,698,835,1156,1343,2211]
[0,800,1209,1675,2211]
[0,87,237,407,698,1156,2211]
[0,1156,1328,2211]
[0,407,698,1156,1328,2211]
[0,87,237,407,698,1156,1328,2211]
[0,407,698,2211]
[0,87,237,698,2211]
[0,1343,2211]
[0,407,1675,2211]
[0,407,698,1343,2211]
[0,215,407,698,1156,1343,2211]
[0,698,2211]
[0,407,698,835,1343,2211]
[0,808,2211]
[0,87,237,2211]
[0,1193,1877,2211]
[0,407,698,808,1156,1328,2043,2211]
[0,87,237,407,698,835,1343,2211]
[0,800,1675,2211]
[0,87,407,698,808,1156,1328,2043,2211]
[0,808,1156,2211]
[0,1877,2211]
[0,407,808,1156,2211]
[0,237,407,698,835,1156,1343,2211]
[0,87,698,2043,2211]
