[0,723,775,1074,1465]
[0,460,741,1074,1304,1465]
[0,741,1074,1465]
[0,1074,1304,1465]
[0,775,1465]
[0,1074,1150,1465]
[0,741,1074,1305,1465]
[0,723,1074,1465]
[0,460,723,1074,1305,1465]
[0,140,460,723,1074,1305,1465]
[0,261,1074,1150,1465]
[0,460,723,1074,1465]
[0,261,460,741,1074,1305,1465]
[0,140,460,723,775,1074,1465]
[0,261,1074,1304,1465]
[0,140,261,460,741,1074,1150,1305,1465]
[0,460,1465]
[0,1074,1465]
[0,140,460,741,1074,1304,1465]
[0,723,1074,1305,1465]
[0,140,460,723,1008,1074,1150,1465]
[0,460,1074,1304,1465]
[0,460,1074,1465]
[0,261,460,741,1074,1150,1305,1465]
[0,140,460,741,1074,1465]
[0,140,460,1074,1465]
[0,140,460,723,1074,1150,1465]
[0,261,460,1074,1465]
[0,741,1074,1304,1465]
[0,460,741,1074,1305,1465]
[0,1074,1305,1465]
[0,261,460,1074,1150,1465]
[0,140,460,723,775,1074,1150,1465]
[0,261,460,741,1074,1465]
[0,261,460,741,1074,1150,1465]
[0,460,741,1074,1465]
[0,140,1074,1304,1465]
[0,261,460,1074,1304,1465]
[0,140,1074,1465]
[0,140,460,723,1074,1150,1305,1465]
[0,261,1074,1465]
[0,140,460,723,775,1008,1074,1150,1305,1465]
[0,460,723,775,1074,1465]
[0,140,460,723,1008,1074,1150,1305,1465]
[0,140,460,723,775,1008,1074,1150,1465]
[0,261,460,741,1074,1304,1465]
[0,140,460,741,1074,1305,1465]
[0,140,460,723,1074,1465]
[0,140,460,1074,1304,1465]
[0,140,261,460,741,1074,1305,1465]
[0,723,775,1465]
[0,218,1074,1465]
