[0,1012,1420,2205,2651,2759]
[0,1012,1420,2651,2759]
[0,1287,1931,2205,2759]
[0,147,1287,1931,2205,2759]
[0,1420,2651,2759]
[0,391,2379,2759]
[0,272,938,1420,2379,2759]
[0,272,938,1420,2170,2759]
[0,1287,1420,2759]
[0,2379,2759]
[0,2170,2759]
[0,147,1287,1420,1931,2205,2547,2651,2759]
[0,147,1287,1420,1931,2205,2651,2759]
[0,147,1287,1420,1931,2205,2497,2651,2759]
[0,147,1287,1420,1931,2205,2497,2759]
[0,1309,2759]
[0,1012,1420,2759]
[0,391,1420,2651,2759]
[0,2205,2759]
[0,1287,1420,2205,2759]
[0,1012,2759]
[0,1287,2759]
[0,272,938,1420,2170,2651,2759]
[0,1420,2205,2497,2759]
[0,938,1420,2379,2759]
[0,938,1420,2170,2759]
[0,1287,1420,1931,2205,2547,2651,2759]
[0,391,2759]
[0,1287,1420,1931,2205,2497,2651,2759]
[0,1287,1420,2205,2547,2651,2759]
[0,1287,1931,2205,2497,2759]
[0,1012,1420,2205,2759]
[0,1287,1420,1931,2205,2651,2759]
[0,1287,1420,1931,2205,2497,2759]
[0,1287,1420,2205,2497,2651,2759]
[0,938,1420,2759]
[0,272,938,1420,2651,2759]
[0,1287,1420,2205,2497,2759]
[0,1420,2170,2759]
[0,2651,2759]
[0,1287,1420,2205,2651,2759]
[0,147,1287,1420,1931,2205,2759]
[0,1931,2205,2759]
[0,147,1287,1931,2205,2497,2759]
[0,1420,2205,2759]
[0,1287,1931,2759]
[0,1309,2379,2759]
[0,272,938,1420,2759]
[0,938,1420,2651,2759]
[0,1287,1420,1931,2205,2759]
[0,391,1420,2759]
[0,1420,2759]
