[0,187,333,448,686,781,1082,1197]
[0,119,333,781,953,1197]
[0,333,1082,1197]
[0,187,333,448,892,963,1082,1197]
[0,333,781,963,1082,1197]
[0,187,333,448,781,1082,1197]
[0,187,333,448,686,781,963,1197]
[0,187,333,781,953,1197]
[0,433,781,1082,1197]
[0,333,781,1082,1197]
[0,187,333,781,1197]
[0,187,333,448,686,781,883,963,1082,1197]
[0,119,333,781,953,1082,1197]
[0,333,448,781,963,1197]
[0,187,333,448,892,963,1082,1132,1197]
[0,744,953,1197]
[0,187,333,448,1197]
[0,781,953,1082,1197]
[0,333,892,963,1197]
[0,187,333,1197]
[0,333,781,963,1197]
[0,333,448,781,1082,1197]
[0,187,333,448,781,892,963,1082,1197]
[0,333,448,963,1197]
[0,187,333,448,892,963,1197]
[0,333,781,963,1031,1082,1197]
[0,119,333,781,1082,1197]
[0,187,333,448,686,781,883,963,1197]
[0,433,744,953,1197]
[0,963,1197]
[0,187,333,448,781,963,1031,1082,1197]
[0,187,333,448,781,1082,1132,1197]
[0,187,333,448,686,781,953,1082,1197]
[0,781,953,1197]
[0,119,333,448,686,781,953,1082,1197]
[0,333,448,892,963,1197]
[0,187,333,781,1082,1197]
[0,187,333,781,953,1082,1197]
[0,338,1197]
[0,187,333,448,686,781,1082,1132,1197]
[0,744,1082,1197]
[0,187,333,448,686,781,892,963,1197]
[0,187,333,448,781,892,963,1082,1132,1197]
[0,187,333,781,963,1197]
[0,892,1197]
[0,892,1082,1197]
[0,187,333,892,1082,1197]
[0,187,333,448,963,1197]
[0,333,781,953,1197]
[0,187,333,448,686,781,963,1082,1197]
[0,333,448,1197]
[0,781,963,1197]
[0,433,744,1082,1197]
[0,433,781,1197]
[0,333,892,1082,1197]
[0,333,892,1197]
[0,744,1197]
[0,333,448,781,963,1031,1082,1197]
[0,187,333,448,686,781,892,963,1082,1197]
[0,187,333,448,781,963,1197]
[0,187,333,686,781,963,1082,1197]
[0,333,448,892,963,1082,1132,1197]
[0,781,1197]
[0,119,333,448,686,781,1082,1197]
[0,187,333,448,892,1082,1197]
[0,187,333,448,686,781,963,1031,1082,1197]
[0,187,333,963,1197]
[0,187,333,448,686,781,963,1082,1132,1197]
[0,187,333,448,686,781,953,1082,1132,1197]
[0,152,781,953,1082,1197]
[0,187,333,448,686,781,883,963,1082,1132,1197]
[0,187,333,448,781,953,1082,1197]
[0,1082,1197]
[0,333,448,892,1082,1197]
[0,333,448,781,1082,1132,1197]
[0,119,333,448,686,781,953,1031,1082,1197]
[0,433,744,953,1082,1197]
[0,187,333,448,781,892,963,1197]
[0,187,333,892,1197]
[0,152,686,781,953,1082,1197]
[0,119,333,781,1197]
[0,686,781,953,1082,1197]
[0,433,744,1197]
[0,333,781,1197]
[0,333,1197]
[0,187,333,448,686,781,892,963,1082,1132,1197]
[0,119,333,448,781,953,1082,1197]
[0,686,781,1082,1197]
[0,892,963,1197]
[0,187,333,781,963,1082,1197]
[0,152,781,953,1197]
[0,333,781,1082,1132,1197]
[0,333,963,1197]
[0,187,333,448,781,963,1082,1197]
[0,781,1082,1197]
[0,333,448,781,963,1082,1197]
[0,333,448,892,963,1082,1197]
[0,119,333,448,781,1082,1197]
