[0,778,3353]
[0,209,1470,1753,2697,3353]
[0,1516,2180,2558,3084,3353]
[0,1470,2180,2697,3353]
[0,209,2180,2558,3084,3353]
[0,2180,2697,3353]
[0,1470,1753,2697,3084,3353]
[0,1515,2180,2558,3029,3353]
[0,2180,2558,3353]
[0,1515,2180,2558,3084,3353]
[0,582,1516,2180,2558,3084,3353]
[0,209,582,1516,1727,2180,2704,3084,3353]
[0,209,2180,2704,3353]
[0,582,1470,1753,2697,3084,3353]
[0,582,1516,1727,2180,2704,3084,3353]
[0,1516,1727,2704,3084,3353]
[0,1470,2180,3353]
[0,209,1516,2180,2704,3084,3353]
[0,209,1516,1727,2704,3084,3353]
[0,1516,2180,2558,3353]
[0,582,1470,2697,3353]
[0,2558,3353]
[0,582,2704,3353]
[0,1515,2180,2783,3353]
[0,209,582,1515,1727,2180,2558,3029,3353]
[0,209,1516,1727,2180,2704,3084,3353]
[0,582,1516,2180,3353]
[0,209,582,1516,2180,2704,3084,3353]
[0,209,2180,2783,3353]
[0,1470,1753,3353]
[0,1516,1727,2180,2558,3084,3353]
[0,582,2158,2704,3353]
[0,1470,2697,3353]
[0,209,1515,2180,2697,3084,3353]
[0,1515,2180,2558,3353]
[0,1515,2180,2697,3084,3353]
[0,209,2180,2697,3353]
[0,582,1515,2180,2558,3029,3353]
[0,582,1515,2180,2558,3084,3353]
[0,209,1516,1727,3353]
[0,1516,2704,3353]
[0,582,1470,2180,2697,3353]
[0,209,2558,3353]
[0,2180,2697,3084,3353]
[0,209,582,1470,1753,2697,3084,3353]
[0,1516,1727,2180,2704,3084,3353]
[0,1515,2180,3353]
[0,582,1515,1727,2180,2558,3029,3353]
[0,582,1516,2180,2704,3353]
[0,209,582,1515,1727,2180,2558,3353]
[0,209,1515,2180,2783,3353]
[0,2704,3353]
[0,582,1515,1727,2180,2558,3353]
[0,582,1515,2558,3353]
[0,2180,2704,3353]
[0,1470,1753,2180,2697,3353]
[0,209,1515,2180,2558,3084,3353]
[0,2180,2558,3084,3353]
[0,1515,1727,2180,2558,3353]
[0,1516,2180,2704,3353]
[0,209,1516,2180,2704,3353]
[0,1516,2704,3084,3353]
[0,209,582,1515,2180,2558,3084,3353]
[0,2783,3353]
[0,2180,3353]
[0,209,1516,3353]
[0,209,582,1516,2180,2704,3353]
[0,1515,3353]
[0,209,2180,2704,3084,3353]
[0,582,1470,2180,3353]
[0,582,1516,2180,2558,3353]
[0,582,1470,1753,2180,2697,3084,3353]
[0,209,1516,2180,2558,3084,3353]
[0,1515,1753,2180,2558,3084,3353]
[0,1470,1753,2697,3353]
[0,1515,2180,2697,3353]
[0,582,1516,2180,2704,3084,3353]
[0,2697,3084,3353]
[0,582,1515,2180,2697,3353]
[0,209,1516,1727,2180,2558,3084,3353]
[0,582,1515,1753,2180,2558,3084,3353]
[0,582,1515,2180,2558,3353]
[0,2180,2704,3084,3353]
[0,209,2704,3353]
[0,209,2783,3353]
[0,582,1470,1753,2697,3353]
[0,1516,2180,2704,3084,3353]
[0,209,2697,3353]
[0,582,1515,2180,2697,3084,3353]
[0,209,3353]
[0,1515,1727,2180,2558,3029,3353]
[0,1470,3353]
[0,1516,1727,3353]
[0,209,2180,2558,3353]
[0,209,1470,1753,3353]
[0,582,1515,2180,3353]
[0,582,1516,1727,2180,2558,3084,3353]
[0,209,582,1515,1753,2180,2558,3084,3353]
[0,1516,3353]
[0,209,582,1470,1753,2180,2697,3084,3353]
[0,1516,1727,2704,3353]
[0,1470,1753,2180,2697,3084,3353]
[0,1516,2180,3353]
[0,209,2180,2697,3084,3353]
[0,209,582,1516,1727,2180,2558,3084,3353]
[0,2158,2704,3353]
[0,209,582,1515,2180,2697,3084,3353]
[0,2180,2783,3353]
[0,582,1470,1753,2180,2697,3353]
[0,209,1470,3353]
[0,1515,2558,3353]
[0,209,1516,1727,2704,3353]
[0,209,1515,1727,2180,2558,3353]
[0,209,1470,1753,2697,3084,3353]
[0,2704,3084,3353]
[0,2697,3353]
[0,209,1515,2180,2558,3353]
