[0,124,349,562,912,1046]
[0,80,188,560,912,1046]
[0,80,124,349,395,560,608,912,1046]
[0,188,395,680,1046]
[0,124,1046]
[0,912,1046]
[0,80,608,1046]
[0,562,1046]
[0,80,124,1046]
[0,80,188,560,608,1046]
[0,80,188,395,680,912,1046]
[0,560,608,1046]
[0,562,912,1046]
[0,188,560,1046]
[0,80,124,560,608,912,1046]
[0,80,188,349,395,560,608,912,1046]
[0,608,1046]
[0,80,188,560,608,912,1046]
[0,188,608,1046]
[0,188,395,562,680,912,1046]
[0,80,188,395,562,680,912,1046]
[0,80,349,560,912,1046]
[0,80,349,560,608,912,1046]
[0,188,560,608,1046]
[0,80,188,395,560,608,912,1046]
[0,188,562,912,1046]
[0,124,560,912,1046]
[0,349,562,912,1046]
[0,188,395,912,1046]
[0,124,395,850,1046]
[0,80,124,608,1046]
[0,124,608,1046]
[0,188,395,560,1046]
[0,188,395,680,912,1046]
[0,80,188,562,680,912,1046]
[0,349,1046]
[0,349,560,912,1046]
[0,124,560,608,912,1046]
[0,124,349,562,807,912,1046]
[0,395,1046]
[0,80,188,395,912,1046]
[0,80,912,1046]
[0,188,395,1046]
[0,188,1046]
[0,80,188,1046]
[0,188,912,1046]
[0,560,912,1046]
[0,395,850,1046]
[0,560,1046]
[0,188,562,680,912,1046]
[0,80,188,349,395,680,912,1046]
[0,80,349,395,560,608,912,1046]
[0,80,124,349,560,608,912,1046]
[0,560,608,912,1046]
[0,124,562,680,912,1046]
[0,80,188,912,1046]
[0,349,560,1046]
[0,188,562,1046]
[0,850,1046]
[0,395,680,1046]
[0,894,1046]
[0,188,560,912,1046]
[0,80,349,912,1046]
[0,349,912,1046]
[0,349,562,1046]
[0,80,188,608,1046]
[0,124,912,1046]
[0,124,560,608,1046]
[0,188,395,560,912,1046]
[0,680,1046]
[0,349,560,608,912,1046]
[0,80,188,349,395,912,1046]
[0,188,680,1046]
[0,80,188,562,912,1046]
[0,80,188,395,560,912,1046]
[0,80,188,349,395,562,680,912,1046]
[0,124,850,1046]
[0,124,894,1046]
[0,80,124,560,608,1046]
[0,124,562,912,1046]
