[0,374,809,957,2120]
[0,374,591,696,809,957,1855,2120]
[0,374,591,696,809,957,2120]
[0,374,591,809,957,2120]
[0,591,957,1855,2120]
[0,374,1855,2120]
[0,374,591,957,1855,2120]
[0,374,948,2120]
[0,591,1855,2120]
[0,374,591,2120]
[0,591,957,2120]
[0,374,809,2120]
[0,591,696,809,957,2120]
[0,696,809,957,2120]
[0,948,1186,2120]
[0,591,1186,2120]
[0,374,2120]
[0,374,948,1186,2120]
[0,374,591,1186,2120]
[0,374,591,948,1186,1855,2120]
[0,809,957,2120]
[0,1186,2120]
[0,374,591,809,957,1855,2120]
[0,1855,2120]
[0,374,948,1855,2120]
[0,957,2120]
[0,374,591,948,1186,2120]
[0,374,948,1186,1855,2120]
[0,948,2120]
[0,374,591,957,2120]
[0,809,2120]
[0,591,2120]
