[0,220,355,435,512,783,876,1046]
[0,355,435,783,1046]
[0,355,828,1046]
[0,298,435,512,783,876,1046]
[0,298,783,1046]
[0,355,435,783,876,1046]
[0,298,435,512,783,1046]
[0,298,435,1046]
[0,210,355,435,512,783,876,1046]
[0,298,512,636,1046]
[0,355,435,512,1046]
[0,220,297,355,435,512,783,876,1046]
[0,298,783,876,1046]
[0,298,1046]
[0,355,1046]
[0,220,355,435,783,876,1046]
[0,355,783,876,1046]
[0,298,512,783,1046]
[0,210,355,435,783,876,1046]
[0,355,435,512,783,1046]
[0,297,828,1046]
[0,210,355,783,876,1046]
[0,298,512,783,876,1046]
[0,355,783,1046]
[0,355,435,512,783,876,1046]
[0,298,435,783,1046]
[0,355,435,1046]
[0,210,297,355,435,512,783,876,1046]
[0,636,1046]
[0,297,1046]
[0,355,512,643,783,1046]
[0,355,512,783,1046]
[0,220,355,783,876,1046]
[0,298,435,512,1046]
[0,298,636,1046]
[0,210,355,783,1046]
[0,220,355,783,1046]
[0,298,435,783,876,1046]
