[0,317,557,1136,1264,1588,1874,2120]
[0,317,552,1264,1874,2120]
[0,552,981,1264,1588,1874,2120]
[0,1874,2120]
[0,317,557,981,1264,2120]
[0,317,557,981,1264,1405,1874,2120]
[0,317,552,1136,1264,1874,2120]
[0,317,552,981,1136,1264,2120]
[0,317,557,1264,1405,1874,2120]
[0,317,557,981,1136,1264,1874,2120]
[0,557,981,1264,2120]
[0,552,981,1264,2120]
[0,1136,2120]
[0,552,981,1264,1874,2120]
[0,557,2120]
[0,317,552,981,1136,1264,1405,1874,2120]
[0,557,1136,1874,2120]
[0,552,1136,1874,2120]
[0,317,552,1136,1264,1588,1874,2120]
[0,557,981,1264,1588,2120]
[0,317,557,1264,1588,1874,2120]
[0,317,557,1264,1874,2120]
[0,45,552,1136,1874,2120]
[0,317,552,981,1136,1264,1588,1874,1972,2120]
[0,557,981,1264,1874,2120]
[0,317,552,1264,1405,1874,2120]
[0,552,1136,1264,2120]
[0,317,552,981,1264,2120]
[0,317,552,981,1136,1264,1588,1874,2120]
[0,317,552,1874,2120]
[0,317,557,981,1136,1264,2120]
[0,552,1264,2120]
[0,557,1264,1588,1874,2120]
[0,552,2120]
[0,557,981,1264,1588,1874,2120]
[0,557,1264,2120]
[0,317,557,981,1136,1264,1405,1874,2120]
[0,317,552,981,1264,1588,1874,2120]
[0,317,552,1264,1588,1874,2120]
[0,317,557,981,1264,1874,2120]
[0,557,1136,2120]
[0,317,552,1264,2120]
[0,317,557,1264,2120]
[0,552,1136,2120]
[0,317,552,981,1136,1264,1874,2120]
[0,552,1264,1588,2120]
[0,317,557,1136,1874,2120]
[0,317,552,1136,1874,2120]
[0,1264,2120]
[0,317,557,981,1136,1264,1588,1874,1972,2120]
[0,552,1264,1874,2120]
[0,317,557,1136,1264,2120]
[0,317,557,1136,1264,1874,2120]
[0,552,981,1264,1588,2120]
[0,317,552,1136,1264,2120]
[0,317,557,981,1264,1588,1874,2120]
[0,552,1264,1588,1874,2120]
[0,317,557,981,1136,1264,1405,1874,1972,2120]
[0,317,552,981,1264,1405,1874,2120]
[0,557,1874,2120]
[0,317,552,981,1136,1264,1405,1874,1972,2120]
[0,552,1874,2120]
[0,557,1264,1588,2120]
[0,317,557,1874,2120]
[0,317,557,981,1136,1264,1588,1874,2120]
[0,317,552,981,1264,1874,2120]
[0,557,1264,1874,2120]
