[0,320,443,561,787,1046]
[0,561,787,1046]
[0,443,561,787,1046]
[0,320,443,1046]
[0,320,443,561,787,863,1046]
[0,320,443,561,787,859,911,1046]
[0,443,561,787,863,911,1046]
[0,561,787,863,1046]
[0,273,320,443,561,1046]
[0,320,443,561,863,911,1046]
[0,320,1046]
[0,443,911,1046]
[0,443,561,1046]
[0,273,320,443,561,787,1046]
[0,273,320,443,561,863,911,1046]
[0,273,320,443,561,787,859,1046]
[0,273,444,1046]
[0,443,1046]
[0,320,443,561,1046]
[0,273,443,911,1046]
[0,320,443,561,787,863,911,1046]
[0,320,561,1046]
[0,273,320,443,561,787,863,911,1046]
[0,273,320,443,561,787,863,1046]
[0,273,320,443,561,821,863,911,1046]
[0,320,561,821,1046]
[0,561,821,1046]
[0,561,911,1046]
[0,273,320,443,561,821,863,1046]
[0,443,561,787,863,1046]
[0,273,320,443,561,787,859,911,1046]
[0,320,443,561,821,1046]
[0,365,1046]
[0,911,1046]
[0,320,443,561,787,859,1046]
[0,320,443,561,911,1046]
[0,273,320,443,1046]
[0,320,561,911,1046]
[0,443,561,911,1046]
[0,273,320,443,561,821,1046]
[0,273,320,1046]
[0,561,1046]
[0,273,320,443,561,911,1046]
[0,320,561,787,1046]
[0,273,443,1046]
[0,444,1046]
[0,561,787,863,911,1046]
