[0,611,1453,1558,1694,2109,2812]
[0,2109,2812]
[0,918,1453,2812]
[0,1453,2812]
[0,1011,1453,2109,2812]
[0,1453,1762,2812]
[0,1417,2109,2812]
[0,1453,1762,2109,2812]
[0,1453,1558,1762,2812]
[0,611,1453,2109,2812]
[0,1011,1453,1935,2812]
[0,1453,1558,1694,2109,2812]
[0,611,1453,1762,2109,2812]
[0,1453,1558,2812]
[0,918,1453,1935,2812]
[0,1453,2109,2812]
[0,918,1453,2109,2812]
[0,1453,1558,1762,2109,2812]
[0,1453,1935,2812]
[0,611,1453,1694,2109,2812]
[0,1453,1694,2109,2812]
[0,611,1453,1558,1762,2109,2812]
[0,1453,1558,2109,2812]
[0,611,1417,2109,2812]
