[0,575,970,1463,1805,2554]
[0,575,970,1805,2076,2554]
[0,1805,2076,2245,2355,2554]
[0,970,1463,1805,2554]
[0,1805,2044,2456,2554]
[0,970,1463,1805,2076,2355,2554]
[0,610,1805,2554]
[0,575,970,2076,2554]
[0,765,997,1321,1463,1805,2044,2554]
[0,765,970,1321,1463,1805,2076,2355,2554]
[0,997,1805,2554]
[0,765,970,1463,1805,2076,2355,2554]
[0,1321,1463,1805,2076,2554]
[0,152,575,970,1805,2076,2554]
[0,152,765,970,1321,1463,1805,2076,2554]
[0,970,1321,1463,1805,2076,2554]
[0,1463,1805,2076,2355,2554]
[0,1463,1805,2076,2245,2355,2554]
[0,152,765,970,1321,1463,1805,2076,2245,2355,2554]
[0,1463,1805,2044,2554]
[0,997,1805,2076,2355,2554]
[0,970,1463,2554]
[0,1321,1463,1805,2355,2554]
[0,1805,2044,2554]
[0,765,997,1463,1805,2044,2554]
[0,997,1366,1805,2076,2554]
[0,997,1366,1805,2188,2554]
[0,152,1805,2554]
[0,997,1463,2554]
[0,152,765,970,1321,1463,1805,2076,2355,2554]
[0,152,765,997,1463,1805,2044,2554]
[0,765,970,1463,1805,2076,2554]
[0,970,2076,2554]
[0,1463,1805,2044,2456,2554]
[0,765,970,1321,1463,1805,2076,2245,2355,2554]
[0,1321,1463,1805,2076,2355,2554]
[0,765,970,1321,1463,1805,2076,2554]
[0,152,1463,1805,2076,2355,2554]
[0,575,970,1463,1805,2076,2554]
[0,997,1366,2076,2554]
[0,997,1366,1805,2554]
[0,997,1463,1805,2044,2554]
[0,152,575,970,1463,1805,2076,2554]
[0,970,1805,2554]
[0,765,997,1321,1463,1805,2044,2456,2554]
[0,1463,1805,2554]
[0,997,2076,2554]
[0,997,1463,1805,2554]
[0,765,997,1463,1805,2044,2456,2554]
[0,997,1805,2076,2554]
[0,152,892,2134,2554]
[0,970,1805,2076,2554]
[0,997,1366,1805,2076,2355,2554]
[0,575,970,1321,1463,1805,2076,2554]
[0,1321,2554]
[0,1321,2134,2554]
[0,1805,2554]
[0,997,1805,2188,2554]
[0,2188,2554]
[0,2355,2554]
[0,997,2554]
[0,1805,2076,2554]
[0,152,970,1805,2554]
[0,970,1463,1805,2076,2245,2355,2554]
[0,2456,2554]
[0,997,1366,2554]
[0,970,1321,1805,2554]
[0,575,970,1463,2554]
[0,152,765,970,1463,1805,2076,2355,2554]
[0,1805,2188,2554]
[0,970,2554]
[0,1805,2355,2554]
[0,152,1321,1463,1805,2076,2355,2554]
[0,970,1463,1805,2076,2554]
[0,152,765,970,1463,1805,2076,2554]
[0,152,575,970,1321,1463,1805,2076,2554]
[0,765,970,1463,1805,2076,2245,2355,2554]
[0,997,1463,1805,2044,2456,2554]
[0,1463,1805,2076,2554]
[0,1805,2456,2554]
[0,152,970,1321,1805,2554]
[0,152,765,997,1321,1463,1805,2044,2554]
[0,377,1321,2134,2554]
[0,1463,1805,2355,2554]
[0,1805,2076,2355,2554]
[0,152,765,997,1321,1463,1805,2044,2456,2554]
[0,892,2554]
[0,892,2134,2554]
