[0,1160,1402,1651]
[0,160,1034,1402,1651]
[0,220,801,1314,1651]
[0,220,801,1402,1651]
[0,749,1651]
[0,220,1402,1651]
[0,100,220,801,958,1034,1160,1314,1651]
[0,220,689,1314,1651]
[0,220,689,1402,1651]
[0,749,958,1201,1408,1651]
[0,100,220,689,749,1160,1314,1651]
[0,100,220,801,958,1402,1492,1651]
[0,1402,1651]
[0,220,801,958,1402,1651]
[0,689,1651]
[0,100,220,689,1402,1492,1651]
[0,220,1651]
[0,220,1201,1651]
[0,220,801,958,1314,1492,1651]
[0,220,801,958,1160,1314,1492,1651]
[0,749,1160,1402,1651]
[0,100,220,801,958,1160,1314,1492,1651]
[0,1201,1651]
[0,818,1651]
[0,100,220,749,801,1651]
[0,220,749,801,1651]
[0,958,1201,1651]
[0,100,220,801,958,1160,1314,1651]
[0,100,220,689,1160,1314,1492,1651]
[0,100,220,689,749,1651]
[0,100,220,1402,1492,1651]
[0,749,1402,1651]
[0,100,220,801,958,1651]
[0,220,801,958,1651]
[0,749,801,1651]
[0,220,689,1160,1314,1492,1651]
[0,100,1651]
[0,100,220,749,801,958,1651]
[0,100,220,749,801,958,1160,1314,1651]
[0,1034,1402,1651]
[0,689,1314,1651]
[0,100,220,749,801,958,1034,1160,1314,1651]
[0,220,749,958,1402,1651]
[0,689,1402,1651]
[0,100,220,1402,1651]
[0,100,220,689,1651]
[0,100,220,801,1651]
[0,100,220,689,749,1402,1651]
[0,160,818,1402,1651]
[0,100,220,689,1314,1651]
[0,100,220,689,1402,1651]
[0,100,220,749,801,958,1314,1651]
[0,220,801,1651]
[0,220,1034,1651]
[0,220,801,958,1314,1651]
[0,1314,1651]
[0,801,1651]
[0,220,801,1314,1492,1651]
[0,100,220,1201,1651]
[0,1034,1651]
[0,220,749,1160,1402,1651]
[0,818,1402,1651]
[0,220,749,1402,1651]
[0,220,689,1314,1492,1651]
[0,220,801,958,1160,1314,1651]
[0,100,220,1651]
[0,220,689,1160,1314,1651]
[0,100,220,689,749,1402,1492,1651]
[0,100,220,801,958,1314,1651]
[0,100,220,801,958,1402,1651]
[0,100,220,689,1160,1314,1651]
[0,801,1314,1651]
[0,100,220,689,749,1160,1314,1492,1651]
[0,801,1402,1651]
[0,749,958,1201,1651]
[0,220,689,1651]
