[0,122,763,1419]
[0,391,641,763,927,1308,1419]
[0,641,1419]
[0,122,763,927,1308,1419]
[0,391,763,1097,1419]
[0,391,641,763,874,1034,1097,1308,1419]
[0,391,763,874,1034,1097,1308,1419]
[0,710,874,1419]
[0,391,763,927,1308,1419]
[0,391,641,763,862,927,1034,1097,1308,1419]
[0,763,1034,1419]
[0,391,763,874,1419]
[0,122,763,927,1034,1097,1419]
[0,122,763,927,1034,1308,1419]
[0,391,641,763,862,927,1034,1308,1419]
[0,763,927,1034,1097,1419]
[0,391,763,1097,1308,1419]
[0,710,983,1419]
[0,391,641,763,862,927,1034,1419]
[0,391,763,874,1097,1308,1419]
[0,763,927,1034,1419]
[0,122,763,1034,1419]
[0,122,391,641,763,862,927,1034,1419]
[0,763,874,1419]
[0,122,391,763,1034,1419]
[0,763,874,1034,1097,1419]
[0,391,641,763,927,1419]
[0,122,391,763,927,1034,1419]
[0,391,763,927,1034,1097,1419]
[0,122,391,641,763,927,1034,1419]
[0,763,874,1097,1419]
[0,391,763,927,1034,1308,1419]
[0,122,391,763,927,1034,1097,1308,1419]
[0,641,1034,1419]
[0,391,641,763,1097,1308,1419]
[0,122,763,927,1419]
[0,391,641,763,927,1034,1097,1308,1419]
[0,391,763,927,1419]
[0,122,391,763,927,1034,1308,1419]
[0,122,391,763,927,1419]
[0,122,391,641,763,927,1419]
[0,391,763,927,1034,1097,1308,1419]
[0,391,641,763,927,1034,1419]
[0,710,1034,1419]
[0,122,391,641,763,862,927,1034,1308,1419]
[0,122,763,927,1034,1419]
[0,122,391,763,927,1308,1419]
[0,122,391,641,763,927,1308,1419]
[0,391,763,1419]
[0,122,391,641,763,927,1034,1097,1308,1419]
[0,122,763,927,1034,1097,1308,1419]
[0,763,1419]
[0,763,1097,1419]
[0,391,641,763,1097,1419]
[0,710,983,1308,1419]
[0,122,391,641,763,862,927,1034,1097,1308,1419]
[0,391,641,763,874,1097,1308,1419]
[0,391,641,763,927,1034,1308,1419]
[0,391,763,1034,1419]
[0,710,1419]
[0,391,763,927,1034,1419]
[0,122,391,641,763,927,1034,1308,1419]
[0,763,927,1419]
[0,391,763,874,1034,1097,1419]
[0,391,763,874,1097,1419]
