[0,327,654,826,1249]
[0,211,930,1249]
[0,211,327,421,552,1105,1249]
[0,60,211,327,421,552,826,930,1105,1249]
[0,327,826,1105,1249]
[0,421,532,1105,1249]
[0,211,1249]
[0,783,1249]
[0,211,327,421,532,826,930,1105,1249]
[0,60,211,1105,1249]
[0,532,1249]
[0,327,826,930,1105,1249]
[0,211,532,826,1105,1249]
[0,211,327,552,826,930,1105,1249]
[0,60,1105,1249]
[0,60,211,327,421,532,826,1105,1249]
[0,327,421,532,1105,1249]
[0,552,1249]
[0,211,327,552,1105,1249]
[0,552,826,1249]
[0,552,826,930,1105,1249]
[0,60,211,327,421,532,826,930,1105,1249]
[0,60,211,391,552,826,930,1105,1249]
[0,211,552,826,1249]
[0,211,327,930,1105,1249]
[0,211,930,1105,1249]
[0,211,532,1105,1249]
[0,552,826,1105,1249]
[0,327,421,552,826,1105,1249]
[0,60,826,930,1105,1249]
[0,783,930,1105,1249]
[0,654,1105,1249]
[0,421,532,826,930,1105,1249]
[0,60,211,327,421,532,1105,1249]
[0,327,421,552,826,930,1105,1249]
[0,60,211,327,930,1105,1249]
[0,60,391,552,826,930,1105,1249]
[0,327,930,1105,1249]
[0,211,421,532,1105,1249]
[0,391,552,826,930,1105,1249]
[0,211,783,930,1249]
[0,1079,1249]
[0,211,552,1105,1249]
[0,60,211,327,421,1105,1249]
[0,327,421,1105,1249]
[0,211,327,654,826,1105,1249]
[0,826,1249]
[0,211,327,654,826,930,1105,1249]
[0,60,552,826,930,1105,1249]
[0,211,327,552,826,1105,1249]
[0,211,783,1249]
[0,60,211,327,826,930,1105,1249]
[0,211,327,826,930,1105,1249]
[0,211,327,1105,1249]
[0,60,783,930,1105,1249]
[0,327,421,532,826,1105,1249]
[0,60,1079,1249]
[0,211,327,421,552,826,930,1105,1249]
[0,327,421,552,1105,1249]
[0,211,552,826,1105,1249]
[0,211,327,826,1105,1249]
[0,327,654,826,1105,1249]
[0,391,552,1249]
[0,211,783,930,1105,1249]
[0,826,930,1105,1249]
[0,211,532,826,1249]
[0,60,211,327,421,552,1105,1249]
[0,60,211,327,654,826,930,1105,1249]
[0,532,826,1249]
[0,930,1105,1249]
[0,391,552,826,1249]
[0,211,391,552,826,1249]
[0,654,826,1105,1249]
[0,327,930,1249]
[0,60,211,327,421,552,826,1105,1249]
[0,211,391,552,826,1105,1249]
[0,211,391,552,826,930,1105,1249]
[0,391,1249]
[0,421,552,1105,1249]
[0,421,552,826,930,1105,1249]
[0,930,1249]
[0,211,327,421,552,826,1105,1249]
[0,211,421,532,826,930,1105,1249]
[0,532,1105,1249]
[0,211,327,421,532,1105,1249]
[0,391,552,1105,1249]
[0,654,826,1249]
[0,421,552,826,1105,1249]
[0,211,421,532,826,1105,1249]
[0,211,327,421,532,826,1105,1249]
[0,327,826,1249]
[0,60,211,930,1105,1249]
[0,327,1249]
[0,211,1105,1249]
[0,421,532,826,1105,1249]
[0,783,930,1249]
[0,532,826,1105,1249]
[0,532,826,930,1105,1249]
[0,211,552,1249]
[0,552,1105,1249]
[0,327,1105,1249]
[0,327,421,532,826,930,1105,1249]
[0,391,552,826,1105,1249]
[0,60,930,1105,1249]
[0,211,532,1249]
[0,654,1249]
[0,1105,1249]
[0,60,211,783,930,1105,1249]
[0,60,211,327,1105,1249]
[0,211,327,421,1105,1249]
