[0,1226,2867,3353]
[0,1730,2553,2868,3353]
[0,474,1730,2553,2868,3353]
[0,474,750,1730,2553,2868,3353]
[0,474,1226,1730,2868,3353]
[0,1226,1471,2553,2868,3353]
[0,474,1446,1837,2868,3353]
[0,474,750,2553,2868,3353]
[0,474,1730,2868,3353]
[0,1226,1471,3353]
[0,474,750,1226,1446,2405,2553,2868,3353]
[0,474,750,1226,1446,1837,2405,2553,2868,3353]
[0,1730,3353]
[0,1446,3353]
[0,1226,1730,2868,3353]
[0,474,1446,1837,3353]
[0,474,2553,2868,3353]
[0,749,1446,2553,3353]
[0,749,1446,2553,2868,3353]
[0,474,750,2553,2868,3197,3353]
[0,1226,2868,3353]
[0,1730,2868,3353]
[0,1226,1471,2553,3353]
[0,1446,2868,3353]
[0,474,1226,1446,2553,2868,3353]
[0,474,2868,3353]
[0,474,750,1226,1446,1837,2553,2868,3353]
[0,1226,1446,3353]
[0,474,1226,2868,3353]
[0,474,1446,1837,2553,2868,3353]
[0,474,750,3353]
[0,474,3353]
[0,749,1446,3353]
[0,474,750,2868,3353]
[0,474,750,1226,1730,2553,2868,3353]
[0,474,1446,2868,3353]
[0,1471,3353]
[0,2553,2868,3353]
[0,474,1446,2553,2868,3353]
[0,1226,3353]
[0,474,750,1226,1446,2553,2868,3353]
[0,474,1226,1730,2553,2868,3353]
[0,474,750,1226,1730,2553,2868,3197,3353]
[0,474,1446,2553,3353]
[0,2868,3353]
[0,474,750,1446,1837,2553,2868,3353]
[0,474,750,1446,2553,2868,3353]
[0,1446,2553,2868,3353]
[0,1471,2553,2868,3353]
[0,1226,1730,3353]
[0,1446,2553,3353]
[0,474,1730,3353]
[0,1471,2553,3353]
[0,474,1446,3353]
[0,1226,1446,2553,2868,3353]
[0,474,1226,2553,2868,3353]
[0,1226,1446,2553,3353]
