[0,558,1618,2824]
[0,1083,1662,2476,2824]
[0,992,1835,2476,2824]
[0,2018,2824]
[0,357,520,992,1835,2476,2824]
[0,1835,2824]
[0,520,992,1618,2824]
[0,992,2824]
[0,1782,2824]
[0,193,357,992,1835,2824]
[0,992,1662,2824]
[0,1280,2824]
[0,992,1618,2824]
[0,520,992,1618,2018,2824]
[0,992,2476,2824]
[0,357,520,992,1618,2018,2476,2824]
[0,193,357,520,992,1835,2476,2824]
[0,520,992,2018,2824]
[0,520,992,1618,2476,2824]
[0,193,357,520,992,1835,2824]
[0,992,1662,2476,2824]
[0,357,520,992,2018,2824]
[0,1083,1662,2824]
[0,334,520,992,2018,2824]
[0,992,1618,2476,2824]
[0,992,2018,2824]
[0,520,992,1618,2018,2476,2824]
[0,992,1618,2018,2824]
[0,357,520,992,1835,2824]
[0,520,992,1835,2824]
[0,193,357,992,1835,2476,2824]
[0,992,1618,2018,2476,2824]
[0,334,520,992,1835,2824]
[0,1114,1782,2824]
[0,1083,2476,2824]
[0,520,992,1835,2476,2824]
[0,1618,2824]
[0,992,1835,2824]
[0,1280,1618,2824]
[0,992,1280,2824]
[0,193,992,1835,2476,2824]
[0,357,520,992,1618,2018,2824]
[0,1083,2824]
[0,2476,2824]
[0,193,992,1835,2824]
[0,1280,1618,2476,2824]
[0,334,520,992,1835,2476,2824]
[0,1280,2476,2824]
