[0,491,659,1046]
[0,165,560,919,1046]
[0,165,510,659,755,919,1046]
[0,165,491,659,1046]
[0,510,710,1046]
[0,157,510,710,1046]
[0,165,560,659,1046]
[0,165,510,1046]
[0,165,491,659,755,915,1046]
[0,165,560,659,919,1046]
[0,165,491,755,915,1046]
[0,157,529,1046]
[0,165,510,659,1046]
[0,560,1046]
[0,560,659,1046]
[0,165,560,659,755,915,1046]
[0,529,1046]
[0,157,1046]
[0,510,659,1046]
[0,165,560,659,755,915,985,1046]
[0,165,560,659,919,985,1046]
[0,165,560,659,755,919,1046]
[0,165,491,755,1046]
[0,165,560,1046]
[0,491,755,1046]
[0,165,510,755,919,1046]
[0,165,510,755,1046]
[0,445,1046]
[0,165,560,659,915,985,1046]
[0,491,1046]
[0,165,506,560,659,755,919,985,1046]
[0,510,755,1046]
[0,60,491,985,1046]
[0,165,510,659,755,919,985,1046]
[0,165,560,659,755,919,985,1046]
[0,165,510,755,919,985,1046]
[0,165,491,755,915,985,1046]
[0,165,560,915,1046]
[0,491,985,1046]
[0,60,491,659,1046]
[0,60,491,1046]
[0,165,491,659,755,915,985,1046]
[0,165,491,659,755,1046]
[0,60,491,659,985,1046]
[0,165,510,710,1046]
[0,165,560,659,915,1046]
[0,510,1046]
[0,445,815,1046]
[0,491,659,985,1046]
