[0,624,1046]
[0,142,330,616,770,848,1046]
[0,330,616,770,1046]
[0,142,330,467,616,770,1046]
[0,142,1046]
[0,142,467,616,770,1046]
[0,142,411,913,1046]
[0,142,330,616,1046]
[0,142,330,467,624,848,913,1046]
[0,142,848,1046]
[0,76,142,330,616,770,848,913,1046]
[0,848,1046]
[0,142,616,770,1046]
[0,76,142,848,913,1046]
[0,142,411,657,1046]
[0,142,411,657,913,1046]
[0,142,330,624,1046]
[0,142,616,913,1046]
[0,76,142,330,467,616,770,848,1046]
[0,142,848,913,1046]
[0,142,616,770,848,1046]
[0,76,142,616,770,848,913,1046]
[0,142,330,467,616,770,848,1046]
[0,616,770,1046]
[0,142,330,1046]
[0,330,624,1046]
[0,76,142,848,1046]
[0,330,1046]
[0,76,142,330,467,616,1046]
[0,142,330,848,913,1046]
[0,142,467,616,770,848,1046]
[0,142,330,467,624,913,1046]
[0,76,142,330,467,616,770,848,913,1046]
[0,142,411,1046]
[0,330,848,1046]
[0,142,616,848,913,1046]
[0,849,1046]
[0,76,142,330,1046]
[0,411,913,1046]
[0,76,142,330,616,770,848,1046]
[0,76,142,616,1046]
[0,142,330,616,848,913,1046]
[0,142,330,913,1046]
[0,142,330,467,616,1046]
[0,330,616,1046]
[0,76,142,1046]
[0,142,411,467,616,770,848,913,1046]
[0,411,657,1046]
[0,142,467,616,770,848,913,1046]
[0,142,330,616,913,1046]
[0,76,142,616,770,848,1046]
[0,142,330,616,770,1046]
[0,848,913,1046]
[0,142,616,1046]
[0,142,616,770,848,913,1046]
[0,142,330,411,616,848,913,1046]
[0,142,849,1046]
[0,913,1046]
[0,142,330,467,624,1046]
[0,616,1046]
[0,411,1046]
[0,142,330,411,616,913,1046]
[0,76,142,330,467,616,770,1046]
[0,76,142,616,848,913,1046]
[0,76,142,330,467,1046]
[0,467,616,770,1046]
[0,142,330,467,1046]
[0,76,142,616,770,1046]
[0,76,142,616,913,1046]
