[0,573,746,1338,1585,2019]
[0,422,746,1338,1585,2019]
[0,156,319,422,1016,1951,2019]
[0,319,422,746,1021,1338,1585,1951,2019]
[0,91,198,397,1016,2019]
[0,156,1338,1585,2019]
[0,319,422,1648,1951,2019]
[0,156,319,422,813,1016,1645,1951,2019]
[0,1645,2019]
[0,156,319,422,746,1021,1338,1585,1648,1951,2019]
[0,375,2019]
[0,1338,1585,1951,2019]
[0,91,198,1016,1951,2019]
[0,156,319,422,1280,1585,1951,2019]
[0,156,422,746,1338,1585,2019]
[0,573,746,1021,1338,1585,2019]
[0,422,746,1021,1585,2019]
[0,319,422,746,1338,1585,1648,1951,2019]
[0,319,422,1338,1585,2019]
[0,813,1016,1645,2019]
[0,375,1585,2019]
[0,319,1648,2019]
[0,319,1016,1645,2019]
[0,91,1016,1951,2019]
[0,319,813,1016,1645,2019]
[0,746,2019]
[0,156,422,746,1338,1585,1951,2019]
[0,319,1016,2019]
[0,319,422,1951,2019]
[0,422,746,1338,2019]
[0,319,746,1021,1585,2019]
[0,319,422,746,1021,1338,1585,1648,1951,2019]
[0,156,1338,1585,1951,2019]
[0,319,746,1338,2019]
[0,319,422,1585,1648,2019]
[0,156,319,813,1016,1645,2019]
[0,1648,2019]
[0,156,2019]
[0,746,1021,2019]
[0,1280,2019]
[0,156,319,422,813,1016,2019]
[0,319,1338,1585,1951,2019]
[0,91,1016,2019]
[0,422,1338,1585,2019]
[0,156,319,1016,2019]
[0,91,573,746,1021,1338,1585,1951,2019]
[0,91,1338,1585,1951,2019]
[0,156,1280,1951,2019]
[0,422,1338,1585,1951,2019]
[0,156,319,422,813,1016,1951,2019]
[0,156,319,422,1951,2019]
[0,91,746,1338,1585,1951,2019]
[0,156,319,1280,1585,2019]
[0,422,746,1021,1338,1585,2019]
[0,319,1338,2019]
[0,156,319,422,2019]
[0,319,746,1021,1338,1585,2019]
[0,156,813,1016,1951,2019]
[0,156,813,1016,1645,2019]
[0,319,1338,1585,1648,1951,2019]
[0,91,573,746,1021,1338,1585,2019]
[0,1338,2019]
[0,1021,2019]
[0,746,1021,1585,2019]
[0,156,1016,2019]
[0,319,1280,2019]
[0,319,1338,1585,2019]
[0,198,397,1016,2019]
[0,319,746,1338,1585,2019]
[0,319,422,746,1338,1585,1951,2019]
[0,319,1951,2019]
[0,813,1645,2019]
[0,948,2019]
[0,91,1338,1585,2019]
[0,319,422,1280,1585,1951,2019]
[0,91,573,746,1338,1585,1951,2019]
[0,319,422,1280,1585,1648,1951,2019]
[0,1338,1585,2019]
[0,156,319,422,813,1016,1645,2019]
[0,746,1021,1338,1585,2019]
[0,1016,2019]
[0,1585,1648,2019]
[0,319,1280,1585,2019]
[0,91,746,1338,1585,2019]
[0,156,948,1280,2019]
[0,397,2019]
[0,91,2019]
[0,91,573,746,1338,1585,2019]
[0,156,422,746,1021,1338,1585,2019]
[0,319,422,1648,2019]
[0,1585,2019]
[0,198,1016,2019]
[0,319,813,1016,2019]
[0,319,1021,2019]
[0,319,422,1585,1648,1951,2019]
[0,91,198,397,1016,1951,2019]
[0,91,198,397,1016,1645,2019]
[0,198,2019]
[0,319,1338,1585,1648,2019]
[0,156,319,813,1016,2019]
[0,319,2019]
[0,948,1280,2019]
[0,422,1585,2019]
[0,422,1021,1585,2019]
[0,319,422,746,1021,1338,1585,2019]
[0,156,1016,1951,2019]
[0,156,1280,2019]
[0,156,319,422,746,1021,1338,1585,1951,2019]
[0,198,397,2019]
[0,91,1338,2019]
[0,91,198,2019]
[0,198,397,1016,1645,2019]
[0,91,198,397,1016,1645,1951,2019]
[0,1338,1585,1648,2019]
[0,746,1338,1585,2019]
[0,319,422,1338,1585,1951,2019]
[0,397,1016,1645,2019]
[0,156,319,422,1280,1585,1648,1951,2019]
[0,156,319,422,1016,2019]
[0,319,1280,1951,2019]
[0,397,1016,2019]
[0,319,1585,1648,2019]
[0,319,1585,2019]
[0,813,2019]
[0,91,1951,2019]
[0,156,422,746,1021,1338,1585,1951,2019]
[0,156,746,1338,1585,2019]
[0,319,1021,1585,2019]
[0,1016,1645,2019]
[0,319,422,1338,1585,1648,1951,2019]
[0,156,1338,2019]
[0,1280,1585,2019]
[0,156,1280,1585,2019]
[0,156,319,2019]
[0,156,948,1280,1951,2019]
[0,1021,1585,2019]
[0,319,422,2019]
[0,156,319,422,746,1021,1338,1585,2019]
[0,156,319,422,1280,1585,2019]
[0,813,1016,2019]
[0,156,813,1016,2019]
[0,156,746,1338,1585,1951,2019]
[0,91,198,1016,2019]
[0,319,422,746,1338,1585,2019]
[0,156,813,1016,1645,1951,2019]
[0,319,422,1585,2019]
[0,91,198,397,2019]
[0,746,1338,2019]
[0,156,1951,2019]
[0,319,422,1280,1585,2019]
