[0,344,639,1084,1249]
[0,142,508,859,993,1249]
[0,256,508,859,1124,1249]
[0,93,639,883,993,1084,1249]
[0,142,344,508,859,993,1124,1249]
[0,256,604,1249]
[0,508,859,1249]
[0,93,213,344,508,859,993,1124,1249]
[0,93,256,508,883,1084,1249]
[0,344,508,859,993,1249]
[0,344,508,993,1084,1249]
[0,142,344,508,859,1249]
[0,816,1249]
[0,93,883,993,1084,1249]
[0,344,508,859,993,1124,1249]
[0,344,639,883,1249]
[0,93,639,1084,1249]
[0,256,604,859,1249]
[0,93,213,344,508,883,1084,1249]
[0,142,639,859,1249]
[0,142,639,859,993,1249]
[0,213,344,508,1084,1249]
[0,256,508,859,1249]
[0,93,344,508,1084,1249]
[0,344,508,1084,1249]
[0,256,508,859,993,1124,1249]
[0,1084,1249]
[0,93,213,256,508,859,993,1124,1249]
[0,639,859,1249]
[0,213,344,508,883,1084,1249]
[0,256,508,883,1084,1249]
[0,93,213,344,508,1084,1249]
[0,344,639,1249]
[0,213,256,508,1084,1249]
[0,93,256,508,1084,1249]
[0,344,883,1249]
[0,213,344,508,859,993,1249]
[0,93,344,508,883,993,1084,1249]
[0,93,213,256,508,883,993,1084,1249]
[0,639,883,1249]
[0,256,508,859,993,1249]
[0,256,508,883,993,1084,1249]
[0,344,1249]
[0,93,344,508,859,993,1124,1249]
[0,93,256,508,883,993,1084,1249]
[0,993,1084,1249]
[0,142,859,1249]
[0,142,639,859,1124,1249]
[0,508,1084,1249]
[0,256,816,1084,1249]
[0,142,639,859,1084,1249]
[0,93,344,639,1084,1249]
[0,344,508,883,993,1084,1249]
[0,93,213,256,344,508,883,993,1084,1249]
[0,344,508,883,1084,1249]
[0,142,344,508,859,993,1249]
[0,93,344,639,883,1084,1249]
[0,93,344,508,883,1084,1249]
[0,93,993,1084,1249]
[0,256,604,1084,1249]
[0,256,1084,1249]
[0,93,213,344,508,883,993,1084,1249]
[0,344,639,883,1084,1249]
[0,142,639,1084,1249]
[0,142,508,1249]
[0,93,639,883,1084,1249]
[0,508,883,1249]
[0,256,508,1084,1249]
[0,93,213,256,508,993,1084,1249]
[0,93,213,256,344,508,859,993,1124,1249]
[0,508,1249]
[0,93,1084,1249]
[0,256,508,993,1084,1249]
[0,639,1084,1249]
[0,508,883,1084,1249]
[0,142,639,859,993,1124,1249]
[0,256,859,1249]
[0,93,883,1084,1249]
[0,639,883,1084,1249]
[0,142,508,859,1124,1249]
[0,93,213,256,508,1084,1249]
[0,256,508,883,1249]
[0,93,256,508,859,1124,1249]
[0,213,344,508,859,993,1124,1249]
[0,93,213,256,508,859,1249]
[0,142,508,859,993,1124,1249]
[0,142,1084,1249]
[0,93,256,508,993,1084,1249]
[0,639,859,1084,1249]
[0,93,256,508,859,993,1124,1249]
[0,256,604,859,1084,1249]
[0,142,1249]
[0,604,1249]
[0,344,508,859,1249]
[0,859,1249]
[0,93,256,508,859,1249]
[0,344,508,859,1124,1249]
[0,256,508,1249]
[0,93,213,256,508,859,1124,1249]
[0,639,1249]
[0,256,1249]
[0,883,1084,1249]
[0,213,256,508,859,1249]
[0,883,1249]
[0,142,508,859,1249]
[0,256,816,1249]
