[0,764,1110,1419]
[0,129,672,764,1110,1419]
[0,151,764,1110,1242,1419]
[0,151,590,672,764,1110,1242,1419]
[0,151,471,764,1110,1242,1419]
[0,672,1110,1419]
[0,672,1419]
[0,129,615,672,764,1110,1419]
[0,151,672,1110,1419]
[0,216,764,1419]
[0,471,764,1110,1419]
[0,764,1419]
[0,216,1419]
[0,151,1110,1419]
[0,615,1419]
[0,129,471,672,764,1110,1419]
[0,151,471,764,1110,1419]
[0,151,672,764,1110,1419]
[0,129,471,615,672,764,1110,1419]
[0,615,1110,1419]
[0,129,764,1110,1419]
[0,672,764,1110,1419]
[0,151,764,1110,1419]
[0,151,1419]
[0,151,672,764,1110,1242,1419]
[0,129,471,764,1110,1419]
[0,216,764,1110,1419]
[0,216,615,672,764,1110,1419]
[0,216,672,764,1110,1419]
[0,1110,1419]
