[0,948,2019]
[0,163,948,1291,1889,2019]
[0,432,525,828,1031,2019]
[0,432,1889,2019]
[0,163,828,1820,2019]
[0,509,828,1031,1248,2019]
[0,509,828,1031,1248,1430,1889,2019]
[0,382,534,828,1031,1889,2019]
[0,432,948,1291,2019]
[0,382,534,828,1031,1248,1430,2019]
[0,525,828,1031,1291,1423,2019]
[0,828,1423,2019]
[0,828,1031,1248,2019]
[0,1291,2019]
[0,828,1031,1248,1430,1889,2019]
[0,163,1291,1889,2019]
[0,534,828,1031,1248,1430,2019]
[0,1031,2019]
[0,432,948,1291,1889,2019]
[0,163,509,828,1031,1248,1430,1889,2019]
[0,828,1031,1248,1889,2019]
[0,828,1291,2019]
[0,432,2019]
[0,525,828,2019]
[0,509,828,1031,2019]
[0,163,1291,2019]
[0,382,534,828,1031,1248,1430,1889,2019]
[0,828,1031,2019]
[0,525,828,1423,2019]
[0,382,534,828,1031,1248,2019]
[0,1889,2019]
[0,525,828,1031,2019]
[0,163,509,828,1031,1889,2019]
[0,828,2019]
[0,534,828,2019]
[0,525,828,1031,1423,2019]
[0,432,525,828,1031,1291,1423,2019]
[0,534,828,1031,1248,2019]
[0,432,525,828,1031,1423,2019]
[0,534,828,1031,2019]
[0,382,534,828,1031,1248,1889,2019]
[0,509,828,1248,2019]
[0,432,1291,2019]
[0,828,1248,2019]
[0,828,1031,1423,2019]
[0,509,828,1031,1889,2019]
[0,163,1889,2019]
[0,163,2019]
[0,163,509,828,1031,1248,1430,2019]
[0,163,509,828,1031,2019]
[0,509,828,2019]
[0,163,828,2019]
[0,948,1291,2019]
[0,432,1291,1889,2019]
[0,828,1820,2019]
[0,828,1031,1291,1423,2019]
[0,382,534,828,1031,2019]
[0,432,1031,2019]
[0,828,1031,1889,2019]
[0,163,948,1291,2019]
[0,534,828,1248,2019]
[0,509,828,1031,1248,1430,2019]
[0,828,1031,1248,1430,2019]
