[0,103,202,337,541,593,1021,1180]
[0,103,202,337,476,570,801,903,1021,1113,1180]
[0,337,1021,1180]
[0,103,337,462,801,974,1180]
[0,103,202,337,476,570,801,903,1021,1180]
[0,462,801,974,1180]
[0,103,202,337,751,1021,1113,1180]
[0,103,337,751,1021,1180]
[0,103,462,974,1180]
[0,337,541,801,1021,1180]
[0,103,337,974,1180]
[0,103,801,1021,1180]
[0,103,337,801,974,1180]
[0,462,974,1180]
[0,103,202,337,541,593,801,903,1021,1113,1180]
[0,103,202,337,476,1021,1180]
[0,945,1180]
[0,103,337,541,801,1021,1180]
[0,337,945,1180]
[0,337,801,1021,1180]
[0,541,1021,1180]
[0,337,1180]
[0,103,337,476,801,903,1021,1180]
[0,103,751,1180]
[0,103,202,337,751,1021,1180]
[0,103,337,541,903,1180]
[0,103,462,801,974,1180]
[0,103,202,337,541,1180]
[0,476,1021,1180]
[0,103,202,337,541,801,974,1113,1180]
[0,337,751,1180]
[0,103,202,337,541,593,801,903,1180]
[0,337,476,1021,1180]
[0,801,1180]
[0,103,202,337,476,751,801,903,1021,1113,1180]
[0,103,202,337,541,593,801,974,1113,1180]
[0,103,202,337,801,974,1180]
[0,337,541,974,1180]
[0,476,801,1021,1180]
[0,103,1180]
[0,589,945,1180]
[0,103,202,337,476,1021,1113,1180]
[0,103,202,337,476,801,1021,1113,1180]
[0,103,202,337,751,801,974,1180]
[0,103,337,546,801,1021,1180]
[0,103,541,801,1021,1180]
[0,546,801,1180]
[0,541,974,1180]
[0,103,202,337,541,801,903,1021,1113,1180]
[0,103,337,1021,1180]
[0,337,541,751,945,1180]
[0,103,202,337,541,1075,1180]
[0,103,337,801,1021,1180]
[0,103,202,337,1021,1113,1180]
[0,103,202,337,541,903,1180]
[0,337,541,751,1180]
[0,337,541,751,945,1075,1180]
[0,103,202,974,1180]
[0,103,202,337,801,903,1021,1180]
[0,103,337,476,801,1021,1180]
[0,103,202,337,476,801,1021,1180]
[0,103,1075,1180]
[0,103,903,1180]
[0,103,202,337,462,974,1180]
[0,103,337,476,1021,1180]
[0,103,337,541,945,1075,1180]
[0,103,202,337,476,801,903,1021,1180]
[0,103,202,337,541,593,1021,1113,1180]
[0,903,1180]
[0,103,202,337,801,1021,1180]
[0,337,903,1180]
[0,103,202,337,476,570,751,801,903,1021,1113,1180]
[0,337,541,1021,1180]
[0,546,1180]
[0,337,476,801,1021,1180]
[0,103,202,337,541,801,903,1180]
[0,103,337,1180]
[0,103,202,337,751,801,1021,1180]
[0,103,541,974,1180]
[0,103,476,1021,1180]
[0,541,1075,1180]
[0,103,541,1180]
[0,103,202,1021,1180]
[0,337,546,801,1180]
[0,103,202,801,1021,1180]
[0,103,337,541,801,903,1180]
[0,337,541,1180]
[0,103,337,541,1021,1180]
[0,103,476,801,903,1021,1180]
[0,202,589,945,1180]
[0,337,546,801,1021,1180]
[0,103,202,337,751,801,1021,1113,1180]
[0,103,202,337,903,1180]
[0,103,202,337,541,801,1021,1113,1180]
[0,103,541,1021,1180]
[0,103,337,541,974,1180]
[0,103,751,801,1180]
[0,751,1021,1180]
[0,103,202,337,462,801,974,1113,1180]
[0,103,337,541,801,903,1021,1180]
[0,103,202,337,541,593,801,974,1180]
[0,103,202,337,541,593,801,1021,1113,1180]
[0,476,1180]
[0,103,337,903,1180]
[0,103,202,337,751,801,903,1021,1113,1180]
[0,103,751,801,1021,1180]
[0,103,202,337,1021,1180]
[0,103,541,801,903,1180]
[0,103,202,337,462,801,974,1180]
[0,103,337,801,903,1021,1180]
[0,541,801,1021,1180]
[0,1021,1180]
[0,103,801,1180]
[0,103,541,1075,1180]
[0,103,202,337,541,974,1180]
[0,103,202,337,801,1021,1113,1180]
[0,103,202,337,462,751,801,974,1180]
[0,103,202,337,541,801,1021,1180]
[0,103,801,903,1180]
[0,103,541,801,903,1021,1180]
[0,337,546,1021,1180]
[0,103,202,751,801,1021,1180]
[0,103,751,801,974,1180]
[0,337,801,1180]
[0,337,541,1075,1180]
[0,103,546,801,1021,1180]
[0,103,202,337,974,1180]
[0,103,337,541,1180]
[0,103,541,903,1180]
[0,589,1180]
[0,337,541,945,1180]
[0,546,1021,1180]
[0,103,974,1180]
[0,541,801,974,1180]
[0,546,801,1021,1180]
[0,541,903,1180]
[0,103,801,903,1021,1180]
[0,974,1180]
[0,1075,1180]
[0,337,541,903,1180]
[0,103,202,337,541,593,1180]
[0,103,202,337,541,593,974,1180]
[0,337,974,1180]
[0,103,546,1021,1180]
[0,103,202,337,541,801,974,1180]
[0,337,462,974,1180]
[0,801,1021,1180]
[0,103,202,337,541,801,903,1021,1180]
[0,103,541,801,974,1180]
[0,337,541,801,1180]
[0,103,202,751,801,974,1180]
[0,103,202,337,476,801,903,1021,1113,1180]
[0,103,751,1021,1180]
[0,103,202,801,974,1180]
[0,103,337,541,751,945,1075,1180]
[0,751,1180]
[0,337,462,801,974,1180]
[0,103,202,337,801,903,1021,1113,1180]
[0,541,801,1180]
[0,337,541,801,974,1180]
[0,103,337,541,1075,1180]
[0,103,202,337,541,1021,1180]
[0,337,751,1021,1180]
[0,103,202,337,541,1021,1113,1180]
[0,103,801,974,1180]
[0,103,202,337,1180]
[0,476,801,1180]
[0,103,337,541,801,974,1180]
[0,103,202,337,462,751,801,974,1113,1180]
[0,541,1180]
[0,337,801,974,1180]
[0,103,1021,1180]
[0,462,1180]
[0,337,546,1180]
[0,103,476,801,1021,1180]
[0,103,337,462,974,1180]
[0,337,541,945,1075,1180]
[0,103,202,1180]
[0,801,974,1180]
