[0,1508,2224,3681,4285]
[0,806,2016,3304,4239,4285]
[0,806,2016,4285]
[0,178,806,2129,3304,4239,4285]
[0,2129,3304,4285]
[0,2196,3681,4285]
[0,67,806,2016,4285]
[0,2224,3140,4239,4285]
[0,806,2016,3304,4285]
[0,67,806,1508,2068,3304,4239,4285]
[0,2224,3681,4285]
[0,178,806,2224,3304,4285]
[0,178,806,2224,4285]
[0,2068,4285]
[0,2224,4285]
[0,67,806,2016,2925,3304,4239,4285]
[0,178,806,2129,4285]
[0,806,2129,2925,3304,4285]
[0,806,2068,4285]
[0,806,2224,4285]
[0,178,806,2224,4239,4285]
[0,728,1508,2224,3681,4285]
[0,178,806,2224,3304,4239,4285]
[0,806,2129,4285]
[0,806,1508,2068,3304,4285]
[0,2129,4285]
[0,728,1508,2224,3236,3681,4285]
[0,178,806,2129,4239,4285]
[0,67,806,1508,2068,3304,4285]
[0,67,2068,4239,4285]
[0,67,806,2016,4239,4285]
[0,728,1508,2224,4285]
[0,806,2016,3679,4285]
[0,806,2016,2925,3304,4285]
[0,67,806,2068,3304,4239,4285]
[0,2925,4285]
[0,2925,3304,4285]
[0,2068,4239,4285]
[0,2224,3140,4285]
[0,4239,4285]
[0,67,806,2016,2925,3304,4285]
[0,1508,2224,3140,4239,4285]
[0,67,2068,4285]
[0,2196,4285]
[0,67,806,2068,4285]
[0,2224,2925,3304,4285]
[0,728,2224,3140,4285]
[0,2016,3304,4285]
[0,2016,4239,4285]
[0,2129,4239,4285]
[0,178,806,2129,2925,3304,4239,4285]
[0,178,806,2129,2925,3304,4285]
[0,178,806,2224,2925,3304,4285]
[0,2224,3304,4285]
[0,806,2016,4239,4285]
[0,728,1508,2224,3140,4285]
[0,1508,2068,3304,4285]
[0,178,2224,4239,4285]
[0,1508,2068,4285]
[0,1508,2224,4285]
[0,1508,2224,3140,4285]
[0,178,2224,4285]
[0,67,806,2016,3304,4239,4285]
[0,178,806,2129,3304,4285]
[0,178,2129,4285]
[0,67,806,2016,3304,4285]
[0,67,2016,4239,4285]
[0,2224,4239,4285]
[0,806,2224,2925,3304,4285]
[0,178,2129,4239,4285]
[0,728,2224,4285]
[0,806,2224,3304,4285]
[0,728,1508,2224,3140,4239,4285]
[0,2016,3679,4285]
[0,806,2068,3304,4285]
[0,806,2129,3304,4285]
[0,67,806,2068,3304,4285]
[0,67,2016,4285]
[0,2068,3304,4285]
[0,67,806,2068,4239,4285]
[0,178,806,2224,2925,3304,4239,4285]
[0,2016,4285]
