[0,373,814,941,1180]
[0,97,373,693,835,1180]
[0,97,373,814,941,1180]
[0,309,373,775,835,1180]
[0,775,835,1180]
[0,373,775,821,1180]
[0,373,693,814,941,1180]
[0,97,309,373,693,814,941,1180]
[0,941,1180]
[0,309,373,775,1180]
[0,373,1180]
[0,835,1180]
[0,309,373,693,775,835,1180]
[0,309,373,814,871,1180]
[0,814,871,1180]
[0,309,373,693,835,1180]
[0,97,373,693,1180]
[0,97,309,373,693,835,1180]
[0,97,373,814,1180]
[0,309,373,814,1180]
[0,309,373,775,821,1180]
[0,97,373,693,821,1180]
[0,693,835,1180]
[0,775,821,1180]
[0,97,309,373,814,941,1180]
[0,775,1180]
[0,309,373,814,941,1180]
[0,309,373,1180]
[0,814,941,1180]
[0,97,309,373,693,775,835,1180]
[0,821,1180]
[0,373,775,1180]
[0,309,373,693,775,821,1180]
[0,373,693,835,1180]
[0,373,693,1180]
[0,97,373,693,814,941,1180]
[0,97,309,373,693,821,1180]
[0,373,814,871,1180]
[0,814,1180]
[0,373,814,1180]
[0,693,1180]
[0,97,309,373,693,775,821,1180]
[0,373,775,835,1180]
[0,309,373,693,821,1180]
[0,693,821,1180]
[0,373,693,821,1180]
[0,871,1180]
