[0,1686,2542,2956]
[0,570,1686,1920,2209,2542,2956]
[0,854,2267,2956]
[0,116,570,855,2209,2542,2956]
[0,570,899,2338,2956]
[0,116,570,1920,2209,2956]
[0,570,899,2338,2542,2956]
[0,1920,2209,2542,2956]
[0,1920,2956]
[0,2209,2542,2956]
[0,570,2209,2956]
[0,570,855,1686,1920,2209,2542,2956]
[0,116,570,2209,2956]
[0,570,899,2209,2542,2956]
[0,570,1686,2542,2956]
[0,570,855,2209,2542,2956]
[0,2338,2956]
[0,2032,2956]
[0,570,899,2542,2956]
[0,2150,2542,2956]
[0,570,2338,2542,2956]
[0,116,570,899,1920,2209,2542,2956]
[0,570,899,1920,2209,2542,2956]
[0,570,1920,2209,2956]
[0,570,899,2956]
[0,570,899,1920,2338,2956]
[0,854,2956]
[0,570,2956]
[0,1686,1920,2361,2542,2956]
[0,2267,2956]
[0,2542,2956]
[0,116,570,1920,2209,2542,2956]
[0,570,2338,2956]
[0,1686,2956]
[0,570,2209,2542,2956]
[0,1686,1920,2209,2542,2956]
[0,570,2032,2956]
[0,1686,1920,2542,2956]
[0,1920,2361,2542,2956]
[0,570,1686,1920,2542,2956]
[0,1920,2542,2956]
[0,570,855,1920,2209,2542,2956]
[0,116,570,1686,1920,2209,2542,2956]
[0,116,570,2956]
[0,116,570,855,1686,1920,2209,2542,2956]
[0,570,1920,2338,2956]
[0,570,899,1920,2338,2542,2956]
[0,570,2267,2956]
[0,570,2542,2956]
[0,2209,2956]
[0,116,854,2267,2956]
[0,2338,2542,2956]
[0,570,1686,2956]
[0,2361,2542,2956]
[0,570,1686,1920,2361,2542,2956]
[0,116,570,2209,2542,2956]
[0,570,1920,2209,2542,2956]
