[0,153,751,987,1232,1412,1754,2020]
[0,401,859,1412,1754,2020]
[0,153,573,987,1232,1412,1754,2020]
[0,153,401,573,1232,1412,1754,2020]
[0,153,401,573,859,1232,1412,1754,2020]
[0,401,573,987,1232,1412,1754,2020]
[0,751,1412,1754,2020]
[0,401,859,1412,2020]
[0,153,573,859,1232,1412,1754,2020]
[0,153,751,2020]
[0,401,751,987,1232,1412,1754,2020]
[0,859,1412,1754,2020]
[0,751,987,1232,1412,1754,2020]
[0,401,1232,1412,1754,2020]
[0,987,1412,2020]
[0,153,1754,2020]
[0,153,573,866,1232,1412,1754,2020]
[0,153,859,1232,1412,1754,2020]
[0,573,859,1232,1412,1754,2020]
[0,401,859,1232,1412,1754,2020]
[0,508,2020]
[0,751,1412,2020]
[0,508,1273,1754,2020]
[0,401,573,859,1232,1412,1754,2020]
[0,1232,1412,2020]
[0,573,859,1412,1754,2020]
[0,153,573,1754,2020]
[0,751,987,1412,1754,2020]
[0,401,866,1412,1754,2020]
[0,153,751,859,987,1232,1412,1754,2020]
[0,153,987,1232,1412,1754,2020]
[0,401,573,751,987,1232,1412,1754,2020]
[0,401,987,1412,2020]
[0,153,2020]
[0,573,866,1232,1412,1754,2020]
[0,987,1412,1754,2020]
[0,866,1232,1412,1754,2020]
[0,1273,1754,2020]
[0,153,401,751,866,1232,1412,1754,2020]
[0,401,751,1412,2020]
[0,866,1412,1754,2020]
[0,1412,2020]
[0,153,401,573,751,866,1232,1412,1754,2020]
[0,401,751,1412,1754,2020]
[0,1273,2020]
[0,401,751,1232,1412,1754,2020]
[0,573,1403,2020]
[0,401,987,1232,1412,1754,2020]
[0,401,751,987,1412,1754,2020]
[0,153,401,573,751,859,987,1232,1412,1754,2020]
[0,751,1232,1412,1754,2020]
[0,153,401,573,751,859,1232,1412,1754,2020]
[0,573,866,1412,2020]
[0,153,751,866,1232,1412,1754,2020]
[0,573,2020]
[0,153,751,1412,2020]
[0,751,2020]
[0,401,2020]
[0,573,987,1412,2020]
[0,573,866,1412,1754,2020]
[0,401,866,1412,2020]
[0,866,1412,2020]
[0,153,401,751,859,987,1232,1412,1754,2020]
[0,153,401,573,987,1232,1412,1754,2020]
[0,508,1273,2020]
[0,573,1412,1754,2020]
[0,1754,2020]
[0,401,573,866,1232,1412,1754,2020]
[0,153,508,1273,1754,2020]
[0,401,573,1232,1412,1754,2020]
[0,153,866,1232,1412,1754,2020]
[0,153,401,751,1232,1412,1754,2020]
[0,153,1232,2020]
[0,153,401,751,859,1232,1412,1754,2020]
[0,573,859,1412,2020]
[0,987,1232,1412,1754,2020]
[0,859,1232,1412,1754,2020]
[0,573,1754,2020]
[0,1412,1754,2020]
[0,153,401,751,987,1232,1412,1754,2020]
[0,573,1232,1412,1754,2020]
[0,401,987,1412,1754,2020]
[0,573,987,1232,1412,1754,2020]
[0,1232,1412,1754,2020]
[0,1232,2020]
[0,153,508,1754,2020]
[0,153,751,1232,1412,1754,2020]
[0,153,1232,1412,1754,2020]
[0,153,401,573,866,1232,1412,1754,2020]
[0,401,1412,2020]
[0,859,1412,2020]
[0,751,859,1232,1412,1754,2020]
[0,401,866,1232,1412,1754,2020]
[0,153,573,1232,1412,1754,2020]
[0,573,987,1412,1754,2020]
[0,153,751,859,1232,1412,1754,2020]
[0,508,1754,2020]
[0,153,401,573,751,987,1232,1412,1754,2020]
[0,153,1273,1754,2020]
[0,401,1412,1754,2020]
[0,1403,2020]
[0,573,1412,2020]
[0,153,573,2020]
[0,401,751,2020]
