[0,379,1657,1911]
[0,629,969,1834,1911]
[0,673,948,1834,1911]
[0,969,1499,1911]
[0,379,1472,1657,1911]
[0,379,537,948,1657,1911]
[0,1204,1911]
[0,1061,1454,1911]
[0,437,575,948,1061,1911]
[0,948,1139,1472,1911]
[0,1657,1911]
[0,379,537,1204,1472,1657,1911]
[0,948,1061,1454,1861,1911]
[0,379,537,948,1139,1834,1911]
[0,575,1061,1657,1911]
[0,629,969,1911]
[0,437,575,948,1061,1454,1657,1911]
[0,948,1911]
[0,948,1061,1454,1911]
[0,379,537,948,1139,1911]
[0,379,537,1657,1911]
[0,437,575,673,948,1061,1911]
[0,673,948,1061,1454,1861,1911]
[0,673,948,1061,1454,1911]
[0,948,1834,1911]
[0,437,575,1061,1911]
[0,379,537,948,1911]
[0,379,537,1657,1861,1911]
[0,673,1061,1454,1911]
[0,948,1061,1861,1911]
[0,1861,1911]
[0,1454,1911]
[0,629,948,1834,1911]
[0,437,629,948,1139,1834,1911]
[0,379,1204,1657,1911]
[0,437,575,1061,1454,1657,1911]
[0,437,575,1061,1657,1911]
[0,948,1472,1911]
[0,1834,1911]
[0,437,575,673,1061,1861,1911]
[0,629,948,1911]
[0,673,948,1139,1911]
[0,437,575,673,948,1061,1454,1657,1861,1911]
[0,575,1061,1454,1657,1911]
[0,437,575,673,1061,1454,1657,1911]
[0,379,1204,1911]
[0,379,537,1911]
[0,379,948,1139,1657,1911]
[0,537,969,1834,1911]
[0,537,969,1499,1911]
[0,673,948,1139,1472,1834,1911]
[0,437,629,948,1139,1911]
[0,379,948,1139,1911]
[0,1061,1911]
[0,379,1204,1472,1657,1911]
[0,437,629,948,1834,1911]
[0,537,969,1911]
[0,673,948,1911]
[0,575,1061,1911]
[0,948,1861,1911]
[0,1472,1911]
[0,948,1454,1911]
[0,379,537,1204,1472,1657,1861,1911]
[0,673,948,1061,1911]
[0,379,948,1911]
[0,379,537,948,1657,1861,1911]
[0,673,948,1139,1834,1911]
[0,437,575,673,1061,1911]
[0,379,537,1472,1657,1911]
[0,437,575,673,948,1061,1454,1657,1911]
[0,673,948,1472,1911]
[0,437,575,673,1061,1657,1911]
[0,673,948,1454,1911]
[0,673,948,1139,1472,1911]
[0,379,948,1657,1911]
[0,437,629,948,1911]
[0,379,537,948,1139,1657,1911]
[0,948,1061,1911]
[0,969,1834,1911]
[0,379,537,948,1834,1911]
[0,673,948,1861,1911]
[0,969,1911]
[0,437,575,673,948,1061,1861,1911]
[0,673,1061,1911]
[0,379,1911]
[0,379,537,948,1139,1657,1861,1911]
[0,379,537,1834,1911]
[0,379,537,1472,1657,1861,1911]
