[0,120,348,993,2956]
[0,348,746,992,2014,2205,2956]
[0,746,2205,2956]
[0,348,746,992,2205,2956]
[0,120,348,2956]
[0,120,348,993,1338,2956]
[0,120,348,997,2956]
[0,746,992,2956]
[0,746,993,1338,2014,2956]
[0,1338,2014,2956]
[0,348,746,993,1338,2014,2956]
[0,348,746,993,1338,2956]
[0,120,348,746,2956]
[0,120,348,746,992,2956]
[0,120,348,444,746,993,1338,2956]
[0,668,2956]
[0,992,2205,2956]
[0,348,746,2041,2956]
[0,2041,2956]
[0,746,992,2205,2956]
[0,348,1338,2014,2956]
[0,120,348,992,2956]
[0,120,348,444,2956]
[0,1044,2956]
[0,120,348,444,746,993,2956]
[0,348,993,1338,2014,2956]
[0,993,2956]
[0,348,993,1338,2956]
[0,348,746,993,2956]
[0,120,348,746,993,2956]
[0,120,348,746,992,2205,2956]
[0,348,746,997,2956]
[0,2014,2956]
[0,348,993,2956]
[0,993,1338,2014,2956]
[0,348,2956]
[0,746,1044,2956]
[0,746,2041,2956]
[0,120,348,746,993,1338,2956]
[0,746,993,2956]
[0,997,2956]
[0,120,348,444,746,2956]
[0,746,2956]
[0,1338,2956]
[0,348,992,2205,2956]
[0,746,992,2014,2205,2956]
[0,120,348,746,997,2956]
[0,348,746,2205,2956]
[0,993,1338,2956]
[0,348,997,2956]
[0,348,746,992,2956]
[0,1044,2205,2956]
[0,120,348,746,993,1338,2014,2956]
[0,2205,2956]
[0,348,746,2956]
[0,746,997,2956]
[0,348,992,2956]
[0,120,348,746,992,2014,2205,2956]
[0,120,348,444,746,992,2956]
[0,992,2956]
[0,348,2205,2956]
[0,668,2014,2956]
[0,746,1044,2205,2956]
[0,746,993,1338,2956]
[0,120,2956]
