[0,248,1270,1946,2252,2824]
[0,1270,1884,2487,2824]
[0,206,1270,2005,2476,2824]
[0,248,628,1270,1946,2824]
[0,572,839,1277,2824]
[0,572,839,1270,1974,2252,2476,2824]
[0,206,572,1277,2824]
[0,248,628,1915,2487,2824]
[0,248,1270,1946,2824]
[0,1277,1915,2487,2824]
[0,2024,2824]
[0,248,628,837,1270,1946,2435,2772,2824]
[0,839,1270,2005,2824]
[0,206,1277,2005,2824]
[0,1270,1946,2824]
[0,572,839,1277,2005,2476,2824]
[0,628,1277,1915,2824]
[0,206,572,839,1270,1974,2252,2824]
[0,206,572,839,1270,1742,1974,2252,2476,2772,2824]
[0,1270,2005,2824]
[0,248,628,1270,1946,2435,2824]
[0,206,2824]
[0,206,1270,2824]
[0,572,1270,2005,2824]
[0,839,1277,2005,2476,2824]
[0,628,1270,1946,2435,2824]
[0,628,2824]
[0,572,1270,2005,2476,2824]
[0,206,1270,1974,2824]
[0,572,1277,2824]
[0,248,628,1270,1946,2252,2824]
[0,248,1270,2824]
[0,837,1270,1946,2252,2824]
[0,839,1270,1974,2252,2476,2824]
[0,572,1270,1974,2252,2824]
[0,1915,2824]
[0,206,1270,2005,2824]
[0,206,572,839,1270,1473,1742,1974,2252,2476,2772,2824]
[0,837,1270,2824]
[0,206,572,839,1270,1742,1974,2252,2824]
[0,628,2487,2824]
[0,572,839,1270,2005,2476,2824]
[0,628,1270,1946,2824]
[0,572,839,1277,1884,2824]
[0,839,1270,1742,1974,2252,2476,2824]
[0,248,1270,1884,2487,2824]
[0,206,572,839,1277,2005,2476,2772,2824]
[0,572,839,1270,1742,1974,2252,2824]
[0,1270,2824]
[0,248,628,1277,2824]
[0,1270,1946,2435,2824]
[0,628,837,1270,2824]
[0,206,572,839,1270,1473,1742,1974,2252,2824]
[0,248,628,1277,1915,2487,2824]
[0,206,572,839,1270,1974,2252,2476,2824]
[0,248,628,1270,1946,2435,2772,2824]
[0,628,1277,1915,2487,2824]
[0,248,2024,2824]
[0,1712,2824]
[0,1277,1915,2824]
[0,248,628,2487,2824]
[0,1277,2005,2824]
[0,248,628,837,1270,1946,2252,2772,2824]
[0,572,1277,2005,2476,2824]
[0,1277,2005,2476,2824]
[0,572,839,1270,1974,2252,2824]
[0,248,2824]
[0,839,1277,2824]
[0,206,1277,2824]
[0,1270,1946,2252,2824]
[0,248,628,1277,1884,2772,2824]
[0,839,1270,1742,1974,2252,2824]
[0,206,1270,1974,2252,2824]
[0,1270,2005,2476,2824]
[0,206,572,839,1270,1974,2252,2476,2772,2824]
[0,248,628,837,1270,1946,2435,2824]
[0,839,1270,1974,2824]
[0,206,572,839,1277,1884,2824]
[0,248,2435,2824]
[0,628,837,2824]
[0,248,628,837,1270,1946,2824]
[0,248,628,2824]
[0,1270,1884,2824]
[0,1270,1974,2824]
[0,248,1712,2487,2824]
[0,837,1270,1946,2824]
[0,628,837,1270,1946,2824]
[0,206,572,1270,1974,2252,2824]
[0,206,572,839,1270,1742,1974,2252,2476,2824]
[0,839,1270,1974,2252,2824]
[0,206,572,839,1277,2005,2476,2824]
[0,206,572,1277,2005,2476,2824]
[0,248,628,837,1270,1946,2252,2824]
[0,628,1277,2824]
[0,628,837,1270,1946,2252,2824]
[0,628,1277,1884,2824]
[0,206,572,839,1270,1473,1742,1974,2252,2476,2824]
[0,206,572,839,1270,1974,2252,2772,2824]
[0,572,839,1270,1742,1974,2252,2476,2824]
[0,628,1915,2824]
[0,2435,2824]
[0,206,1277,2005,2476,2824]
[0,628,1270,1946,2252,2824]
[0,1270,1974,2252,2824]
[0,572,1270,1974,2824]
[0,1277,2824]
[0,248,628,1277,1884,2824]
[0,839,1270,2005,2476,2824]
[0,248,1270,1946,2435,2824]
[0,839,1277,1884,2824]
[0,839,1277,2005,2824]
[0,206,572,839,1270,2005,2476,2772,2824]
[0,2487,2824]
[0,206,572,839,1277,1884,2772,2824]
[0,1712,2487,2824]
[0,1277,1884,2824]
[0,206,572,839,1270,2005,2476,2824]
[0,206,572,1270,2005,2476,2824]
[0,628,1915,2487,2824]
[0,206,572,839,1277,2824]
[0,572,1277,2005,2824]
