[0,286,662,1116,1241,1642]
[0,154,286,662,1116,1241,1642]
[0,286,488,754,1116,1239,1642]
[0,488,754,1116,1239,1642]
[0,286,488,662,754,1012,1116,1239,1463,1642]
[0,662,1239,1642]
[0,286,488,662,1116,1239,1642]
[0,154,286,662,1239,1642]
[0,286,488,662,1239,1642]
[0,154,286,488,662,754,1116,1241,1463,1642]
[0,286,754,1642]
[0,1239,1642]
[0,662,1241,1642]
[0,286,488,662,1116,1241,1642]
[0,286,488,662,754,1116,1239,1463,1642]
[0,154,286,488,662,1239,1642]
[0,154,286,488,662,754,1116,1239,1463,1642]
[0,286,754,1116,1239,1642]
[0,1241,1642]
[0,488,730,1642]
[0,286,488,662,754,1116,1241,1463,1642]
[0,286,488,662,1116,1239,1463,1642]
[0,488,754,1239,1642]
[0,154,286,488,662,1241,1463,1642]
[0,286,488,730,1108,1242,1642]
[0,488,730,1242,1642]
[0,488,754,1642]
[0,730,1239,1642]
[0,286,488,754,1239,1642]
[0,286,662,1241,1642]
[0,286,662,1241,1463,1642]
[0,286,662,1239,1642]
[0,286,488,662,754,1116,1241,1642]
[0,286,730,1116,1241,1642]
[0,286,488,730,1463,1642]
[0,154,286,488,662,754,1116,1239,1642]
[0,286,662,1642]
[0,488,730,1239,1642]
[0,286,488,730,1642]
[0,154,286,662,1241,1642]
[0,286,488,662,1012,1116,1239,1463,1642]
[0,488,1239,1642]
[0,286,730,1642]
[0,154,286,488,662,1239,1463,1642]
[0,286,488,730,1116,1241,1642]
[0,286,488,662,1116,1241,1463,1642]
[0,286,730,1241,1642]
[0,286,488,662,1012,1116,1241,1463,1642]
[0,662,1642]
[0,286,730,1463,1642]
[0,286,488,662,1241,1642]
[0,154,286,488,662,1241,1642]
[0,286,662,1239,1463,1642]
[0,730,1242,1642]
[0,286,488,662,1241,1463,1642]
[0,286,754,1239,1642]
[0,154,286,662,1642]
[0,286,488,730,1242,1642]
[0,154,286,488,662,1116,1241,1463,1642]
[0,488,1642]
[0,754,1642]
[0,730,1642]
[0,154,286,488,662,1116,1239,1642]
[0,754,1239,1642]
[0,286,488,662,1239,1463,1642]
[0,730,1241,1642]
[0,286,488,662,754,1012,1116,1241,1463,1642]
[0,154,286,488,662,1116,1239,1463,1642]
[0,286,488,730,1241,1642]
[0,286,488,662,754,1116,1239,1642]
[0,154,286,488,662,1116,1241,1642]
[0,286,662,1116,1239,1642]
[0,154,286,662,1116,1239,1642]
[0,154,286,488,662,754,1116,1241,1642]
[0,488,730,1108,1242,1642]
[0,286,730,1242,1642]
[0,286,730,1108,1242,1642]
