[0,344,844,938,1046]
[0,154,277,440,505,844,955,1046]
[0,154,844,1046]
[0,277,505,1046]
[0,385,844,1046]
[0,386,1046]
[0,386,844,955,1046]
[0,344,505,844,955,1046]
[0,344,938,1046]
[0,440,505,844,955,1046]
[0,385,541,844,955,1046]
[0,154,344,844,1046]
[0,344,505,844,1046]
[0,154,344,505,1046]
[0,385,844,955,1046]
[0,848,1046]
[0,154,344,505,844,955,1046]
[0,105,154,844,955,1046]
[0,121,454,848,1046]
[0,841,1046]
[0,154,844,955,1046]
[0,344,541,844,938,1046]
[0,344,541,844,1046]
[0,154,841,1046]
[0,386,844,1046]
[0,154,277,505,844,955,1046]
[0,154,344,938,1046]
[0,154,344,541,844,938,1046]
[0,154,344,440,505,844,955,1046]
[0,105,154,344,541,844,938,1046]
[0,154,344,844,955,1046]
[0,154,344,505,844,1046]
[0,440,1046]
[0,440,844,1046]
[0,386,541,844,1046]
[0,277,1046]
[0,454,848,1046]
[0,154,277,844,955,1046]
[0,105,1046]
[0,440,844,955,1046]
[0,154,277,505,844,1046]
[0,105,154,344,541,844,955,1046]
[0,121,385,541,1046]
[0,277,844,1046]
[0,105,154,844,938,1046]
[0,154,440,505,844,955,1046]
[0,105,154,344,440,505,844,955,1046]
[0,105,154,440,505,844,955,1046]
[0,844,1046]
[0,505,1046]
[0,105,154,344,844,955,1046]
[0,344,1046]
[0,454,1046]
[0,154,844,938,1046]
[0,105,505,844,1046]
[0,154,344,1046]
[0,386,541,1046]
[0,154,344,541,1046]
[0,386,541,844,955,1046]
[0,154,344,844,938,1046]
[0,344,844,955,1046]
[0,385,541,844,1046]
[0,344,541,1046]
[0,844,938,1046]
[0,277,505,844,1046]
[0,505,844,1046]
[0,385,1046]
[0,154,440,844,1046]
[0,154,440,1046]
[0,385,541,1046]
[0,844,955,1046]
[0,154,277,1046]
[0,105,154,344,844,938,1046]
[0,154,440,844,955,1046]
[0,154,344,541,844,1046]
[0,154,344,541,844,955,1046]
[0,344,541,844,955,1046]
[0,105,844,1046]
[0,154,277,844,1046]
[0,105,154,277,440,505,844,955,1046]
[0,344,844,1046]
[0,344,505,1046]
