[0,302,842,1030,1491,1654,2017,2199,2579,3353]
[0,1491,3353]
[0,1030,1491,1654,2017,2199,2579,3353]
[0,842,2579,3353]
[0,302,842,1491,1654,2017,2199,2579,3353]
[0,1030,1491,2579,3353]
[0,842,1654,2017,2579,3353]
[0,302,842,1654,2017,2579,3353]
[0,1030,1654,2199,3353]
[0,1491,2127,2591,3353]
[0,842,1654,2017,2199,2579,3353]
[0,842,1654,3353]
[0,144,842,1654,2097,2579,3353]
[0,302,842,1030,1654,2017,2199,2579,3353]
[0,2591,3353]
[0,845,2591,3353]
[0,845,1491,2157,2579,3353]
[0,2199,3353]
[0,845,1491,2579,3353]
[0,1030,1654,2017,2199,3353]
[0,2097,2579,3353]
[0,1654,2017,2199,3353]
[0,1654,2097,2199,3353]
[0,144,236,842,1654,2097,2199,2579,3353]
[0,842,1654,2579,3119,3353]
[0,842,1654,2097,2199,3353]
[0,842,1654,2199,3353]
[0,845,1497,2579,3353]
[0,2127,2591,3353]
[0,842,1030,1491,2157,2579,3353]
[0,845,1497,2591,3353]
[0,845,1497,2157,2591,3353]
[0,2017,2199,3353]
[0,1030,3353]
[0,741,2579,3353]
[0,2533,3353]
[0,1030,1654,2017,2579,3353]
[0,1654,2017,2579,3353]
[0,1030,1654,2579,3353]
[0,302,842,1654,2017,2199,2579,3353]
[0,842,1654,2097,2199,2579,3353]
[0,845,3353]
[0,1030,2533,3353]
[0,845,2579,3353]
[0,2579,3353]
[0,842,1654,2017,2199,3353]
[0,842,2199,3353]
[0,1030,2199,3353]
[0,1654,2097,2579,3353]
[0,1030,1491,2157,2579,3353]
[0,842,3353]
[0,842,1654,2097,2579,3353]
[0,842,1654,2579,3353]
[0,2017,2579,3353]
[0,1654,2199,3353]
[0,2097,2199,3353]
[0,302,842,1030,1654,2017,2579,3353]
[0,845,1497,2157,2579,3353]
[0,144,842,1654,2097,2199,2579,3353]
[0,1030,1654,2017,2199,2579,3353]
[0,1654,3353]
[0,1491,2591,3353]
[0,1030,2579,3353]
