[0,999,2211]
[0,1210,2211]
[0,159,999,1210,1773,2148,2211]
[0,159,462,527,628,850,999,1210,1773,2211]
[0,159,526,628,850,999,1210,1773,2211]
[0,1773,2211]
[0,159,527,1210,2211]
[0,159,628,850,999,1210,1773,2211]
[0,159,628,999,1210,1773,2148,2211]
[0,159,526,628,999,1210,2148,2211]
[0,159,2148,2211]
[0,1830,2211]
[0,159,526,628,850,999,1210,1773,2148,2211]
[0,159,527,1210,2148,2211]
[0,159,628,999,1210,2211]
[0,159,999,1210,2148,2211]
[0,527,2211]
[0,159,462,527,628,999,1210,2148,2211]
[0,159,628,999,1210,2148,2211]
[0,159,1210,2148,2211]
[0,628,2211]
[0,159,526,628,999,1210,1773,2211]
[0,159,527,628,999,1210,1773,2211]
[0,159,999,1210,1773,2211]
[0,527,1210,2211]
[0,1210,2148,2211]
[0,159,1210,2211]
[0,628,999,1210,1773,2211]
[0,159,2211]
[0,159,462,628,850,999,1210,1773,2211]
[0,628,999,1210,2211]
[0,159,462,527,628,850,999,1210,1773,2148,2211]
[0,159,527,628,850,999,1210,1773,2211]
[0,999,1210,1773,2211]
[0,628,999,1773,2211]
[0,159,526,628,999,1210,1773,2148,2211]
[0,999,1210,2211]
[0,159,628,999,1210,1773,2211]
[0,628,999,2211]
[0,999,1773,2211]
[0,159,462,628,999,1210,2211]
[0,527,1830,2211]
[0,462,628,999,1210,2211]
[0,159,1830,2211]
[0,526,628,999,1210,2211]
[0,159,462,527,628,999,1210,1773,2211]
[0,159,462,527,628,999,1210,2211]
[0,159,462,628,999,1210,1773,2211]
[0,159,999,1210,2211]
[0,462,628,999,1210,1773,2211]
[0,159,462,527,628,999,1210,1773,2148,2211]
[0,159,527,628,850,999,1210,1773,2148,2211]
[0,2148,2211]
[0,159,527,628,999,1210,1773,2148,2211]
[0,159,526,628,999,1210,2211]
