[0,346,772,1068,1381,1597,2019]
[0,128,772,1381,1706,2019]
[0,778,1107,1706,2019]
[0,1090,1381,1706,2019]
[0,772,1597,2019]
[0,128,346,784,1068,2019]
[0,347,772,1597,2019]
[0,128,346,784,1068,1225,2019]
[0,128,346,772,1381,1597,2019]
[0,778,2019]
[0,772,1381,2019]
[0,1022,2019]
[0,128,772,1706,2019]
[0,1068,1381,2019]
[0,347,784,1074,2019]
[0,128,772,1090,1381,1706,2019]
[0,128,346,784,1086,1381,2019]
[0,346,772,2019]
[0,347,772,1090,2019]
[0,128,346,772,1068,1381,1597,1706,1942,2019]
[0,1068,2019]
[0,1090,2019]
[0,784,2019]
[0,1068,1381,1706,2019]
[0,128,346,772,1068,1381,1597,1942,2019]
[0,153,778,1107,1706,2019]
[0,128,347,772,1090,1381,1597,1942,2019]
[0,153,772,1068,1381,2019]
[0,772,1706,2019]
[0,128,347,784,2019]
[0,346,784,1086,1381,2019]
[0,347,784,2019]
[0,772,1068,1381,2019]
[0,128,347,784,1074,1381,2019]
[0,1107,2019]
[0,1068,1706,2019]
[0,128,346,784,2019]
[0,347,772,1090,1381,1597,2019]
[0,128,346,784,1086,2019]
[0,347,784,1381,2019]
[0,128,772,1090,1381,1706,1942,2019]
[0,346,784,2019]
[0,778,1107,2019]
[0,128,347,772,1706,2019]
[0,128,347,772,2019]
[0,347,772,2019]
[0,128,772,2019]
[0,128,346,772,2019]
[0,128,347,772,1381,1706,2019]
[0,128,1090,1381,1706,1942,2019]
[0,153,778,1706,2019]
[0,128,347,772,1090,1381,1597,2019]
[0,153,772,1068,1381,1942,2019]
[0,347,772,1381,2019]
[0,346,784,1068,1225,2019]
[0,347,772,1090,1381,1706,2019]
[0,128,346,772,1597,2019]
[0,784,1381,2019]
[0,1090,1381,2019]
[0,128,1090,1381,1706,2019]
[0,772,1090,1381,1706,2019]
[0,346,772,1597,2019]
[0,346,772,1381,2019]
[0,347,784,1074,1381,2019]
[0,128,347,772,1381,1706,1942,2019]
[0,347,772,1381,1706,2019]
[0,128,347,772,1597,2019]
[0,347,772,1090,1381,2019]
[0,346,772,1068,2019]
[0,346,784,1086,2019]
[0,128,347,772,1381,1597,2019]
[0,347,772,1706,2019]
[0,128,347,772,1090,1381,1706,2019]
[0,772,1381,1706,2019]
[0,346,784,1068,2019]
[0,346,772,1068,1381,2019]
[0,128,347,772,1090,1381,1706,1942,2019]
[0,128,347,784,1074,2019]
[0,1090,1706,2019]
[0,346,772,1381,1597,2019]
[0,128,346,772,1068,1381,1597,1706,2019]
[0,778,1706,2019]
[0,772,1068,1381,1706,2019]
[0,128,346,772,1068,1381,1597,2019]
[0,347,772,1381,1597,2019]
[0,772,2019]
