[0,1795,2830,3353]
[0,439,3353]
[0,439,1838,2216,2535,3353]
[0,426,1863,3353]
[0,1657,2535,3353]
[0,426,723,1795,2341,3353]
[0,134,439,1549,1838,2216,2535,3353]
[0,439,1146,1549,1838,2216,2535,3353]
[0,426,723,1549,1863,2414,3353]
[0,1863,2265,2535,3353]
[0,1146,1838,2216,3353]
[0,1549,1863,2414,3353]
[0,426,723,1549,1863,2265,2535,3353]
[0,426,723,2582,3353]
[0,1595,1795,2341,2582,3353]
[0,1795,2341,3353]
[0,426,723,1595,1795,2341,2582,3353]
[0,2036,3353]
[0,439,1595,1863,2265,3353]
[0,1427,2036,3353]
[0,918,3353]
[0,426,2582,3353]
[0,426,1863,2265,3353]
[0,1146,2582,3353]
[0,723,1795,2341,2582,3353]
[0,596,1657,2535,3353]
[0,426,1595,2582,3353]
[0,2582,3353]
[0,1838,3353]
[0,426,1549,1863,2265,2535,3353]
[0,439,2216,3353]
[0,1549,1838,2216,2535,3353]
[0,426,1549,1863,2265,3353]
[0,1183,1795,3353]
[0,723,1795,2341,3353]
[0,439,1146,3353]
[0,1657,3353]
[0,426,723,1595,2582,3353]
[0,1595,2582,3353]
[0,918,1549,1863,2414,3353]
[0,723,1795,3353]
[0,426,1146,1795,3353]
[0,439,1863,2265,2535,3353]
[0,426,723,1595,1795,2582,3353]
[0,426,2830,3353]
[0,467,1183,1795,2414,3353]
[0,1146,1795,2582,3353]
[0,426,1795,2830,3353]
[0,918,1549,3353]
[0,439,1172,1863,3353]
[0,134,439,1595,1863,3353]
[0,1172,1863,3353]
[0,1146,3353]
[0,785,3353]
[0,134,439,1172,1595,1863,2265,2535,3353]
[0,439,1595,1863,2265,2535,3353]
[0,2216,2535,3353]
[0,1183,1795,2414,3353]
[0,426,1595,1795,3353]
[0,1549,1863,2265,3353]
[0,439,1146,1838,2216,2535,3353]
[0,426,1795,3353]
[0,426,3353]
[0,426,1595,1795,2341,2582,3353]
[0,1549,1863,2265,2535,3353]
[0,134,439,1595,1863,2265,3353]
[0,426,723,1795,2341,2582,3353]
[0,426,723,1595,1795,3353]
[0,1863,2414,3353]
[0,439,1172,1863,2265,3353]
[0,439,1595,1863,3353]
[0,1838,2216,2535,3353]
[0,1595,1863,3353]
[0,1595,1795,3353]
[0,467,1183,1795,3353]
[0,918,1549,2414,3353]
[0,1549,1863,3353]
[0,426,1146,1595,1795,2582,3353]
[0,1838,2216,3353]
[0,439,1146,1838,3353]
[0,439,1146,1838,2216,3353]
[0,1146,1838,3353]
[0,785,2216,3353]
[0,2341,2582,3353]
[0,588,1427,2036,3353]
[0,2216,3353]
[0,426,1863,2414,3353]
[0,596,3353]
[0,918,1549,1863,3353]
[0,439,1172,1595,1863,2265,2535,3353]
[0,2414,3353]
[0,2830,3353]
[0,2535,3353]
[0,918,2414,3353]
[0,426,723,1549,1863,2265,3353]
[0,426,1549,1863,2414,3353]
[0,439,1172,1863,2265,2535,3353]
[0,439,1863,3353]
[0,426,1146,1595,1795,3353]
[0,426,1146,1795,2582,3353]
[0,1595,3353]
[0,596,2535,3353]
[0,439,1863,2265,3353]
[0,426,1595,3353]
[0,426,723,1795,3353]
[0,426,1795,2341,2582,3353]
[0,439,1838,2216,3353]
[0,426,1549,1863,3353]
[0,426,723,3353]
[0,1863,2265,3353]
[0,134,439,1146,1549,1838,2216,2535,3353]
[0,426,1795,2341,3353]
[0,134,439,1595,1863,2265,2535,3353]
[0,1795,2341,2582,3353]
[0,1146,1795,3353]
[0,439,1549,1838,2216,2535,3353]
[0,1146,1838,2216,2535,3353]
[0,1795,3353]
[0,1863,3353]
[0,426,723,1549,1863,3353]
[0,1795,2414,3353]
