[0,50,629,789,1440,1806,2226,2824]
[0,50,628,789,1440,1697,2226,2488,2824]
[0,50,629,789,1801,2824]
[0,50,629,789,1440,1801,2824]
[0,629,789,1806,2824]
[0,50,628,789,1440,1697,2824]
[0,788,1801,2824]
[0,789,1440,1806,2226,2488,2824]
[0,629,1801,2824]
[0,50,629,1806,2824]
[0,50,628,789,1440,1801,2226,2488,2824]
[0,1440,1806,2226,2824]
[0,50,2824]
[0,789,1801,2824]
[0,1806,2824]
[0,1697,2226,2824]
[0,789,1440,1697,2226,2824]
[0,789,1697,2226,2824]
[0,628,789,2824]
[0,628,789,1440,1801,2226,2824]
[0,1440,1806,2824]
[0,628,789,1341,1697,2824]
[0,628,1801,2824]
[0,629,789,1801,2824]
[0,629,789,1341,1806,2226,2488,2824]
[0,50,629,1801,2824]
[0,788,1440,1801,2226,2824]
[0,789,1341,1697,2824]
[0,50,788,2226,2824]
[0,789,1697,2824]
[0,789,1806,2226,2824]
[0,628,1697,2824]
[0,629,789,1440,1801,2824]
[0,629,789,1341,1806,2226,2824]
[0,50,629,789,1440,1806,2226,2488,2824]
[0,628,789,1341,1697,2226,2824]
[0,50,629,789,1440,1801,2226,2488,2824]
[0,1440,1806,2226,2488,2824]
[0,50,629,789,1341,1806,2824]
[0,628,789,1697,2824]
[0,628,789,1440,1801,2226,2488,2824]
[0,1440,1697,2824]
[0,50,1440,1801,2824]
[0,1440,1697,2226,2824]
[0,50,628,789,1341,1697,2226,2488,2824]
[0,789,1341,1806,2824]
[0,50,629,789,1341,1806,2226,2488,2824]
[0,50,629,789,1341,1806,2226,2824]
[0,1806,2226,2824]
[0,1697,2226,2488,2824]
[0,50,628,789,1341,1697,2226,2824]
[0,789,1341,2226,2824]
[0,789,2226,2824]
[0,789,1341,1806,2226,2488,2824]
[0,1801,2226,2824]
[0,789,1440,1697,2824]
[0,788,2226,2824]
[0,50,1440,1801,2226,2824]
[0,789,1801,2226,2824]
[0,1440,1801,2226,2824]
[0,1341,1806,2824]
[0,1440,1801,2226,2488,2824]
[0,628,789,1440,1801,2824]
[0,628,789,1440,1697,2226,2488,2824]
[0,788,1801,2226,2824]
[0,628,789,1341,1697,2226,2488,2824]
[0,789,1697,2226,2488,2824]
[0,50,628,789,1341,1697,2824]
[0,789,1440,1806,2226,2824]
[0,789,2824]
[0,628,789,1440,1697,2824]
[0,50,628,789,1440,1801,2226,2824]
[0,50,628,789,2824]
[0,50,788,1801,2824]
[0,629,789,1440,1806,2824]
[0,789,1440,1697,2226,2488,2824]
[0,50,629,789,1440,1801,2226,2824]
[0,789,1341,1697,2226,2488,2824]
[0,789,1440,1806,2824]
[0,2226,2824]
[0,629,789,1341,1806,2824]
[0,629,789,1440,1806,2226,2824]
[0,50,1806,2824]
[0,50,629,789,1806,2824]
[0,50,788,1440,1801,2226,2824]
[0,50,628,789,1801,2824]
[0,1801,2824]
[0,629,789,1440,1806,2226,2488,2824]
[0,628,789,1801,2824]
[0,789,1341,1697,2226,2824]
[0,1341,1697,2824]
[0,789,1440,1801,2226,2488,2824]
[0,1440,1801,2824]
[0,788,2824]
[0,50,1801,2226,2824]
[0,628,789,1440,1697,2226,2824]
[0,50,628,789,1440,1697,2226,2824]
[0,789,1440,1801,2824]
[0,50,629,789,1440,1806,2824]
[0,629,789,1440,1801,2226,2824]
[0,50,1801,2824]
[0,629,789,1440,1801,2226,2488,2824]
[0,789,1341,1806,2226,2824]
[0,50,628,789,1697,2824]
[0,629,1806,2824]
[0,1697,2824]
[0,50,628,789,1440,1801,2824]
[0,50,788,1801,2226,2824]
[0,50,2226,2824]
[0,789,1440,1801,2226,2824]
[0,789,1806,2824]
[0,1440,1697,2226,2488,2824]
