[0,1580,2812]
[0,304,1431,1580,2812]
[0,249,1431,2812]
[0,390,755,1580,2491,2812]
[0,755,1431,2035,2812]
[0,614,1580,2491,2812]
[0,249,390,1431,1580,2812]
[0,2035,2812]
[0,249,390,755,1431,1580,2491,2812]
[0,304,1580,2491,2812]
[0,650,1431,1580,2491,2812]
[0,304,1431,2035,2812]
[0,304,614,755,1431,1580,2491,2812]
[0,304,1431,1580,2491,2812]
[0,249,390,1431,1580,2491,2812]
[0,390,1431,1580,2812]
[0,1580,2491,2812]
[0,249,390,650,755,1431,1580,2491,2812]
[0,390,755,1431,1580,2491,2812]
[0,614,755,1431,1580,2812]
[0,650,755,1431,1580,2491,2812]
[0,614,1431,1580,2491,2812]
[0,390,1580,2491,2812]
[0,614,1580,2812]
[0,1431,2812]
[0,650,1431,1580,2812]
[0,304,2812]
[0,1431,1580,2812]
[0,304,614,755,1431,1580,2812]
[0,304,614,1431,1580,2491,2812]
[0,650,1580,2812]
[0,304,1580,2812]
[0,390,1580,2812]
[0,755,2035,2812]
[0,304,614,1580,2491,2812]
[0,650,755,1431,1580,2812]
[0,304,614,1431,1580,2812]
[0,650,1580,2491,2812]
[0,614,755,1431,1580,2491,2812]
[0,390,1431,1580,2491,2812]
[0,1431,2035,2812]
[0,304,2035,2812]
[0,390,755,1580,2812]
[0,614,1431,1580,2812]
[0,304,614,1580,2812]
