[0,1117,1963,2824]
[0,50,377,857,1117,1963,2243,2481,2729,2824]
[0,857,1117,1963,2243,2481,2824]
[0,205,857,2824]
[0,129,1101,1817,2824]
[0,377,857,1117,1963,2243,2481,2824]
[0,50,261,857,1117,1963,2243,2481,2824]
[0,161,1101,1817,2243,2824]
[0,129,360,2824]
[0,50,2824]
[0,50,2243,2824]
[0,50,857,1117,1963,2243,2824]
[0,382,1101,1817,2824]
[0,1101,1817,2243,2824]
[0,1117,2824]
[0,50,857,1117,1522,2481,2824]
[0,377,857,1117,1963,2243,2481,2729,2824]
[0,857,1117,1963,2243,2824]
[0,50,1117,1963,2243,2481,2824]
[0,261,857,1117,1963,2243,2481,2729,2824]
[0,1117,1522,2824]
[0,261,857,1117,1963,2243,2481,2824]
[0,129,1101,1817,2481,2824]
[0,129,360,2481,2824]
[0,690,2824]
[0,377,1117,1963,2824]
[0,382,1101,1817,2481,2824]
[0,1963,2243,2824]
[0,543,1101,1817,2824]
[0,1117,1963,2243,2824]
[0,1117,1522,2243,2824]
[0,205,857,1539,2481,2824]
[0,377,1446,2481,2824]
[0,377,1446,2824]
[0,50,1117,2824]
[0,857,1539,2824]
[0,382,1101,1817,2243,2824]
[0,50,1117,1522,2824]
[0,129,382,1101,1817,2481,2824]
[0,161,2824]
[0,360,2481,2824]
[0,50,377,857,1117,1963,2243,2824]
[0,1117,2481,2824]
[0,1539,2481,2824]
[0,857,2481,2824]
[0,129,382,1101,1817,2481,2729,2824]
[0,261,1117,1963,2481,2824]
[0,161,1101,1522,2654,2824]
[0,360,1101,1817,2481,2824]
[0,543,1101,1817,2481,2824]
[0,377,1117,1963,2481,2824]
[0,50,1117,1522,2481,2824]
[0,1101,1817,2824]
[0,50,857,1117,1963,2243,2481,2824]
[0,1101,1522,2824]
[0,205,857,2481,2824]
[0,1963,2824]
[0,1101,1522,2654,2824]
[0,857,1539,2481,2824]
[0,1101,1817,2481,2824]
[0,205,2481,2824]
[0,857,1117,1963,2481,2824]
[0,360,1101,1817,2824]
[0,857,1117,1522,2481,2824]
[0,129,2824]
[0,161,1101,2824]
[0,205,857,2654,2824]
[0,1817,2824]
[0,377,857,1117,1963,2481,2824]
[0,1963,2481,2824]
[0,50,377,857,1117,1963,2243,2481,2824]
[0,1117,1963,2481,2824]
[0,690,1963,2824]
[0,261,857,1117,1963,2481,2824]
[0,360,2824]
[0,129,360,543,1101,1817,2481,2824]
[0,1117,1522,2481,2824]
[0,857,1117,1963,2243,2481,2729,2824]
[0,129,1101,1817,2243,2824]
[0,360,1817,2824]
[0,129,1101,2824]
[0,129,360,1817,2481,2824]
[0,857,2824]
[0,2481,2824]
[0,377,857,1117,1963,2243,2824]
[0,1101,2824]
[0,1539,2824]
[0,377,2824]
[0,50,377,857,1117,1963,2481,2824]
[0,50,261,857,1117,1963,2243,2481,2729,2824]
[0,1117,1963,2243,2481,2824]
[0,205,2824]
[0,50,1117,1963,2481,2824]
[0,1446,2481,2824]
[0,360,1817,2481,2824]
[0,129,382,1101,1817,2243,2824]
[0,161,1101,1817,2824]
[0,2243,2824]
[0,161,1101,1522,2824]
[0,1446,2824]
[0,50,1117,2481,2824]
[0,50,1117,1963,2243,2824]
[0,1117,2243,2824]
[0,377,1117,1963,2243,2824]
[0,129,360,1101,1817,2481,2824]
[0,1817,2481,2824]
[0,50,857,1117,1963,2481,2824]
[0,50,1117,1522,2243,2824]
[0,360,543,1101,1817,2481,2824]
