[0,634,1971,2030,2120]
[0,1940,2030,2120]
[0,111,373,634,1971,2120]
[0,1971,2120]
[0,111,319,634,1940,2030,2120]
[0,319,634,1940,2030,2120]
[0,634,1940,2030,2120]
[0,1940,2120]
[0,319,634,2120]
[0,1068,1971,2120]
[0,634,1940,2120]
[0,373,634,1971,2030,2120]
[0,1971,2030,2120]
[0,111,319,634,1971,2030,2120]
[0,559,1971,2120]
[0,111,373,559,1971,2120]
[0,1068,2120]
[0,558,1971,2120]
[0,111,319,412,634,1940,2120]
[0,111,319,412,634,1940,2030,2120]
[0,373,559,1971,2120]
[0,634,2120]
[0,373,634,2120]
[0,319,634,1971,2030,2120]
[0,373,559,2120]
[0,373,634,1971,2120]
[0,111,373,559,1971,2030,2120]
[0,559,2120]
[0,111,319,634,1971,2120]
[0,111,319,634,1940,2120]
[0,373,559,1971,2030,2120]
[0,319,634,1971,2120]
[0,111,373,634,1971,2030,2120]
[0,319,634,1940,2120]
[0,559,1971,2030,2120]
[0,558,2120]
[0,634,1971,2120]
