[0,693,944,1180]
[0,546,677,778,1006,1180]
[0,62,130,546,677,778,884,944,1006,1180]
[0,211,546,1180]
[0,62,211,437,677,778,944,1006,1180]
[0,62,211,546,677,944,1006,1180]
[0,130,437,677,1006,1180]
[0,62,211,437,677,1180]
[0,677,1180]
[0,211,546,693,944,1006,1180]
[0,546,677,1180]
[0,211,437,677,1180]
[0,437,677,1006,1180]
[0,211,546,1006,1180]
[0,62,130,437,677,778,884,944,1006,1180]
[0,546,677,778,1180]
[0,677,944,1180]
[0,211,437,677,944,1006,1180]
[0,211,546,693,1180]
[0,130,437,677,944,1180]
[0,546,693,944,1006,1180]
[0,62,211,437,677,944,1006,1180]
[0,437,677,778,1006,1180]
[0,130,944,1180]
[0,211,677,944,1180]
[0,546,677,944,1006,1180]
[0,211,546,677,1180]
[0,130,437,677,944,1006,1180]
[0,437,677,944,1006,1180]
[0,546,1006,1180]
[0,504,1180]
[0,211,1180]
[0,944,1180]
[0,437,677,778,944,1006,1180]
[0,693,1180]
[0,395,884,1180]
[0,211,546,677,1006,1180]
[0,130,546,677,778,944,1006,1180]
[0,130,546,677,778,1006,1180]
[0,211,437,677,778,1006,1180]
[0,211,546,693,944,1180]
[0,437,693,1180]
[0,130,437,677,778,1006,1180]
[0,62,211,437,677,944,1180]
[0,62,211,546,693,1180]
[0,211,546,677,944,1180]
[0,437,1180]
[0,437,677,1180]
[0,62,211,546,677,778,944,1006,1180]
[0,62,130,437,677,944,1006,1180]
[0,62,211,437,677,778,884,944,1006,1180]
[0,395,1180]
[0,62,211,546,693,944,1180]
[0,437,693,944,1180]
[0,62,546,693,1180]
[0,211,437,677,1006,1180]
[0,211,693,1180]
[0,211,546,677,778,944,1006,1180]
[0,62,437,677,1180]
[0,211,437,677,944,1180]
[0,130,437,677,778,944,1006,1180]
[0,62,130,546,677,778,944,1006,1180]
[0,62,130,437,677,778,944,1006,1180]
[0,62,437,1180]
[0,62,211,546,693,944,1006,1180]
[0,130,504,944,1180]
[0,437,677,944,1180]
[0,62,130,546,677,944,1006,1180]
[0,546,1180]
[0,62,546,693,944,1006,1180]
[0,211,693,944,1180]
[0,211,546,677,944,1006,1180]
[0,211,677,1180]
[0,211,437,677,778,944,1006,1180]
[0,546,693,944,1180]
[0,504,944,1180]
[0,62,211,546,677,778,884,944,1006,1180]
[0,130,1180]
[0,62,437,677,944,1006,1180]
[0,62,546,677,944,1006,1180]
[0,546,677,1006,1180]
[0,211,546,677,778,1006,1180]
[0,437,677,778,1180]
[0,130,546,677,1006,1180]
[0,546,677,944,1180]
[0,62,437,677,944,1180]
[0,130,546,677,944,1180]
[0,130,546,677,944,1006,1180]
[0,546,677,778,944,1006,1180]
[0,546,693,1180]
