[0,1050,1752,2020]
[0,132,488,632,1050,1241,1398,1752,2020]
[0,132,488,1050,1241,1398,1752,2020]
[0,1046,2020]
[0,132,488,1046,1241,1398,1752,1865,2020]
[0,488,1046,2020]
[0,378,1398,2020]
[0,488,1050,1241,1754,2020]
[0,488,1046,1241,2020]
[0,488,632,2020]
[0,132,631,1241,2020]
[0,1398,2020]
[0,132,632,1241,1398,2020]
[0,132,378,488,632,1050,1241,1398,1752,1865,2020]
[0,1215,1398,2020]
[0,488,632,1215,1398,2020]
[0,1752,2020]
[0,132,1046,1241,1398,2020]
[0,632,2020]
[0,488,1050,1241,1398,1752,2020]
[0,132,2020]
[0,132,1050,1241,1398,1754,2020]
[0,488,632,1046,1241,1398,2020]
[0,1046,1241,1398,1752,1865,2020]
[0,631,1215,1398,1754,2020]
[0,132,1241,2020]
[0,132,1241,1398,2020]
[0,132,488,632,1046,1241,1398,2020]
[0,488,1050,1241,1398,1754,2020]
[0,488,632,1241,2020]
[0,132,488,1050,1241,1398,1752,1865,2020]
[0,632,1215,2020]
[0,1241,2020]
[0,132,1046,1241,1398,1752,1865,2020]
[0,488,1046,1241,1398,1752,2020]
[0,132,488,632,1241,2020]
[0,488,1050,1752,2020]
[0,1050,1241,1754,2020]
[0,631,1241,2020]
[0,632,1241,1398,2020]
[0,488,632,1050,1241,1398,1752,2020]
[0,488,1050,1241,1752,2020]
[0,1046,1241,1398,2020]
[0,1215,1398,1754,2020]
[0,1046,1241,1398,1752,2020]
[0,132,1046,1241,1398,1752,2020]
[0,1050,1754,2020]
[0,132,488,632,1215,1398,2020]
[0,488,632,1050,1241,1398,1754,2020]
[0,132,488,1050,1241,1398,1754,2020]
[0,1050,1241,1398,1752,2020]
[0,488,1046,1241,1398,2020]
[0,1046,1241,1752,2020]
[0,1050,1241,2020]
[0,632,1215,1754,2020]
[0,631,1241,1752,2020]
[0,132,378,488,632,1046,1241,1398,1752,1865,2020]
[0,488,632,1215,1398,1754,2020]
[0,488,1046,1241,1752,2020]
[0,1241,1398,2020]
[0,488,632,1241,1398,2020]
[0,132,631,1215,1398,1754,2020]
[0,1046,1752,2020]
[0,132,631,1241,1752,2020]
[0,132,488,1046,1241,1398,1752,2020]
[0,1050,2020]
[0,132,488,632,1050,1241,1398,1754,2020]
[0,1050,1241,1398,1754,2020]
[0,1046,1241,2020]
[0,1050,1241,1398,1752,1865,2020]
[0,488,1050,2020]
[0,132,1215,2020]
[0,488,632,1215,2020]
[0,1215,2020]
[0,1754,2020]
[0,132,1050,1241,1398,1752,2020]
[0,132,1050,1241,1398,1752,1865,2020]
[0,132,488,632,1215,2020]
[0,631,1215,1754,2020]
[0,378,2020]
[0,631,1215,2020]
[0,132,488,632,2020]
[0,132,488,632,1050,1241,1398,1752,1865,2020]
[0,1050,1241,1398,2020]
[0,132,488,632,1215,1398,1754,2020]
[0,631,2020]
[0,1050,1241,1752,2020]
[0,132,1215,1398,2020]
[0,488,1050,1754,2020]
[0,132,488,1046,1241,1398,2020]
[0,132,488,632,1046,1241,1398,1752,1865,2020]
[0,632,1241,2020]
[0,632,1215,1398,1754,2020]
[0,132,488,632,1241,1398,2020]
[0,488,1046,1752,2020]
[0,1398,1754,2020]
[0,132,1215,1398,1754,2020]
[0,488,632,1046,1241,1398,1752,2020]
[0,132,488,632,1046,1241,1398,1752,2020]
[0,632,1215,1398,2020]
