[0,55,1163,1755,1948,2019]
[0,1163,1755,1948,2019]
[0,55,1062,2019]
[0,55,361,591,1163,2019]
[0,361,1163,1755,1948,2019]
[0,242,591,2019]
[0,55,242,591,1163,2019]
[0,55,591,875,1163,1531,2019]
[0,55,1163,2019]
[0,55,361,591,1163,1330,2019]
[0,591,2019]
[0,55,1163,1677,2019]
[0,55,242,591,1163,1531,2019]
[0,55,242,591,1163,1751,2019]
[0,1062,2019]
[0,361,591,1163,1330,1755,1948,2019]
[0,242,591,1163,1751,1948,2019]
[0,1163,2019]
[0,55,361,591,1163,1330,1755,1948,2019]
[0,242,591,1163,1330,2019]
[0,548,1495,2019]
[0,55,1163,1531,2019]
[0,591,875,1163,1531,2019]
[0,55,242,591,1163,1330,2019]
[0,55,361,591,1163,1755,1948,2019]
[0,1163,1677,2019]
[0,361,591,1163,1531,2019]
[0,361,1163,1755,2019]
[0,361,591,2019]
[0,55,242,2019]
[0,361,1163,2019]
[0,55,242,591,2019]
[0,242,591,1163,2019]
[0,361,591,1163,1330,1755,2019]
[0,55,242,591,1163,1751,1948,2019]
[0,1163,1531,2019]
[0,1163,1751,2019]
[0,55,1163,1755,2019]
[0,548,2019]
[0,591,1163,1531,2019]
[0,55,361,591,2019]
[0,55,2019]
[0,55,361,591,1163,1531,2019]
[0,361,591,1163,1755,2019]
[0,361,591,1163,1330,2019]
[0,242,2019]
[0,591,1163,1755,1948,2019]
[0,591,1163,1751,2019]
[0,55,361,591,1163,1755,2019]
[0,361,591,1163,1755,1948,2019]
[0,242,591,1163,1531,2019]
[0,55,361,1163,1755,1948,2019]
[0,1163,1755,2019]
[0,55,591,1163,1531,2019]
[0,361,591,1163,2019]
[0,55,591,2019]
[0,242,591,1163,1751,2019]
[0,591,1163,2019]
[0,591,1163,1755,2019]
