[0,975,1627,2019]
[0,621,1897,2019]
[0,214,621,1897,2019]
[0,591,2019]
[0,76,214,621,1627,1897,2019]
[0,203,975,1134,1627,2019]
[0,214,591,752,975,1627,2019]
[0,76,214,591,752,1627,2019]
[0,591,975,1627,2019]
[0,76,214,355,621,833,1897,2019]
[0,1018,2019]
[0,203,355,975,1627,2019]
[0,212,621,975,1627,2019]
[0,203,355,975,1134,1627,2019]
[0,1645,2019]
[0,76,2019]
[0,76,214,621,1627,2019]
[0,214,355,621,833,1897,2019]
[0,214,355,2019]
[0,355,1627,2019]
[0,214,1627,2019]
[0,214,621,2019]
[0,214,355,1627,1897,2019]
[0,621,833,2019]
[0,214,355,621,1627,1897,2019]
[0,214,591,1627,2019]
[0,214,355,1897,2019]
[0,355,2019]
[0,214,621,1627,1897,2019]
[0,212,621,1627,2019]
[0,76,214,2019]
[0,76,212,2019]
[0,621,2019]
[0,212,355,2019]
[0,214,621,915,1627,2019]
[0,76,212,355,1627,2019]
[0,203,355,2019]
[0,621,833,1897,2019]
[0,621,1627,2019]
[0,76,214,591,752,975,1627,2019]
[0,621,975,1627,2019]
[0,212,621,2019]
[0,212,621,1897,2019]
[0,212,621,975,1134,1627,1941,2019]
[0,1897,2019]
[0,214,355,833,2019]
[0,212,1018,1645,2019]
[0,76,212,355,2019]
[0,621,915,1627,2019]
[0,76,214,355,1897,2019]
[0,833,2019]
[0,203,975,1627,2019]
[0,76,214,355,2019]
[0,591,1627,2019]
[0,214,591,975,1627,2019]
[0,76,214,1627,2019]
[0,214,355,1627,2019]
[0,212,2019]
[0,212,621,1018,1645,2019]
[0,76,214,621,833,1897,2019]
[0,214,621,833,2019]
[0,214,591,752,1627,2019]
[0,621,1018,1645,2019]
[0,1627,2019]
[0,214,355,621,833,2019]
[0,214,2019]
[0,621,1018,2019]
[0,214,355,621,1627,2019]
[0,76,214,621,1897,2019]
[0,975,2019]
[0,1018,1645,2019]
[0,214,1897,2019]
[0,76,214,1897,2019]
[0,203,355,975,1134,1627,1941,2019]
[0,214,621,1627,2019]
[0,214,355,833,1897,2019]
[0,212,355,1627,2019]
[0,214,355,621,915,1627,2019]
[0,212,621,975,1134,1627,2019]
[0,214,621,833,1897,2019]
[0,76,214,355,833,1897,2019]
[0,355,975,1627,2019]
[0,214,355,621,915,1627,1897,2019]
[0,76,214,591,1627,2019]
[0,214,621,915,1627,1897,2019]
[0,355,833,2019]
[0,203,355,1627,2019]
