[0,464,1180]
[0,92,1180]
[0,464,961,1180]
[0,464,742,857,961,1180]
[0,857,961,1180]
[0,195,369,464,742,1180]
[0,195,1180]
[0,195,857,1180]
[0,195,313,369,464,742,857,961,1180]
[0,195,464,742,857,1180]
[0,364,464,857,961,1180]
[0,364,857,1180]
[0,464,742,858,961,1180]
[0,464,742,900,1180]
[0,313,369,464,742,857,961,1180]
[0,195,464,857,961,1180]
[0,364,857,961,1180]
[0,464,742,858,1180]
[0,195,464,742,857,961,1180]
[0,369,1180]
[0,369,464,857,961,1180]
[0,92,857,961,1180]
[0,742,858,1180]
[0,313,369,464,742,858,961,1180]
[0,195,369,464,742,857,961,1180]
[0,369,900,1180]
[0,364,1180]
[0,464,742,1180]
[0,195,464,961,1180]
[0,369,464,742,858,1180]
[0,857,1180]
[0,369,464,742,858,961,1180]
[0,364,464,742,1180]
[0,369,464,961,1180]
[0,92,369,900,1180]
[0,464,742,857,1180]
[0,742,857,961,1180]
[0,369,464,1180]
[0,67,369,464,857,961,1180]
[0,195,464,1180]
[0,364,464,1180]
[0,195,464,742,858,1180]
[0,369,857,961,1180]
[0,364,464,742,900,1180]
[0,369,857,1180]
[0,195,857,961,1180]
[0,195,313,369,464,742,858,961,1180]
[0,742,858,961,1180]
[0,92,364,464,742,900,1180]
[0,67,364,464,742,858,961,1180]
[0,195,464,742,858,961,1180]
[0,369,464,742,1180]
[0,900,1180]
[0,92,900,1180]
[0,364,464,742,858,961,1180]
[0,858,1180]
[0,742,857,1180]
[0,195,464,742,1180]
[0,67,369,464,742,857,961,1180]
[0,369,464,742,857,1180]
[0,195,369,464,742,858,961,1180]
[0,369,464,742,857,961,1180]
[0,67,364,464,857,961,1180]
[0,364,464,742,858,1180]
