[0,729,1015,2017]
[0,520,2017]
[0,520,729,919,1012,1913,2017]
[0,520,919,1136,2017]
[0,525,729,782,840,906,1012,1168,1913,2017]
[0,525,906,1012,1168,1913,2017]
[0,520,729,919,1136,1915,2017]
[0,520,919,1012,1136,1913,2017]
[0,525,782,840,1012,1168,1913,2017]
[0,520,782,919,1136,2017]
[0,729,2017]
[0,525,782,906,1012,1168,1913,2017]
[0,520,729,1012,2017]
[0,520,919,1012,1136,1915,2017]
[0,520,919,1012,1913,2017]
[0,525,906,1168,2017]
[0,520,729,919,1012,1136,1913,2017]
[0,525,782,840,906,1012,1168,1913,2017]
[0,525,906,1012,1913,2017]
[0,525,840,1168,1913,2017]
[0,786,2017]
[0,525,1012,2017]
[0,525,729,782,906,1012,1913,2017]
[0,520,729,782,919,1012,1136,1915,2017]
[0,520,729,1012,1915,2017]
[0,520,851,1015,2017]
[0,525,729,782,906,1012,1168,1913,2017]
[0,520,729,782,850,919,1012,1136,1915,2017]
[0,520,729,782,850,919,1012,1136,1913,2017]
[0,520,1015,2017]
[0,520,782,919,1136,1915,2017]
[0,520,851,1136,2017]
[0,520,919,1136,1915,2017]
[0,525,1168,2017]
[0,1168,2017]
[0,782,1012,1913,2017]
[0,525,782,1012,2017]
[0,729,1015,1913,2017]
[0,525,840,1012,2017]
[0,520,729,782,919,1012,2017]
[0,525,906,1012,1168,2017]
[0,520,729,919,1012,1915,2017]
[0,520,851,1168,2017]
[0,525,1913,2017]
[0,525,782,906,1012,2017]
[0,520,782,850,919,1012,1136,1915,2017]
[0,520,1012,2017]
[0,786,1913,2017]
[0,520,1168,2017]
[0,525,782,906,1168,2017]
[0,525,840,1168,2017]
[0,520,782,850,919,1012,1136,1913,2017]
[0,520,729,919,1012,2017]
[0,782,2017]
[0,520,1012,1913,2017]
[0,520,1136,1915,2017]
[0,782,1913,2017]
[0,1136,2017]
[0,525,782,906,1012,1913,2017]
[0,525,906,1012,2017]
[0,520,1109,1913,2017]
[0,520,1136,1913,2017]
[0,520,851,1015,1168,1913,2017]
[0,525,840,1012,1168,1913,2017]
[0,520,919,1012,2017]
[0,520,919,1012,1915,2017]
[0,520,1012,1915,2017]
[0,520,729,919,1012,1136,1915,2017]
[0,520,729,782,919,1012,1136,1913,2017]
[0,520,729,1012,1913,2017]
[0,520,782,919,1012,1136,1913,2017]
[0,1109,2017]
[0,782,1012,2017]
[0,525,840,1012,1168,2017]
[0,520,782,919,1136,1913,2017]
[0,520,1136,2017]
[0,520,1913,2017]
[0,520,729,782,919,1012,1913,2017]
[0,520,919,1136,1913,2017]
[0,520,782,919,1012,1136,1915,2017]
[0,525,1012,1913,2017]
[0,520,851,1015,1168,2017]
[0,520,729,919,1136,2017]
[0,520,851,1136,1913,2017]
[0,520,1915,2017]
[0,520,729,782,919,1012,1915,2017]
[0,525,782,840,1168,1913,2017]
[0,525,782,906,1012,1168,2017]
[0,525,2017]
[0,525,729,782,906,1012,2017]
[0,520,729,919,1136,1913,2017]
[0,525,1168,1913,2017]
[0,520,1168,1913,2017]
[0,520,1109,2017]
[0,520,851,1168,1913,2017]
