[0,194,472,857,2019]
[0,194,503,857,1149,1935,2019]
[0,194,472,857,1149,1409,2019]
[0,194,570,857,1149,1459,2019]
[0,503,1456,2019]
[0,503,2019]
[0,194,472,857,1935,2019]
[0,857,1149,1459,2019]
[0,501,1935,2019]
[0,503,857,1459,2019]
[0,225,501,857,1149,1935,2019]
[0,194,503,2019]
[0,1456,2019]
[0,194,472,857,1149,2019]
[0,1089,2019]
[0,472,2019]
[0,194,503,857,1149,1456,1935,2019]
[0,1149,1459,2019]
[0,225,501,857,1149,1459,2019]
[0,472,857,2019]
[0,857,2019]
[0,194,472,1089,1149,1935,2019]
[0,194,570,857,2019]
[0,194,2019]
[0,503,1459,2019]
[0,501,1732,2019]
[0,225,501,857,1935,2019]
[0,503,857,1456,2019]
[0,194,472,1089,1935,2019]
[0,472,857,1149,1924,2019]
[0,472,857,1149,1409,1935,2019]
[0,225,501,857,1149,1459,1935,2019]
[0,194,503,857,1935,2019]
[0,857,1149,2019]
[0,472,857,1924,2019]
[0,472,857,1935,2019]
[0,570,857,2019]
[0,194,472,857,1149,1409,1935,2019]
[0,194,570,857,1149,2019]
[0,194,472,857,1089,1149,1409,1935,2019]
[0,501,857,2019]
[0,503,857,1149,2019]
[0,194,472,857,1149,1935,2019]
[0,501,857,1149,2019]
[0,1089,1935,2019]
[0,501,2019]
[0,501,857,1459,2019]
[0,472,1089,2019]
[0,194,503,857,1149,1459,1935,2019]
[0,1089,1149,1935,2019]
[0,503,857,2019]
[0,570,857,1149,2019]
[0,194,1149,1935,2019]
[0,503,857,1149,1456,2019]
[0,194,503,857,2019]
[0,194,472,1935,2019]
[0,194,472,2019]
[0,194,503,857,1149,1459,2019]
[0,194,472,857,1089,1149,1935,2019]
[0,194,1089,1149,1935,2019]
[0,194,503,1935,2019]
[0,501,1459,2019]
[0,194,1935,2019]
[0,857,1935,2019]
[0,194,472,1089,2019]
[0,194,1149,2019]
[0,225,501,857,2019]
[0,1935,2019]
[0,472,857,1149,1409,2019]
[0,1149,2019]
[0,194,503,857,1149,2019]
[0,194,503,857,1149,1456,2019]
[0,1732,2019]
[0,501,857,1149,1459,2019]
[0,1459,2019]
[0,194,570,857,1149,1935,2019]
[0,501,857,1935,2019]
[0,472,857,1149,1935,2019]
[0,225,501,857,1149,2019]
[0,194,570,857,1935,2019]
[0,194,570,857,1149,1459,1935,2019]
[0,503,857,1149,1459,2019]
[0,570,857,1149,1459,2019]
[0,857,1732,2019]
[0,570,857,1935,2019]
[0,472,857,1149,2019]
