[0,507,720,843,975,1046]
[0,662,720,843,975,1046]
[0,720,843,1046]
[0,60,720,843,968,1046]
[0,662,720,843,968,1046]
[0,720,843,968,1046]
[0,932,1046]
[0,507,1046]
[0,634,720,843,1046]
[0,507,843,1046]
[0,60,720,932,1046]
[0,60,932,1046]
[0,60,507,720,843,975,1046]
[0,60,1046]
[0,720,1046]
[0,60,507,662,720,763,843,932,975,1046]
[0,797,1046]
[0,60,507,662,720,843,932,975,1046]
[0,662,720,843,1046]
[0,662,720,843,932,975,1046]
[0,507,720,843,1046]
[0,60,662,720,763,843,932,975,1046]
[0,843,1046]
[0,60,797,1046]
[0,720,932,1046]
[0,60,662,720,843,932,975,1046]
[0,634,720,843,968,1046]
[0,720,843,975,1046]
[0,60,662,720,843,975,1046]
[0,60,720,843,1046]
[0,60,634,720,843,968,1046]
[0,60,720,843,975,1046]
[0,60,662,720,843,968,1046]
[0,60,507,662,720,843,975,1046]
