[0,532,1348,4758]
[0,532,1348,2180,2859,3163,3570,4352,4758]
[0,1348,1962,4758]
[0,1391,2180,3570,4758]
[0,532,2180,3570,4758]
[0,532,1348,1962,4758]
[0,1391,2180,4758]
[0,532,1348,1962,4352,4758]
[0,532,3163,4758]
[0,532,1391,2180,3570,4758]
[0,532,1348,3570,4352,4758]
[0,532,1962,2180,4758]
[0,532,1391,3570,4352,4758]
[0,532,3570,4758]
[0,532,1348,3163,4758]
[0,532,3163,3570,4352,4758]
[0,532,1391,4758]
[0,1348,4758]
[0,532,1348,1962,2180,2859,3163,3570,4352,4758]
[0,532,3570,4352,4758]
[0,532,1348,3163,3570,4758]
[0,532,1391,1962,4758]
[0,532,1391,1962,3163,4758]
[0,1962,3163,4758]
[0,532,1391,1962,2180,3163,3570,4352,4758]
[0,532,1391,2180,2859,3163,3570,4352,4758]
[0,532,1348,3570,4758]
[0,3163,4758]
[0,532,1348,1962,2180,3570,4352,4758]
[0,532,1391,1962,3163,3570,4758]
[0,532,1391,1962,3163,3570,4352,4758]
[0,532,1391,3163,4758]
[0,532,2180,4352,4758]
[0,532,1348,2180,3570,4758]
[0,532,1391,1962,2180,2859,3163,3570,4352,4688,4758]
[0,3471,4758]
[0,3570,4758]
[0,532,1391,2180,3163,3570,4758]
[0,532,1348,2180,3163,3570,4758]
[0,532,2180,4758]
[0,704,4758]
[0,532,4758]
[0,532,1348,3163,3570,4352,4758]
[0,532,2180,3163,3570,4352,4758]
[0,532,1391,1962,2180,2859,3163,3570,4352,4758]
[0,532,1962,2180,2859,3163,3570,4352,4758]
[0,532,2180,3163,3570,4758]
[0,532,1348,2180,4758]
[0,532,1391,1962,2180,3570,4352,4758]
[0,1391,1962,3163,4758]
[0,532,4352,4758]
[0,1348,3163,4758]
[0,1962,4352,4758]
[0,532,1348,4352,4758]
[0,532,1391,1962,2180,4758]
[0,532,1391,3163,3570,4352,4758]
[0,1391,1962,4758]
[0,532,1391,2180,4758]
[0,1348,3570,4758]
[0,532,1391,1962,4352,4758]
[0,2180,4758]
[0,532,1962,2180,3570,4352,4758]
[0,1962,4758]
[0,1348,2180,3570,4758]
[0,532,1391,4352,4758]
[0,704,2104,4758]
[0,532,1348,2180,3570,4352,4758]
[0,4352,4758]
[0,1391,3163,4758]
[0,532,1391,2180,3163,3570,4352,4758]
[0,532,1962,2180,4352,4758]
[0,532,1391,2180,3570,4352,4758]
[0,532,1391,1962,2180,4352,4758]
[0,532,1391,3163,3570,4758]
[0,532,2180,3570,4352,4758]
[0,532,2180,2859,3163,3570,4352,4758]
[0,2180,3570,4758]
[0,1391,3570,4758]
[0,532,3163,3570,4758]
[0,532,1348,2180,3163,3570,4352,4758]
[0,2104,4758]
[0,532,1391,3570,4758]
[0,1391,4758]
[0,1348,2180,4758]
[0,532,2859,3163,3570,4352,4758]
