[0,1578,2189]
[0,280,465,785,1143,1534,1830,2189]
[0,465,785,1143,1534,2189]
[0,280,465,785,1143,2189]
[0,465,785,1148,1534,1830,2189]
[0,710,1578,2189]
[0,278,465,785,1148,2189]
[0,465,785,1249,1534,2189]
[0,278,465,616,785,1143,1534,1830,2189]
[0,710,1301,1958,2189]
[0,785,1958,2189]
[0,465,785,1148,2189]
[0,278,465,785,1249,2189]
[0,465,785,1249,2189]
[0,785,1148,2189]
[0,785,1249,2189]
[0,785,2189]
[0,1958,2189]
[0,278,465,785,1249,1534,2189]
[0,1148,2189]
[0,785,1148,1534,2189]
[0,280,465,785,1148,1534,2189]
[0,278,465,785,1143,2189]
[0,278,465,785,1148,1534,2189]
[0,1148,1534,2189]
[0,785,1148,1534,1958,2189]
[0,785,1148,1534,1830,2189]
[0,278,465,785,2189]
[0,280,465,785,1148,1534,1830,2189]
[0,710,2189]
[0,465,785,1143,2189]
[0,785,1143,2189]
[0,710,1958,2189]
[0,278,465,785,1143,1534,1830,2189]
[0,1143,2189]
[0,785,1249,1534,2189]
[0,278,2189]
[0,465,785,1148,1534,2189]
[0,278,465,2189]
[0,280,465,785,1148,2189]
[0,278,465,616,785,1148,1534,2189]
[0,465,785,2189]
[0,465,785,1143,1534,1830,2189]
[0,785,1143,1534,2189]
[0,280,465,785,1143,1534,2189]
[0,710,1301,2189]
[0,278,465,785,1143,1534,2189]
[0,1143,1534,2189]
[0,785,1143,1534,1830,2189]
