[0,550,782,1252,1508,2189]
[0,2126,2189]
[0,270,517,782,1527,1911,2189]
[0,1252,1527,1911,2189]
[0,127,550,782,941,1252,1508,2189]
[0,715,1559,2189]
[0,1252,2189]
[0,127,517,782,1508,2189]
[0,270,550,782,2189]
[0,517,782,1252,1508,2189]
[0,419,837,2126,2189]
[0,419,1911,2189]
[0,127,2189]
[0,270,782,1527,1911,2189]
[0,1527,2189]
[0,1252,1527,2189]
[0,270,2189]
[0,419,2126,2189]
[0,127,517,782,1911,2126,2189]
[0,270,517,782,1252,1508,2189]
[0,517,837,1527,2189]
[0,517,1508,2189]
[0,127,517,782,1252,1508,2189]
[0,550,782,2126,2189]
[0,550,782,941,1508,2189]
[0,127,517,782,1508,1911,2189]
[0,181,837,2126,2189]
[0,127,270,517,782,976,1252,1508,1911,2126,2189]
[0,127,517,782,1252,1527,1911,2189]
[0,550,782,1508,1911,2189]
[0,181,517,782,2189]
[0,127,270,550,782,941,1252,1508,1911,2126,2189]
[0,181,517,837,2189]
[0,181,517,837,1527,2189]
[0,181,517,782,1252,1527,2189]
[0,270,550,782,941,1252,1508,1911,2189]
[0,550,782,2189]
[0,782,1252,1527,2189]
[0,782,2189]
[0,270,782,941,2189]
[0,782,1508,2189]
[0,127,517,782,1252,1527,2189]
[0,127,517,782,1911,2189]
[0,270,517,782,976,1252,1508,1911,2189]
[0,127,550,782,1252,1508,2189]
[0,837,1527,2189]
[0,127,517,782,1252,1527,2126,2189]
[0,270,782,1508,1911,2189]
[0,550,2126,2189]
[0,517,2189]
[0,419,837,2189]
[0,127,270,550,782,941,1252,1508,2126,2189]
[0,550,1252,2189]
[0,127,270,517,782,976,1252,1527,1911,2189]
[0,127,517,782,1527,1911,2189]
[0,550,782,1911,2189]
[0,127,550,782,1252,1508,2126,2189]
[0,517,1527,1911,2189]
[0,181,517,837,1252,1527,2189]
[0,782,1527,2189]
[0,270,782,941,1252,1508,2189]
[0,550,782,941,1911,2189]
[0,270,782,1252,1527,2189]
[0,550,1508,1911,2189]
[0,127,550,782,941,1252,1508,1911,2189]
[0,270,782,1252,2189]
[0,782,1252,1527,1911,2189]
[0,181,517,782,976,1252,1527,2189]
[0,127,550,782,941,2126,2189]
[0,270,517,782,1252,1508,1911,2189]
[0,127,517,782,1508,1911,2126,2189]
[0,270,782,2189]
[0,127,517,782,1527,2126,2189]
[0,550,782,1252,1508,1911,2189]
[0,270,550,782,1252,1508,1911,2189]
[0,517,1252,1527,1911,2189]
[0,270,782,1252,1508,1911,2189]
[0,550,782,1252,2189]
[0,270,517,782,2189]
[0,517,1508,1911,2189]
[0,1559,2189]
[0,419,2189]
[0,550,782,941,1252,2189]
[0,127,550,782,941,1252,1508,2126,2189]
[0,127,550,782,941,1508,1911,2189]
[0,1508,2189]
[0,127,270,550,782,941,1252,1508,1911,2189]
[0,127,270,517,782,976,1252,1508,1911,2189]
[0,270,550,782,1252,1508,2189]
[0,517,782,1527,2189]
[0,127,517,782,976,1252,1527,1911,2189]
[0,517,1252,1527,2189]
[0,517,782,976,1252,1527,2189]
[0,517,782,1508,1911,2189]
[0,127,550,782,941,1911,2126,2189]
[0,181,517,782,1527,2189]
[0,127,517,782,1252,1508,1911,2126,2189]
[0,517,782,976,1252,1527,1911,2189]
[0,127,550,782,941,1911,2189]
[0,270,517,782,1508,2189]
[0,127,2126,2189]
[0,181,837,2189]
[0,517,782,1252,1508,1911,2189]
[0,270,782,1252,1527,1911,2189]
[0,550,782,1508,2189]
[0,517,1911,2189]
[0,715,2189]
[0,127,550,782,941,2189]
[0,127,517,782,976,1252,1527,1911,2126,2189]
[0,127,550,782,941,1252,1508,1911,2126,2189]
[0,270,517,782,1252,1527,1911,2189]
[0,127,550,782,941,1252,2126,2189]
[0,127,550,782,941,1508,1911,2126,2189]
[0,127,517,782,1252,1527,1911,2126,2189]
[0,127,517,782,2126,2189]
[0,270,782,941,1252,2189]
[0,550,1252,1508,2189]
[0,127,517,782,976,1252,1527,2126,2189]
[0,181,517,837,2126,2189]
[0,517,782,976,1252,1508,1911,2189]
[0,127,517,782,1252,1508,1911,2189]
[0,181,2126,2189]
[0,550,1252,1508,1911,2189]
[0,127,270,517,782,976,1252,1527,2126,2189]
[0,517,782,1508,2189]
[0,837,2189]
[0,270,517,782,976,1252,1527,1911,2189]
[0,782,1527,1911,2189]
[0,270,517,782,1527,2189]
[0,127,550,782,941,1252,2189]
[0,517,1252,2189]
[0,181,837,1527,2189]
[0,127,782,2189]
[0,270,517,782,976,1252,1527,2189]
[0,127,550,782,1508,2189]
[0,550,1508,2189]
[0,181,2189]
[0,181,517,782,976,1252,1527,2126,2189]
[0,181,517,782,1527,2126,2189]
[0,1508,1911,2189]
[0,550,782,941,1252,1508,1911,2189]
[0,1527,1911,2189]
[0,270,550,782,1508,2189]
[0,517,837,1252,1527,2189]
[0,127,517,782,1527,1911,2126,2189]
[0,181,782,2189]
[0,550,2189]
[0,270,782,1252,1508,2189]
[0,270,782,1508,2189]
[0,782,1252,2189]
[0,127,517,782,976,1252,1508,1911,2126,2189]
[0,127,270,517,782,976,1252,1527,1911,2126,2189]
[0,127,550,782,2189]
[0,127,550,782,1508,2126,2189]
[0,127,550,782,941,1508,2189]
[0,127,270,517,782,976,1252,1527,2189]
[0,181,517,782,1252,1527,2126,2189]
[0,181,517,837,1527,2126,2189]
[0,782,1508,1911,2189]
[0,517,782,2189]
[0,517,837,2189]
[0,127,517,782,1527,2189]
[0,517,782,1252,1527,2189]
[0,181,517,837,1252,1527,2126,2189]
[0,517,782,1911,2189]
[0,270,550,782,941,1252,1508,2189]
[0,127,550,782,1911,2189]
[0,270,782,1527,2189]
[0,550,1911,2189]
[0,550,782,941,1252,1508,2189]
[0,270,517,782,1252,1527,2189]
[0,517,1527,2189]
[0,127,550,782,1911,2126,2189]
[0,517,782,1527,1911,2189]
[0,550,782,941,1508,1911,2189]
[0,127,517,782,976,1252,1527,2189]
[0,127,270,550,782,941,1252,1508,2189]
[0,181,782,2126,2189]
[0,127,517,782,976,1252,1508,1911,2189]
[0,181,517,782,2126,2189]
[0,127,550,782,2126,2189]
[0,517,782,1252,1527,1911,2189]
[0,550,782,941,2189]
[0,127,782,2126,2189]
[0,127,517,782,2189]
