[0,556,1096,1352,1722,2554]
[0,1217,1810,2338,2554]
[0,556,726,1096,1352,2246,2418,2554]
[0,552,1302,1810,2554]
[0,1352,2554]
[0,556,1302,1810,2338,2554]
[0,1352,1722,2554]
[0,394,556,2554]
[0,1352,1810,2554]
[0,556,2418,2554]
[0,262,556,1096,1352,1722,2554]
[0,262,552,1096,1302,1810,2554]
[0,556,1096,2060,2418,2554]
[0,552,1096,1302,1810,2554]
[0,1217,2554]
[0,556,726,1352,1722,2554]
[0,394,2554]
[0,394,1217,2060,2554]
[0,556,1352,2554]
[0,556,1096,1302,1810,2246,2554]
[0,2060,2554]
[0,556,726,1096,1352,1722,2246,2418,2554]
[0,394,2015,2338,2554]
[0,1096,1302,2246,2554]
[0,394,556,1096,2554]
[0,1096,1302,1810,2554]
[0,556,726,2060,2418,2554]
[0,556,726,2060,2554]
[0,1096,1302,1810,2246,2418,2554]
[0,262,552,1302,1810,2554]
[0,556,1096,1352,2246,2554]
[0,1217,1810,2060,2338,2554]
[0,556,726,1096,1352,2246,2554]
[0,2015,2554]
[0,556,1302,1810,2246,2554]
[0,556,2060,2554]
[0,1302,2554]
[0,262,552,746,1096,1302,1810,2338,2554]
[0,556,726,1096,1352,1722,2554]
[0,2015,2338,2554]
[0,556,726,1096,1352,2554]
[0,556,2060,2418,2554]
[0,556,1096,1352,2554]
[0,394,726,2015,2554]
[0,262,556,726,1352,1722,2554]
[0,2338,2554]
[0,394,2015,2554]
[0,556,1096,1302,1810,2554]
[0,1302,2246,2554]
[0,394,726,2015,2338,2554]
[0,394,556,1096,2060,2554]
[0,1302,1810,2554]
[0,556,1302,2554]
[0,262,552,1096,1302,1810,2338,2554]
[0,1302,1810,2246,2554]
[0,262,556,726,1096,1352,1722,2554]
[0,262,556,1352,1722,2554]
[0,556,726,1352,2554]
[0,1217,1810,2554]
[0,1217,2338,2554]
[0,552,1302,2554]
[0,394,726,1217,2060,2554]
[0,1302,1810,2338,2554]
[0,556,1096,2060,2554]
[0,1217,1810,2060,2554]
[0,556,1352,2246,2554]
[0,556,1217,2060,2554]
[0,1096,1352,1810,2554]
[0,556,1352,1722,2554]
[0,556,1096,1352,1722,2246,2554]
[0,394,1217,2554]
[0,262,552,1302,1810,2338,2554]
[0,556,1302,1810,2554]
[0,1096,1302,1810,2246,2554]
[0,556,726,1096,1352,1722,2246,2554]
[0,556,1352,1722,2246,2554]
[0,1096,1352,1810,2338,2554]
[0,394,726,2554]
[0,556,1096,1302,1810,2338,2554]
[0,394,556,1096,2060,2418,2554]
[0,556,2554]
[0,1217,2060,2554]
[0,1096,1302,1810,2338,2554]
[0,556,1096,2554]
[0,822,2554]
[0,556,1217,2554]
[0,1096,1302,2554]
[0,556,1096,1302,1810,2246,2418,2554]
[0,1810,2554]
[0,556,726,2554]
[0,1096,1302,2246,2418,2554]
