[0,72,164,260,455,598,714,969]
[0,160,455,598,714,969]
[0,72,260,455,598,969]
[0,164,455,598,714,969]
[0,164,455,598,969]
[0,164,455,969]
[0,160,455,598,729,969]
[0,72,164,260,455,598,969]
[0,160,261,455,598,969]
[0,455,598,714,789,969]
[0,598,969]
[0,455,969]
[0,204,598,969]
[0,72,455,598,714,969]
[0,204,969]
[0,72,260,322,455,598,714,789,969]
[0,160,455,969]
[0,260,455,598,714,789,969]
[0,164,260,322,455,969]
[0,72,164,260,322,455,598,714,969]
[0,260,455,598,714,969]
[0,72,164,261,455,598,969]
[0,164,261,455,598,714,969]
[0,72,164,261,455,598,714,969]
[0,160,455,598,969]
[0,455,598,714,969]
[0,72,164,260,455,598,714,789,969]
[0,164,261,455,598,969]
[0,260,455,598,969]
[0,164,455,598,729,969]
[0,72,260,455,598,714,789,969]
[0,164,260,322,455,598,969]
[0,260,455,969]
[0,72,260,322,455,598,969]
[0,164,260,455,598,969]
[0,164,261,455,598,729,969]
[0,72,455,969]
[0,72,455,598,969]
[0,72,260,322,455,598,714,969]
[0,72,455,598,714,789,969]
[0,72,260,455,969]
[0,72,164,261,455,598,729,969]
[0,164,260,455,969]
[0,72,164,261,455,598,714,789,969]
[0,72,260,322,455,969]
[0,164,261,455,598,714,789,969]
[0,164,260,455,598,714,969]
[0,72,260,455,598,714,969]
[0,72,164,260,322,455,598,969]
[0,455,598,969]
[0,72,164,260,322,455,598,714,789,969]
[0,471,969]
[0,164,260,455,598,714,789,969]
[0,160,261,455,598,729,969]
