[0,661,984,1381,1601,1899,2019]
[0,307,661,984,1381,1601,2019]
[0,661,885,1381,1601,1899,2019]
[0,102,661,1381,1601,1899,2019]
[0,102,661,885,984,1381,1601,1808,1899,2019]
[0,102,949,1381,1601,1808,1899,2019]
[0,102,307,984,1381,1601,1808,1899,2019]
[0,102,1324,1381,1601,1808,1899,2019]
[0,102,307,984,1381,1601,1899,2019]
[0,1601,1899,2019]
[0,661,879,1381,1601,1899,2019]
[0,661,1603,2019]
[0,102,949,1899,2019]
[0,1601,2019]
[0,984,1381,1601,1899,2019]
[0,307,984,1381,2019]
[0,102,2019]
[0,102,661,885,1381,1601,1808,1899,2019]
[0,307,661,984,1381,2019]
[0,102,1899,2019]
[0,102,661,885,984,1381,1601,1899,2019]
[0,102,661,1324,1381,1601,1808,1899,2019]
[0,1603,2019]
[0,661,885,1381,2019]
[0,661,2019]
[0,102,661,885,984,1324,1381,1601,1808,1899,2019]
[0,102,661,879,984,1381,1601,1808,1899,2019]
[0,307,984,1381,1601,1899,2019]
[0,949,2019]
[0,102,307,661,885,984,1381,1601,1899,2019]
[0,661,879,984,1381,1601,1899,2019]
[0,1381,1601,1808,1899,2019]
[0,307,1381,1601,1899,2019]
[0,102,1381,2019]
[0,661,1899,2019]
[0,102,307,661,885,984,1324,1381,1601,1808,1899,2019]
[0,712,1899,2019]
[0,102,1603,2019]
[0,661,1381,1601,2019]
[0,307,1381,2019]
[0,307,984,1381,1601,2019]
[0,102,1381,1601,1808,1899,2019]
[0,1899,2019]
[0,102,661,879,984,1381,1601,1899,2019]
[0,1381,1601,2019]
[0,102,661,984,1381,1601,1808,1899,2019]
[0,661,1381,2019]
[0,1381,1601,1899,2019]
[0,712,2019]
[0,661,885,1381,1601,2019]
[0,984,1381,2019]
[0,879,984,1381,1601,1899,2019]
[0,102,712,1899,2019]
[0,661,984,1381,1601,2019]
[0,1381,2019]
[0,102,661,1899,2019]
[0,949,1899,2019]
[0,102,661,879,984,1324,1381,1601,1808,1899,2019]
[0,307,1381,1601,2019]
[0,1324,1381,1601,1808,1899,2019]
[0,102,307,661,885,984,1381,1601,1808,1899,2019]
[0,307,661,984,1381,1601,1899,2019]
[0,661,984,1381,2019]
[0,102,661,1381,1601,1808,1899,2019]
[0,984,1381,1601,2019]
[0,102,661,1381,2019]
[0,949,1381,2019]
[0,102,661,885,1324,1381,1601,1808,1899,2019]
[0,949,1381,1601,2019]
[0,102,949,1381,1601,1899,2019]
[0,661,1381,1601,1899,2019]
[0,1324,1381,1601,1899,2019]
[0,102,661,2019]
[0,102,307,1381,1601,1808,1899,2019]
[0,102,307,661,984,1381,1601,1899,2019]
[0,949,1381,1601,1899,2019]
[0,102,1381,1601,1899,2019]
[0,102,661,984,1381,1601,1899,2019]
[0,661,879,1381,1601,2019]
[0,102,661,885,1381,1601,1899,2019]
[0,102,307,1381,1601,1899,2019]
