[0,84,196,1675,1856,2088,2189]
[0,84,196,1585,1675,1781,1856,2088,2189]
[0,84,196,660,1585,1856,2088,2189]
[0,196,2189]
[0,196,1630,2047,2189]
[0,964,2189]
[0,84,196,1585,1856,2088,2189]
[0,196,2088,2189]
[0,964,1753,2189]
[0,84,196,1585,1675,1856,2088,2189]
[0,196,1753,2189]
[0,660,964,1585,2189]
[0,196,1781,2088,2189]
[0,660,1753,2189]
[0,2088,2189]
[0,196,660,964,1585,1675,1856,2088,2189]
[0,196,1781,2189]
[0,84,196,1753,1856,2088,2189]
[0,196,1585,2189]
[0,196,2047,2189]
[0,196,1675,2189]
[0,84,196,1781,2088,2189]
[0,196,660,1753,1856,2088,2189]
[0,196,1753,1856,2189]
[0,84,196,660,964,1585,1675,1781,1856,2088,2189]
[0,660,1585,2189]
[0,196,1781,1856,2189]
[0,660,964,1585,1856,2189]
[0,196,660,1585,1675,1856,2088,2189]
[0,196,1585,1856,2088,2189]
[0,196,660,964,1585,1856,2088,2189]
[0,196,1675,2088,2189]
[0,196,1781,1856,2088,2189]
[0,84,196,660,1753,1856,2088,2189]
[0,660,964,1753,2189]
[0,1675,2189]
[0,84,196,1675,2088,2189]
[0,660,2189]
[0,196,1675,1856,2189]
[0,1585,1856,2189]
[0,196,660,964,1753,1856,2189]
[0,196,1753,1856,2088,2189]
[0,196,660,1753,2189]
[0,84,196,1675,1781,1856,2088,2189]
[0,196,1585,1856,2189]
[0,84,196,660,964,1753,1856,2088,2189]
[0,196,660,1585,1856,2189]
[0,964,1585,2189]
[0,196,660,964,1753,2189]
[0,660,1585,1856,2189]
[0,1630,2189]
[0,196,1585,2047,2189]
[0,1753,2189]
[0,196,660,1585,2189]
[0,84,196,660,964,1585,1856,2088,2189]
[0,84,196,660,1585,1675,1856,2088,2189]
[0,964,1585,1856,2189]
[0,84,196,660,964,1585,1675,1856,2088,2189]
[0,84,196,1781,1856,2088,2189]
[0,84,196,1585,2088,2189]
[0,196,660,964,1585,2189]
[0,196,660,1585,1856,2088,2189]
[0,84,196,660,1585,1675,1781,1856,2088,2189]
[0,196,660,1753,1856,2189]
[0,1781,2189]
[0,84,196,2088,2189]
[0,1585,2189]
[0,196,660,964,1753,1856,2088,2189]
[0,196,1675,1856,2088,2189]
[0,196,1585,1675,1856,2088,2189]
[0,196,660,964,1585,1856,2189]
[0,196,1585,2088,2189]
[0,196,1630,2189]
