[0,150,271,467,532,796,902,1046]
[0,150,344,887,1046]
[0,426,1046]
[0,321,902,1046]
[0,344,467,1046]
[0,150,426,1046]
[0,344,887,1046]
[0,150,321,532,796,1046]
[0,150,271,467,532,796,1046]
[0,271,796,1046]
[0,150,532,796,1046]
[0,150,344,1046]
[0,150,271,467,532,733,796,1046]
[0,150,321,796,902,1046]
[0,150,271,532,796,902,1046]
[0,344,467,532,796,1046]
[0,344,902,1046]
[0,150,321,751,902,1046]
[0,344,796,1046]
[0,150,321,796,1046]
[0,62,150,344,467,532,902,1046]
[0,150,532,796,902,1046]
[0,62,150,344,467,532,733,796,1046]
[0,426,902,1046]
[0,271,321,796,1046]
[0,426,796,1046]
[0,150,344,467,532,887,1046]
[0,271,532,796,1046]
[0,150,426,902,1046]
[0,150,344,467,1046]
[0,150,321,532,796,902,1046]
[0,150,321,751,1046]
[0,344,1046]
[0,271,532,1046]
[0,344,467,796,1046]
[0,150,344,467,532,902,1046]
[0,150,344,902,1046]
[0,321,796,1046]
[0,150,344,467,532,796,1046]
[0,751,1046]
[0,271,467,532,796,1046]
[0,150,271,467,532,733,796,902,1046]
[0,150,1046]
[0,532,796,1046]
[0,271,1046]
[0,150,271,321,467,532,796,902,1046]
[0,887,1046]
[0,150,344,796,1046]
[0,150,344,467,887,1046]
[0,150,344,467,532,733,796,1046]
[0,150,321,902,1046]
[0,150,321,467,532,796,902,1046]
[0,62,150,344,467,532,887,1046]
[0,150,321,467,532,796,1046]
[0,150,344,467,902,1046]
[0,150,467,532,796,1046]
[0,321,751,1046]
[0,150,344,467,796,1046]
[0,321,1046]
[0,532,1046]
[0,150,271,532,796,1046]
[0,321,532,796,1046]
[0,150,344,467,532,1046]
[0,902,1046]
[0,150,271,796,1046]
[0,796,1046]
[0,150,321,1046]
[0,467,532,796,1046]
