[0,99,357,565,1046,1236,1390,1933,2019]
[0,565,1046,1236,1390,2019]
[0,565,852,1064,2019]
[0,99,565,1046,1236,1390,1933,2019]
[0,1236,1900,2019]
[0,778,1064,1390,2019]
[0,565,1064,1933,2019]
[0,537,941,1064,1390,2019]
[0,99,565,1046,1236,1390,2019]
[0,99,357,565,1046,2019]
[0,357,565,778,1064,1236,2019]
[0,1346,2019]
[0,1390,2019]
[0,565,1064,1236,1390,2019]
[0,537,941,1390,2019]
[0,197,357,537,941,1236,1390,1900,2019]
[0,357,565,1046,2019]
[0,565,852,1064,1390,2019]
[0,357,565,778,1064,1236,1390,2019]
[0,197,357,537,941,1390,2019]
[0,705,2019]
[0,99,357,565,1046,1390,1933,2019]
[0,99,357,565,778,1064,1236,1390,2019]
[0,357,537,941,1064,1236,1390,1900,2019]
[0,565,1046,1236,2019]
[0,778,1064,2019]
[0,402,1236,1900,2019]
[0,537,941,1064,1390,1900,2019]
[0,705,1390,2019]
[0,99,565,778,853,1064,1236,1390,1933,2019]
[0,402,796,1236,2019]
[0,99,778,1064,1236,1390,1933,2019]
[0,99,357,565,1046,1236,1390,2019]
[0,99,565,778,1064,1236,1390,1933,2019]
[0,565,778,1064,1236,2019]
[0,1064,1390,2019]
[0,197,357,537,941,1236,1390,2019]
[0,537,1064,2019]
[0,197,357,537,941,1390,1900,2019]
[0,565,1046,1933,2019]
[0,99,778,853,1064,1236,1390,1933,2019]
[0,1390,1900,2019]
[0,99,357,565,1046,1390,2019]
[0,197,357,537,1390,1900,2019]
[0,537,1064,1236,2019]
[0,565,852,1064,1390,1933,2019]
[0,565,778,1064,1236,1390,2019]
[0,357,537,941,1064,2019]
[0,537,941,1064,1236,1390,2019]
[0,357,537,941,1064,1236,1390,2019]
[0,565,1046,1390,1933,2019]
[0,357,537,941,1064,1390,1900,2019]
[0,1346,1900,2019]
[0,537,1064,1236,1390,1900,2019]
[0,197,357,537,1390,2019]
[0,565,1046,1900,2019]
[0,565,1064,1390,2019]
[0,565,778,1064,2019]
[0,99,357,565,778,1064,1236,1390,1933,2019]
[0,537,1064,1236,1390,2019]
[0,357,565,1046,1390,2019]
[0,565,1064,1390,1933,2019]
[0,796,2019]
[0,99,565,1046,1390,1933,2019]
[0,357,537,1064,1390,2019]
[0,778,1064,1390,1933,2019]
[0,778,1064,1236,2019]
[0,402,1236,2019]
[0,1236,2019]
[0,99,778,1064,1236,1390,2019]
[0,778,1064,1236,1390,2019]
[0,1064,2019]
[0,537,1390,1900,2019]
[0,778,1064,1236,1390,1933,2019]
[0,357,537,941,1064,1390,2019]
[0,778,1064,1933,2019]
[0,537,1390,2019]
[0,99,565,778,1064,1236,1390,2019]
[0,1046,2019]
[0,565,1046,1390,2019]
[0,537,941,1064,1900,2019]
[0,402,796,2019]
[0,197,357,537,941,1064,1236,1390,2019]
[0,357,537,1064,1236,1390,2019]
[0,402,796,1236,1900,2019]
[0,357,537,941,1390,2019]
[0,99,565,1046,1390,2019]
[0,1900,2019]
[0,537,941,1064,2019]
[0,537,941,1064,1236,1390,1900,2019]
[0,197,357,537,941,1064,1236,1390,1900,2019]
[0,537,1064,1390,2019]
[0,197,357,537,1064,1236,2019]
[0,99,565,1046,2019]
[0,565,1064,2019]
[0,99,357,565,778,853,1064,1236,1390,1933,2019]
[0,197,357,537,1064,1236,1390,2019]
[0,565,1046,1236,1390,1933,2019]
[0,565,1046,2019]
[0,1064,1933,2019]
[0,537,1064,1390,1900,2019]
[0,197,357,537,1064,2019]
[0,357,537,1390,2019]
[0,565,1046,1390,1900,2019]
[0,357,565,778,1064,2019]
[0,565,1064,1236,2019]
[0,357,537,1064,1236,2019]
[0,537,1064,1900,2019]
[0,357,565,1046,1236,1390,2019]
[0,357,565,1046,1236,2019]
[0,357,537,1064,2019]
[0,357,537,1390,1900,2019]
