[0,198,241,1911]
[0,1037,1911]
[0,121,283,631,1911]
[0,631,1155,1453,1911]
[0,42,125,241,391,631,1037,1911]
[0,283,631,1155,1911]
[0,241,391,631,1155,1453,1911]
[0,42,241,631,1037,1911]
[0,198,241,631,1155,1911]
[0,241,391,631,1911]
[0,1155,1911]
[0,631,1037,1911]
[0,283,631,1155,1512,1911]
[0,42,241,391,631,1155,1453,1911]
[0,125,241,391,631,1155,1453,1911]
[0,241,391,631,1037,1911]
[0,631,1155,1512,1911]
[0,241,631,1037,1911]
[0,283,631,1214,1911]
[0,169,241,631,1155,1911]
[0,631,1911]
[0,125,241,391,631,1037,1911]
[0,42,241,631,1155,1453,1911]
[0,1214,1911]
[0,1181,1911]
[0,241,391,1911]
[0,169,241,391,631,1155,1453,1911]
[0,283,1911]
[0,42,241,631,1155,1911]
[0,631,1155,1911]
[0,42,125,241,391,631,1155,1453,1911]
[0,631,1181,1911]
[0,241,631,1911]
[0,121,283,631,1155,1911]
[0,631,1214,1911]
[0,169,241,631,1155,1453,1911]
[0,241,1911]
[0,42,241,391,631,1037,1911]
[0,241,391,631,1155,1911]
[0,241,631,1155,1911]
[0,121,283,631,1155,1512,1911]
[0,121,283,631,1214,1911]
[0,169,241,631,1911]
[0,283,631,1911]
[0,241,631,1155,1453,1911]
[0,198,241,631,1911]
[0,241,391,631,1181,1911]
[0,241,631,1181,1911]
