[0,646,786,1046]
[0,567,1046]
[0,567,786,1046]
[0,216,434,646,786,1046]
[0,50,216,646,786,1046]
[0,216,567,1046]
[0,216,646,786,1046]
[0,216,567,786,886,1046]
[0,50,216,567,786,886,1046]
[0,216,329,434,646,786,1046]
[0,216,646,1046]
[0,216,434,848,1046]
[0,216,397,1046]
[0,50,216,329,434,615,848,1046]
[0,50,216,434,786,1046]
[0,216,615,1046]
[0,50,216,434,646,786,1046]
[0,646,1046]
[0,216,434,786,1046]
[0,615,1046]
[0,216,848,1046]
[0,216,329,434,615,848,1046]
[0,216,329,434,848,1046]
[0,216,397,848,1046]
[0,216,615,886,1046]
[0,216,786,886,1046]
[0,434,1046]
[0,216,577,1046]
[0,216,567,786,1046]
[0,50,216,886,1046]
[0,216,1046]
[0,577,1046]
[0,50,216,329,434,848,1046]
[0,50,216,397,1046]
[0,216,577,786,886,1046]
[0,50,216,363,886,1046]
[0,50,216,577,786,886,1046]
[0,216,363,615,886,1046]
[0,216,434,646,786,886,1046]
[0,216,363,886,1046]
[0,216,434,1046]
[0,786,1046]
[0,216,434,786,886,1046]
[0,50,216,434,786,886,1046]
[0,50,216,363,615,886,1046]
[0,50,216,434,646,786,886,1046]
[0,216,434,615,848,1046]
[0,50,216,434,1046]
[0,50,216,329,434,646,786,1046]
[0,216,577,786,1046]
[0,50,216,397,848,1046]
[0,434,786,1046]
[0,786,886,1046]
[0,50,786,1046]
[0,50,216,1046]
[0,50,646,786,1046]
[0,50,216,434,848,1046]
[0,50,1046]
[0,216,886,1046]
