[0,365,467,594,654,893,1180]
[0,442,654,1180]
[0,321,442,1180]
[0,198,321,442,654,893,1180]
[0,160,395,594,950,1180]
[0,123,207,395,1180]
[0,467,654,1180]
[0,365,467,654,893,1180]
[0,442,594,1180]
[0,395,654,1180]
[0,198,950,1042,1180]
[0,654,1180]
[0,321,442,594,654,1180]
[0,123,198,1180]
[0,198,1180]
[0,198,321,654,1180]
[0,198,950,1180]
[0,321,395,1180]
[0,654,893,1180]
[0,123,594,950,1180]
[0,207,365,467,594,654,893,1180]
[0,365,654,1180]
[0,207,365,467,654,893,1180]
[0,123,198,950,1042,1180]
[0,198,321,654,893,1180]
[0,395,950,1180]
[0,442,1180]
[0,365,654,893,1180]
[0,198,321,442,1180]
[0,198,321,442,594,654,1180]
[0,321,654,893,1180]
[0,198,442,594,1180]
[0,395,594,950,1180]
[0,594,654,1180]
[0,123,207,365,654,893,1180]
[0,123,198,594,654,1180]
[0,198,654,1180]
[0,123,395,594,950,1042,1180]
[0,950,1180]
[0,950,1042,1180]
[0,123,395,1180]
[0,123,395,950,1042,1180]
[0,321,395,594,654,1180]
[0,123,395,950,1180]
[0,321,395,950,1180]
[0,395,950,1042,1180]
[0,123,654,1180]
[0,123,207,365,467,594,654,893,1180]
[0,123,198,654,1180]
[0,442,594,654,1180]
[0,395,1180]
[0,123,207,1180]
[0,123,207,365,467,654,893,1180]
[0,198,321,442,654,1180]
[0,123,198,467,654,1180]
[0,198,594,654,1180]
[0,198,442,1180]
[0,123,321,395,594,950,1042,1180]
[0,207,365,654,893,1180]
[0,123,467,654,1180]
[0,395,594,654,1180]
[0,594,950,1180]
[0,123,198,467,594,654,1180]
[0,198,321,442,594,1180]
[0,321,395,654,1180]
[0,207,1180]
[0,365,467,594,654,1180]
[0,365,467,654,1180]
[0,198,321,442,594,654,893,1180]
[0,467,594,654,1180]
[0,123,594,1180]
[0,123,321,395,950,1042,1180]
[0,123,950,1180]
[0,123,198,950,1180]
[0,123,395,594,950,1180]
[0,321,395,950,1042,1180]
[0,321,442,654,1180]
[0,594,1180]
[0,207,950,1180]
[0,321,654,1180]
