[0,1232,2019]
[0,437,2019]
[0,280,437,988,1190,1539,1776,2019]
[0,464,1539,2019]
[0,280,464,1190,1539,1776,2019]
[0,464,988,1190,1539,1776,2019]
[0,280,437,1539,2019]
[0,464,1190,1539,2019]
[0,464,1190,1539,1776,2019]
[0,280,464,1539,1776,2019]
[0,88,280,437,988,1190,1539,1776,2019]
[0,280,437,1190,1539,1776,2019]
[0,464,988,1347,1539,2019]
[0,1539,2019]
[0,280,437,1539,1776,2019]
[0,437,1539,2019]
[0,464,988,2019]
[0,88,280,437,1190,1539,1776,2019]
[0,88,286,437,988,1151,1347,1539,2019]
[0,437,1151,1539,1776,2019]
[0,280,464,1539,2019]
[0,286,437,2019]
[0,437,988,1347,1539,1776,2019]
[0,88,464,1539,2019]
[0,88,286,437,988,1151,1539,2019]
[0,437,1539,1762,2019]
[0,280,437,1190,1539,1762,2019]
[0,280,437,1539,1762,2019]
[0,464,2019]
[0,437,988,1190,1539,1762,2019]
[0,286,437,1539,2019]
[0,464,1347,1539,2019]
[0,437,988,1151,1347,1539,2019]
[0,88,280,437,1190,1539,1762,2019]
[0,286,437,1151,1539,2019]
[0,88,464,2019]
[0,988,1539,2019]
[0,88,280,437,1539,1762,2019]
[0,286,437,988,1151,1539,2019]
[0,280,437,988,1190,1539,1762,2019]
[0,88,286,437,988,1151,1347,1539,1776,2019]
[0,437,1151,1539,2019]
[0,437,1190,1539,1776,2019]
[0,437,1539,1776,2019]
[0,437,988,1151,1347,1539,1776,2019]
[0,88,280,464,1539,1776,2019]
[0,88,286,437,988,1151,1539,1776,2019]
[0,286,437,988,1151,1347,1539,1776,2019]
[0,437,988,1539,2019]
[0,280,464,2019]
[0,437,988,1151,1539,2019]
[0,286,437,988,1347,1539,2019]
[0,437,1347,1539,1776,2019]
[0,88,464,1539,1776,2019]
[0,437,988,1190,1539,1776,2019]
[0,286,437,988,1151,1539,1776,2019]
[0,88,280,437,988,1190,1539,1762,2019]
[0,988,2019]
[0,437,1347,1539,2019]
[0,280,464,988,1190,1539,1776,2019]
[0,437,988,1539,1776,2019]
[0,280,437,2019]
[0,437,988,1151,1539,1776,2019]
[0,437,1190,1539,1762,2019]
[0,464,1539,1776,2019]
[0,286,437,988,1151,1347,1539,2019]
[0,437,1190,1539,2019]
[0,88,280,464,1190,1539,1776,2019]
[0,437,988,1347,1539,2019]
[0,286,437,1347,1539,2019]
[0,88,280,464,988,1190,1539,1776,2019]
[0,88,280,437,1539,1776,2019]
[0,464,988,1539,2019]
