[0,1191,2018,2812]
[0,2468,2530,2812]
[0,1191,1454,2375,2519,2812]
[0,131,1191,1454,1842,2018,2421,2812]
[0,1191,1454,2812]
[0,1191,1454,1842,2018,2375,2812]
[0,1191,2018,2468,2812]
[0,1191,1454,2018,2468,2812]
[0,1191,1454,2421,2530,2812]
[0,2530,2812]
[0,2519,2812]
[0,1191,1454,2468,2530,2812]
[0,1191,2530,2812]
[0,131,1191,2812]
[0,1191,2519,2812]
[0,131,1191,1454,2018,2421,2530,2812]
[0,131,1191,1454,2375,2519,2812]
[0,131,2812]
[0,1191,1454,1842,2018,2421,2812]
[0,1191,2421,2530,2812]
[0,2468,2812]
[0,1191,1454,2468,2812]
[0,1191,1454,1842,2018,2468,2530,2812]
[0,1191,2468,2812]
[0,1191,2468,2530,2812]
[0,131,1191,1454,2421,2812]
[0,131,1191,1454,1842,2812]
[0,1191,2812]
[0,1191,2375,2812]
[0,2375,2519,2812]
[0,131,1191,1454,2812]
[0,131,1191,1454,2018,2421,2812]
[0,131,1191,1454,1842,2018,2468,2812]
[0,2018,2421,2812]
[0,2421,2530,2812]
[0,131,1191,2530,2812]
[0,1191,1454,1842,2018,2812]
[0,131,2468,2812]
[0,1191,2018,2530,2812]
[0,1191,1454,2018,2421,2530,2812]
[0,1191,1454,1842,2018,2375,2519,2812]
[0,1191,1454,1842,2018,2468,2812]
[0,131,1191,1454,2468,2812]
[0,1191,1454,2018,2468,2530,2812]
[0,131,1191,2018,2530,2812]
[0,1191,1454,2530,2812]
[0,1191,2018,2375,2812]
[0,1191,1454,1842,2018,2421,2530,2812]
[0,131,1191,1454,1842,2018,2421,2530,2812]
[0,131,1191,1454,1842,2018,2812]
[0,1191,2375,2519,2812]
[0,131,1191,1454,1842,2018,2375,2519,2812]
[0,1191,2018,2421,2812]
[0,1191,1454,2018,2421,2812]
[0,1191,1454,2018,2375,2812]
[0,131,1191,1454,2018,2468,2812]
[0,131,1191,1454,2421,2530,2812]
[0,131,1191,2018,2812]
[0,131,1191,1454,1842,2018,2468,2530,2812]
[0,2421,2812]
[0,1191,1454,2421,2812]
[0,1191,1454,2375,2812]
[0,1191,2421,2812]
[0,131,1191,1454,2018,2375,2519,2812]
[0,1191,1454,1842,2812]
[0,1191,1842,2812]
[0,131,1191,1454,2530,2812]
[0,2018,2812]
[0,1191,1454,2018,2375,2519,2812]
