[0,444,1180]
[0,72,1180]
[0,358,1180]
[0,72,226,286,358,444,542,857,1180]
[0,358,444,542,619,1180]
[0,226,286,358,444,542,1180]
[0,286,358,444,1180]
[0,68,226,286,358,444,542,619,667,1180]
[0,68,286,358,444,542,619,1180]
[0,72,358,444,542,857,1180]
[0,72,286,358,444,542,619,1180]
[0,72,444,542,857,1180]
[0,72,226,286,358,444,542,619,1180]
[0,72,286,358,444,542,857,1180]
[0,68,358,444,542,1180]
[0,72,358,444,542,619,857,1180]
[0,72,286,358,444,542,619,857,1180]
[0,72,226,286,358,444,542,619,667,857,1180]
[0,286,358,444,542,619,857,1180]
[0,68,358,444,542,857,1180]
[0,68,346,444,542,857,1180]
[0,72,358,444,542,1180]
[0,68,226,286,358,444,542,619,667,857,1180]
[0,72,226,286,358,444,542,619,857,1180]
[0,72,226,286,358,444,542,1180]
[0,857,1180]
[0,444,542,857,1180]
[0,358,444,1180]
[0,286,358,444,542,1180]
[0,444,857,1180]
[0,542,1180]
[0,443,1180]
[0,68,286,358,444,542,619,857,1180]
[0,346,444,542,857,1180]
[0,286,358,444,542,857,1180]
[0,68,346,444,542,1180]
[0,72,857,1180]
[0,68,226,286,358,444,542,619,857,1180]
[0,444,542,1180]
[0,286,358,444,542,619,1180]
[0,286,358,1180]
[0,346,444,542,1180]
[0,68,286,358,444,542,1180]
[0,68,226,286,358,444,542,857,1180]
[0,358,444,542,1180]
[0,72,444,857,1180]
[0,72,542,857,1180]
[0,68,226,286,358,444,542,619,1180]
[0,72,226,286,358,444,542,619,667,1180]
[0,72,542,1180]
[0,358,444,542,619,857,1180]
[0,443,857,1180]
[0,68,286,358,444,542,857,1180]
[0,72,286,358,444,542,1180]
[0,542,857,1180]
[0,68,226,286,358,444,542,1180]
[0,358,444,542,857,1180]
