[0,393,1461,1911]
[0,255,393,854,1461,1911]
[0,255,334,569,1461,1610,1911]
[0,331,393,1911]
[0,255,569,828,1461,1610,1911]
[0,331,393,854,1911]
[0,1633,1911]
[0,255,569,1911]
[0,331,569,1911]
[0,331,393,1461,1911]
[0,331,1588,1911]
[0,331,1610,1911]
[0,334,595,1911]
[0,255,1911]
[0,331,569,1461,1911]
[0,255,334,569,828,1461,1610,1911]
[0,255,393,854,1461,1550,1911]
[0,255,569,828,1461,1911]
[0,255,334,569,828,1461,1610,1809,1911]
[0,828,1461,1911]
[0,331,393,1461,1610,1911]
[0,331,393,1461,1588,1911]
[0,331,569,1461,1610,1911]
[0,331,854,1461,1550,1911]
[0,1461,1911]
[0,331,393,854,1461,1550,1911]
[0,334,1911]
[0,331,1461,1588,1911]
[0,331,1461,1610,1911]
[0,255,569,828,1461,1610,1809,1911]
[0,331,393,569,1461,1588,1911]
[0,569,1461,1911]
[0,569,854,1102,1461,1911]
[0,255,854,1461,1911]
[0,569,828,1461,1911]
[0,331,393,569,1461,1610,1911]
[0,331,569,1461,1588,1911]
[0,255,569,1461,1610,1911]
[0,393,1911]
[0,1610,1911]
[0,393,1633,1911]
[0,569,1911]
[0,569,854,1461,1911]
[0,255,854,1911]
[0,393,569,1461,1911]
[0,331,854,1911]
[0,854,1102,1461,1911]
[0,255,393,854,1911]
[0,393,569,854,1102,1461,1911]
[0,854,1461,1911]
[0,331,1461,1911]
[0,255,569,1461,1911]
[0,331,393,854,1461,1911]
[0,331,1911]
[0,393,569,854,1461,1911]
[0,1461,1610,1911]
[0,828,1911]
[0,331,854,1461,1911]
[0,1461,1588,1911]
[0,854,1911]
[0,334,569,1911]
[0,255,393,1911]
