[0,1032,1269,1394,1791,2170,2554]
[0,1269,1748,2554]
[0,1032,1394,2554]
[0,579,1269,1748,2170,2554]
[0,1748,2554]
[0,240,1032,1313,2170,2554]
[0,579,1791,2554]
[0,240,1032,2170,2454,2554]
[0,708,1032,1313,2170,2554]
[0,1269,1748,2170,2554]
[0,579,1269,1791,2554]
[0,1032,1313,2170,2554]
[0,882,2170,2554]
[0,1269,2170,2554]
[0,2170,2554]
[0,240,708,1032,1313,2170,2554]
[0,1032,2170,2554]
[0,708,1394,2170,2554]
[0,137,1032,1394,1791,2170,2554]
[0,1032,1269,1394,1791,2170,2454,2554]
[0,1032,1394,1791,2170,2554]
[0,1032,1394,1791,2170,2454,2554]
[0,240,1032,1313,2170,2454,2554]
[0,708,1394,2554]
[0,1032,1791,2170,2554]
[0,240,708,1032,1313,2170,2454,2554]
[0,579,1269,1748,2554]
[0,137,1032,1394,1791,2170,2454,2554]
[0,240,1032,2170,2554]
[0,1032,1313,2170,2454,2554]
[0,1032,2554]
[0,1032,1791,2554]
[0,1791,2554]
[0,882,2554]
[0,708,2554]
[0,240,882,2170,2554]
[0,708,2170,2554]
[0,1032,1394,2170,2454,2554]
[0,1032,1394,2170,2554]
[0,579,1748,2554]
[0,137,1032,1269,1394,1791,2170,2554]
[0,1269,2554]
[0,708,1032,2170,2554]
[0,1032,2170,2454,2554]
[0,1394,2554]
[0,137,1032,1269,1394,1791,2170,2454,2554]
[0,708,1394,1791,2170,2554]
