[0,111,184,351,507,605,765,860,980,1180]
[0,95,524,650,765,860,980,1180]
[0,111,605,765,860,980,1180]
[0,184,1180]
[0,351,765,1180]
[0,258,765,860,980,1180]
[0,258,605,765,860,980,1089,1180]
[0,111,351,507,605,765,860,980,1180]
[0,111,980,1180]
[0,95,796,980,1180]
[0,95,351,796,980,1180]
[0,95,605,765,860,980,1180]
[0,111,524,605,765,860,980,1089,1180]
[0,765,1180]
[0,184,860,1180]
[0,258,605,765,860,980,1180]
[0,351,1180]
[0,111,1180]
[0,111,351,507,605,765,860,980,1063,1180]
[0,111,351,605,765,980,1180]
[0,111,507,605,765,860,980,1180]
[0,650,980,1180]
[0,650,1180]
[0,650,765,980,1180]
[0,111,184,351,507,605,765,860,980,1063,1180]
[0,524,650,765,980,1180]
[0,95,524,650,765,980,1180]
[0,605,765,860,980,1180]
[0,95,980,1180]
[0,258,605,765,980,1180]
[0,351,765,980,1180]
[0,111,605,1180]
[0,980,1180]
[0,258,1180]
[0,524,650,1180]
[0,111,258,605,765,980,1180]
[0,351,980,1180]
[0,111,605,765,980,1180]
[0,95,1180]
[0,605,765,1180]
[0,351,605,765,980,1180]
[0,524,650,765,860,980,1180]
[0,796,980,1180]
[0,605,765,980,1180]
[0,111,258,524,605,765,860,980,1089,1180]
[0,524,650,980,1180]
[0,111,258,605,765,860,980,1180]
[0,258,765,860,980,1089,1180]
[0,111,605,765,1180]
[0,95,860,1180]
[0,111,765,980,1180]
[0,111,258,605,765,860,980,1089,1180]
[0,258,524,605,765,860,980,1089,1180]
[0,605,1180]
[0,258,765,1180]
[0,351,796,980,1180]
[0,111,351,507,605,765,980,1180]
[0,111,507,605,765,980,1180]
[0,258,765,980,1180]
[0,650,765,1180]
[0,111,605,765,860,980,1089,1180]
[0,765,980,1180]
[0,258,524,605,765,860,980,1180]
[0,860,1180]
