[0,701,1292,1494,1651]
[0,461,1292,1509,1651]
[0,147,332,814,1651]
[0,41,814,916,1292,1431,1509,1651]
[0,147,345,701,814,1494,1651]
[0,701,814,916,1292,1651]
[0,701,1292,1651]
[0,398,701,814,916,1292,1651]
[0,332,461,701,814,1494,1651]
[0,332,461,701,814,916,1292,1431,1509,1651]
[0,1292,1651]
[0,147,332,461,701,814,916,1292,1494,1651]
[0,332,814,1651]
[0,814,916,1292,1431,1509,1651]
[0,461,701,814,1292,1651]
[0,41,701,814,916,1292,1431,1509,1651]
[0,147,332,461,701,814,1292,1494,1651]
[0,701,814,1651]
[0,147,332,701,1651]
[0,147,332,461,701,814,1292,1509,1651]
[0,332,1494,1651]
[0,398,701,1292,1651]
[0,1292,1494,1651]
[0,398,1292,1431,1651]
[0,814,1431,1651]
[0,398,701,814,916,1292,1431,1509,1651]
[0,332,701,1651]
[0,147,345,814,1292,1494,1651]
[0,461,701,1494,1651]
[0,147,332,461,701,814,916,1292,1651]
[0,1509,1651]
[0,147,332,701,1292,1651]
[0,147,332,461,701,1494,1651]
[0,701,1651]
[0,147,1494,1651]
[0,147,332,1651]
[0,345,1494,1651]
[0,332,461,701,814,1292,1509,1651]
[0,269,345,814,1651]
[0,461,701,1292,1509,1651]
[0,332,461,1292,1651]
[0,147,332,701,1509,1651]
[0,701,814,916,1292,1509,1651]
[0,41,461,701,814,916,1292,1431,1509,1651]
[0,345,398,701,814,916,1292,1431,1509,1651]
[0,332,1292,1494,1651]
[0,916,1651]
[0,398,1292,1651]
[0,332,461,1494,1651]
[0,332,461,701,814,1509,1651]
[0,147,332,461,701,1292,1494,1651]
[0,332,461,701,1292,1509,1651]
[0,332,461,1509,1651]
[0,814,1651]
[0,147,332,461,701,814,916,1292,1509,1651]
[0,147,332,701,1292,1509,1651]
[0,345,398,701,814,916,1292,1651]
[0,147,332,461,1292,1509,1651]
[0,345,814,1292,1494,1651]
[0,814,1292,1494,1651]
[0,147,345,1494,1651]
[0,147,332,1292,1494,1651]
[0,461,701,1292,1651]
[0,461,701,814,916,1292,1431,1509,1651]
[0,461,1494,1651]
[0,814,1292,1509,1651]
[0,398,701,814,1292,1509,1651]
[0,147,332,1292,1509,1651]
[0,701,814,1292,1431,1651]
[0,345,814,1494,1651]
[0,147,332,461,701,1292,1509,1651]
[0,1292,1509,1651]
[0,398,701,1292,1509,1651]
[0,461,1651]
[0,332,461,701,1494,1651]
[0,147,332,461,701,814,1651]
[0,332,461,701,1509,1651]
[0,461,701,1651]
[0,345,398,701,814,1292,1651]
[0,332,461,701,814,1292,1651]
[0,345,814,1651]
[0,332,814,1431,1651]
[0,147,345,701,814,1292,1494,1651]
[0,461,1509,1651]
[0,701,814,1494,1651]
[0,398,701,1292,1431,1651]
[0,1292,1431,1651]
[0,398,1292,1509,1651]
[0,461,701,1509,1651]
[0,814,1509,1651]
[0,916,1292,1509,1651]
[0,147,1509,1651]
[0,147,701,814,1494,1651]
[0,41,332,461,701,814,916,1292,1431,1509,1651]
[0,398,701,814,916,1292,1509,1651]
[0,147,332,701,1292,1494,1651]
[0,147,332,1509,1651]
[0,269,345,1651]
[0,701,1494,1651]
[0,461,1431,1651]
[0,701,814,1509,1651]
[0,332,701,1292,1494,1651]
[0,345,814,1292,1651]
[0,332,1651]
[0,332,461,701,1292,1651]
[0,332,461,1292,1509,1651]
[0,332,461,701,814,1651]
[0,147,332,461,1292,1651]
[0,916,1292,1651]
[0,147,814,1494,1651]
[0,814,916,1292,1651]
[0,461,1292,1651]
[0,332,701,1292,1651]
[0,461,814,1651]
[0,814,1292,1651]
[0,147,1292,1651]
[0,332,461,701,814,916,1292,1509,1651]
[0,461,701,814,1651]
[0,147,332,461,1494,1651]
[0,147,332,461,1509,1651]
[0,147,332,1292,1651]
[0,147,332,461,701,814,1494,1651]
[0,814,1494,1651]
[0,147,814,1651]
[0,701,814,1292,1651]
[0,147,332,461,701,814,1509,1651]
[0,147,332,1494,1651]
[0,814,1292,1431,1651]
[0,461,701,814,916,1292,1509,1651]
[0,461,701,814,1292,1509,1651]
[0,398,701,814,1292,1431,1651]
[0,701,814,1292,1509,1651]
[0,332,461,701,814,916,1292,1651]
[0,345,814,1431,1651]
[0,147,345,814,1494,1651]
[0,345,814,1292,1431,1651]
[0,332,461,814,1651]
[0,345,1651]
[0,461,701,814,916,1292,1651]
[0,147,332,461,701,814,916,1292,1431,1509,1651]
[0,147,332,461,701,814,1292,1651]
[0,147,332,461,701,1292,1651]
[0,1494,1651]
[0,398,1651]
[0,147,1651]
[0,345,398,701,814,1292,1431,1651]
[0,814,916,1292,1509,1651]
[0,461,701,814,1494,1651]
[0,147,332,461,814,1651]
[0,461,701,814,1509,1651]
[0,147,332,461,701,1509,1651]
[0,701,814,916,1292,1431,1509,1651]
[0,147,332,701,1494,1651]
[0,332,701,1494,1651]
[0,398,701,814,1292,1651]
[0,269,1651]
[0,332,1292,1651]
