[0,153,463,1213,1343]
[0,153,519,1058,1343]
[0,153,205,301,463,519,919,1058,1213,1343]
[0,153,463,1058,1213,1343]
[0,301,919,1213,1343]
[0,153,919,1119,1213,1343]
[0,153,463,519,919,1112,1213,1343]
[0,1213,1343]
[0,153,301,463,1343]
[0,153,205,301,463,519,777,919,1058,1213,1343]
[0,153,777,919,1058,1343]
[0,153,301,463,519,1058,1213,1343]
[0,153,777,919,1112,1213,1343]
[0,153,919,1013,1112,1213,1343]
[0,153,205,463,519,1058,1213,1343]
[0,1112,1213,1343]
[0,153,463,777,919,1343]
[0,153,205,301,463,519,1112,1213,1343]
[0,153,301,463,1213,1343]
[0,519,1213,1343]
[0,463,1058,1343]
[0,153,205,301,463,519,1058,1213,1343]
[0,153,301,463,519,919,1058,1213,1343]
[0,153,919,1112,1213,1343]
[0,301,1058,1343]
[0,153,463,919,1343]
[0,153,1058,1343]
[0,153,777,919,1013,1112,1213,1343]
[0,519,1343]
[0,153,777,919,1058,1213,1343]
[0,153,519,1213,1343]
[0,153,463,777,919,1112,1213,1343]
[0,1058,1343]
[0,153,301,463,777,919,1058,1213,1343]
[0,153,301,463,1112,1213,1343]
[0,153,205,1112,1213,1343]
[0,153,519,919,1112,1213,1343]
[0,153,301,919,1343]
[0,301,919,1343]
[0,153,301,463,1058,1213,1343]
[0,153,301,519,919,1058,1213,1343]
[0,153,463,1112,1213,1343]
[0,153,301,463,519,777,919,1058,1213,1343]
[0,153,919,1058,1343]
[0,153,519,919,1058,1213,1343]
[0,153,919,1058,1213,1343]
[0,153,777,919,1013,1119,1213,1343]
[0,153,463,519,777,919,1112,1213,1343]
[0,153,463,519,919,1058,1213,1343]
[0,153,205,519,1058,1213,1343]
[0,463,519,1058,1213,1343]
[0,153,301,463,1058,1343]
[0,153,1119,1213,1343]
[0,519,1058,1343]
[0,463,1343]
[0,153,301,463,919,1343]
[0,519,919,1343]
[0,153,301,519,919,1213,1343]
[0,153,1058,1213,1343]
[0,153,463,777,919,1058,1343]
[0,153,463,1343]
[0,1119,1213,1343]
[0,153,519,919,1213,1343]
[0,153,519,919,1343]
[0,153,1213,1343]
[0,153,301,463,777,919,1343]
[0,153,919,1213,1343]
[0,153,301,519,919,1112,1213,1343]
[0,919,1213,1343]
[0,153,463,519,777,919,1058,1213,1343]
[0,519,919,1213,1343]
[0,153,519,1112,1213,1343]
[0,153,777,919,1343]
[0,153,519,1343]
[0,153,463,1058,1343]
[0,463,519,1112,1213,1343]
[0,153,301,519,919,1058,1343]
[0,153,301,519,919,1343]
[0,153,301,463,777,919,1058,1343]
[0,153,463,519,1058,1213,1343]
[0,463,919,1343]
[0,301,1343]
[0,1058,1213,1343]
[0,153,463,777,919,1213,1343]
[0,153,519,919,1058,1343]
[0,519,1112,1213,1343]
[0,153,205,519,1112,1213,1343]
[0,153,919,1343]
[0,153,1343]
[0,153,301,463,519,919,1112,1213,1343]
[0,153,777,919,1119,1213,1343]
[0,153,1112,1213,1343]
[0,919,1343]
[0,153,519,1058,1213,1343]
[0,153,463,777,919,1058,1213,1343]
[0,153,777,919,1213,1343]
[0,153,301,463,519,1112,1213,1343]
[0,153,205,1058,1213,1343]
[0,153,205,301,463,519,919,1112,1213,1343]
[0,153,463,519,1112,1213,1343]
[0,153,205,463,519,1112,1213,1343]
[0,519,1058,1213,1343]
