[0,105,808,1013,1713,1830,2116,2211]
[0,808,1013,1413,1713,1830,2211]
[0,707,1413,1713,1830,2211]
[0,107,707,1713,1830,2211]
[0,706,1013,1713,2211]
[0,105,808,1013,1413,1713,1830,2211]
[0,107,586,1413,1713,1830,2211]
[0,586,1713,2211]
[0,107,346,707,2116,2211]
[0,706,1713,1830,2116,2211]
[0,808,1713,1830,2116,2211]
[0,586,1713,1830,2116,2211]
[0,1830,2211]
[0,808,1713,1830,2211]
[0,105,706,1013,2211]
[0,706,1413,1713,1830,2116,2211]
[0,107,586,1713,1830,2211]
[0,706,1713,2116,2211]
[0,107,707,1713,1830,2116,2211]
[0,707,1713,2211]
[0,808,1413,1713,2211]
[0,707,1013,2211]
[0,808,1013,1713,1830,2116,2211]
[0,707,1507,2116,2211]
[0,707,2211]
[0,808,1013,1713,1830,2211]
[0,808,1830,2211]
[0,586,1413,1713,2211]
[0,706,1713,2211]
[0,105,706,1713,1830,2116,2211]
[0,586,1713,2116,2211]
[0,707,1413,1713,2211]
[0,808,1013,1413,1713,2211]
[0,107,808,1013,1413,1713,1830,2211]
[0,105,808,1013,1713,1830,2211]
[0,105,706,1413,1507,1713,1830,2116,2211]
[0,107,586,1413,1713,1830,2116,2211]
[0,105,706,1413,1713,1830,2211]
[0,292,707,1507,2211]
[0,1413,2211]
[0,105,706,1013,2116,2211]
[0,107,808,1013,1413,1713,1830,2116,2211]
[0,808,1713,2211]
[0,706,1013,2211]
[0,808,1013,1830,2211]
[0,105,706,1413,1713,1830,2116,2211]
[0,292,707,1507,2116,2211]
[0,706,1413,1713,2211]
[0,292,707,2116,2211]
[0,107,707,1413,1713,1830,2116,2211]
[0,107,707,1413,1713,1830,2211]
[0,346,707,2211]
[0,706,1013,1413,1713,1830,2211]
[0,105,706,1013,1413,1713,1830,2211]
[0,105,706,2116,2211]
[0,706,2211]
[0,435,2211]
[0,105,706,1713,1830,2211]
[0,586,2116,2211]
[0,808,1713,2116,2211]
[0,808,1013,1713,2211]
[0,107,586,1413,1507,1713,1830,2116,2211]
[0,707,2116,2211]
[0,105,808,1013,1413,1713,1830,2116,2211]
[0,435,1830,2211]
[0,2116,2211]
[0,586,1413,1713,1830,2211]
[0,292,707,2211]
[0,105,706,1013,1413,1507,1713,1830,2116,2211]
[0,706,1713,1830,2211]
[0,107,707,2211]
[0,107,346,707,1013,2211]
[0,707,1713,1830,2116,2211]
[0,107,346,707,2211]
[0,107,586,1713,1830,2116,2211]
[0,586,2211]
[0,105,706,1013,1413,1713,1830,2116,2211]
[0,107,808,1013,1713,1830,2211]
[0,808,2116,2211]
[0,808,2211]
[0,706,2116,2211]
[0,706,1413,1507,1713,1830,2116,2211]
[0,707,1713,2116,2211]
[0,706,1413,1713,1830,2211]
[0,346,707,1013,2211]
[0,586,1713,1830,2211]
[0,706,1013,1413,1713,2211]
[0,808,1013,2211]
[0,107,707,2116,2211]
[0,707,1713,1830,2211]
[0,105,706,2211]
[0,107,346,707,1013,2116,2211]
[0,1713,1830,2211]
[0,107,808,1013,1713,1830,2116,2211]
[0,707,1507,2211]
