[0,1034,1114,1397,1633,1920,2346,2518,2956]
[0,1114,1397,2829,2956]
[0,1114,1397,1942,2290,2956]
[0,1397,2349,2956]
[0,1072,1397,2290,2518,2956]
[0,1114,1397,2956]
[0,1139,1397,1942,2290,2518,2829,2956]
[0,1139,2956]
[0,2829,2956]
[0,2346,2518,2956]
[0,1114,1701,2346,2829,2956]
[0,1397,2518,2956]
[0,1114,1397,1942,2290,2518,2956]
[0,1114,1397,2346,2518,2956]
[0,2290,2956]
[0,1114,1397,1633,1920,2346,2518,2956]
[0,1139,1397,2956]
[0,1397,1633,2956]
[0,1114,1397,1633,2956]
[0,1139,1397,2290,2956]
[0,1633,2829,2956]
[0,407,1397,1633,2956]
[0,1072,2956]
[0,1139,1397,2290,2518,2956]
[0,1942,2290,2956]
[0,1139,1942,2290,2956]
[0,407,1397,1633,2829,2956]
[0,1114,1397,2346,2956]
[0,1139,1942,2956]
[0,2518,2956]
[0,1114,1732,2956]
[0,2346,2956]
[0,1633,2956]
[0,1072,1397,1942,2290,2518,2956]
[0,1072,1732,2346,2956]
[0,1034,1139,1397,1942,2290,2518,2829,2956]
[0,1397,2290,2956]
[0,1114,1397,2290,2518,2829,2956]
[0,1397,2956]
[0,1114,1397,1633,1920,2346,2956]
[0,1701,2956]
[0,1034,1114,1397,1633,1920,2346,2518,2829,2956]
[0,1072,1397,2290,2518,2829,2956]
[0,1114,1701,2956]
[0,1114,1397,1920,2346,2956]
[0,1114,1397,1633,2829,2956]
[0,1397,2346,2518,2956]
[0,1072,1397,2290,2956]
[0,1114,1920,2346,2956]
[0,1139,1397,2290,2518,2829,2956]
[0,1072,1397,1701,2349,2829,2956]
[0,1114,1701,2346,2956]
[0,1114,1397,1633,1920,2346,2518,2829,2956]
[0,1701,2346,2956]
[0,1072,1397,2349,2956]
[0,1072,1942,2290,2956]
[0,1397,1633,2829,2956]
[0,1072,1397,1942,2290,2518,2829,2956]
[0,1114,1397,2290,2518,2956]
[0,2349,2956]
[0,1397,2346,2956]
[0,1072,1732,2956]
[0,1114,2956]
[0,1114,1397,1920,2346,2518,2956]
[0,1072,1397,1701,2349,2956]
[0,1034,1114,1397,2346,2518,2956]
[0,1072,1397,2956]
[0,1072,1397,1942,2290,2956]
[0,1114,1920,2956]
[0,1114,1942,2956]
[0,1114,1942,2290,2956]
[0,1732,2956]
[0,1034,1701,2956]
[0,1072,1397,2349,2829,2956]
[0,407,1397,2956]
[0,407,2956]
[0,1920,2346,2956]
[0,1139,1397,1942,2290,2518,2956]
[0,1114,1397,1942,2290,2518,2829,2956]
[0,1072,1397,2346,2956]
[0,1034,2956]
[0,1034,1114,1397,1920,2346,2518,2956]
[0,1072,1397,1732,2346,2829,2956]
[0,1072,1942,2956]
[0,1139,1397,1942,2290,2956]
[0,1072,1397,2346,2829,2956]
[0,1072,1397,1732,2346,2956]
[0,1732,2346,2956]
[0,1114,1397,2290,2956]
