[0,183,1642]
[0,226,657,847,987,1135,1421,1642]
[0,60,183,657,987,1135,1222,1421,1642]
[0,229,1082,1642]
[0,183,657,1135,1421,1642]
[0,226,657,1113,1421,1642]
[0,657,1135,1642]
[0,60,183,657,1135,1332,1421,1642]
[0,183,657,987,1135,1332,1421,1642]
[0,226,657,987,1135,1421,1642]
[0,1113,1642]
[0,1135,1642]
[0,226,1082,1642]
[0,60,183,657,847,987,1135,1222,1421,1642]
[0,226,657,987,1113,1231,1421,1642]
[0,226,657,987,1113,1642]
[0,226,657,987,1135,1642]
[0,183,657,987,1135,1421,1642]
[0,657,1113,1642]
[0,1421,1642]
[0,226,657,1642]
[0,183,657,1135,1222,1421,1642]
[0,183,657,1135,1642]
[0,183,657,987,1135,1222,1421,1642]
[0,657,1642]
[0,226,657,847,987,1135,1231,1421,1642]
[0,183,657,1135,1222,1642]
[0,60,183,657,987,1135,1332,1421,1642]
[0,226,657,1082,1642]
[0,226,657,987,1113,1231,1642]
[0,226,657,987,1135,1231,1421,1642]
[0,226,657,1135,1642]
[0,183,847,1642]
[0,183,657,847,987,1135,1421,1642]
[0,657,1135,1421,1642]
[0,226,657,847,987,1113,1421,1642]
[0,226,847,1642]
[0,183,657,1332,1421,1642]
[0,226,657,847,987,1113,1231,1421,1642]
[0,1135,1421,1642]
[0,847,1642]
[0,183,657,1135,1332,1421,1642]
[0,183,657,847,987,1135,1642]
[0,226,657,847,987,1135,1642]
[0,226,657,847,987,1113,1642]
[0,183,657,1642]
[0,226,657,847,1113,1421,1642]
[0,183,657,847,987,1135,1222,1421,1642]
[0,226,657,987,1113,1421,1642]
[0,226,1642]
[0,60,183,657,1135,1222,1421,1642]
[0,183,657,847,987,1135,1332,1421,1642]
[0,226,657,1135,1421,1642]
[0,183,657,987,1135,1642]
[0,657,1421,1642]
[0,657,1082,1642]
[0,226,657,847,1113,1642]
[0,1082,1642]
[0,183,657,1421,1642]
[0,226,657,1113,1642]
[0,60,183,657,847,987,1135,1332,1421,1642]
[0,226,657,987,1135,1231,1642]
