[0,277,477,856,1249]
[0,477,654,825,1249]
[0,277,477,654,1133,1249]
[0,277,856,1249]
[0,277,825,1249]
[0,856,1249]
[0,825,1249]
[0,261,477,654,883,1249]
[0,277,477,1249]
[0,277,477,1133,1249]
[0,277,477,825,1249]
[0,1133,1249]
[0,261,883,1249]
[0,477,1249]
[0,277,477,654,856,1199,1249]
[0,261,477,654,883,1173,1249]
[0,654,883,1249]
[0,277,477,654,883,1173,1249]
[0,277,477,654,825,1207,1249]
[0,277,477,654,883,1249]
[0,261,477,1134,1249]
[0,261,654,883,1249]
[0,277,883,1249]
[0,277,477,654,825,1173,1249]
[0,477,654,883,1249]
[0,277,477,883,1249]
[0,654,856,1249]
[0,477,825,1249]
[0,654,825,1249]
[0,277,477,654,1249]
[0,477,1133,1249]
[0,261,477,1249]
[0,883,1249]
[0,277,477,654,856,1249]
[0,477,654,856,1249]
[0,277,477,654,825,986,1249]
[0,277,477,654,825,1249]
