[0,883,1059,1564,2216,2554]
[0,883,1059,1564,1985,2216,2554]
[0,253,1046,1985,2554]
[0,253,771,1046,1564,1985,2554]
[0,253,771,1046,2554]
[0,1046,1564,1985,2554]
[0,771,1046,2554]
[0,1080,1564,2554]
[0,253,1046,1447,1985,2266,2554]
[0,1046,1447,1985,2266,2554]
[0,1059,2554]
[0,253,1287,1564,2216,2554]
[0,771,1046,1985,2554]
[0,1564,1985,2266,2554]
[0,1059,1985,2554]
[0,883,1059,1564,1985,2266,2554]
[0,253,1564,1985,2554]
[0,253,1046,2554]
[0,253,1318,2216,2554]
[0,1318,2216,2554]
[0,1046,1985,2554]
[0,1059,1564,1985,2266,2554]
[0,1046,1447,1985,2554]
[0,253,771,1046,1985,2554]
[0,1318,2554]
[0,253,1046,1564,1985,2266,2554]
[0,1059,2216,2554]
[0,253,771,1046,1564,1985,2216,2554]
[0,253,1564,2216,2554]
[0,1564,1985,2554]
[0,1046,1985,2266,2554]
[0,1287,2216,2554]
[0,1080,2554]
[0,1564,2216,2554]
[0,883,1059,1564,2216,2382,2554]
[0,883,1059,2216,2554]
[0,1059,2216,2382,2554]
[0,1080,1564,2216,2554]
[0,1287,2554]
[0,1059,1564,2554]
[0,253,1046,1287,1564,1985,2554]
[0,1564,2554]
[0,253,1046,1564,1985,2216,2554]
[0,253,1046,1564,1985,2554]
[0,883,1059,1564,1985,2216,2382,2554]
[0,883,1059,2216,2382,2554]
[0,253,1080,1564,2216,2554]
[0,771,1046,1564,1985,2554]
[0,1080,2216,2554]
[0,1046,2213,2554]
[0,253,1046,1985,2266,2554]
[0,1059,1564,1985,2554]
[0,1059,1564,2216,2554]
[0,253,1564,1985,2266,2554]
[0,1287,1564,2216,2554]
[0,253,1046,1287,1564,1985,2216,2554]
[0,253,1287,2216,2554]
[0,1059,1564,1985,2216,2554]
[0,1046,2554]
[0,1046,1564,1985,2266,2554]
[0,883,1059,1564,1985,2554]
