[0,209,272,432,614,869,1180]
[0,52,614,869,1180]
[0,292,1180]
[0,52,209,614,869,1180]
[0,52,209,272,382,432,614,722,869,1180]
[0,209,272,432,869,1180]
[0,292,432,910,1180]
[0,52,272,432,869,1180]
[0,382,1180]
[0,209,272,432,614,722,869,1180]
[0,52,272,869,1180]
[0,209,292,432,614,869,1180]
[0,209,272,869,1180]
[0,272,1180]
[0,272,869,1180]
[0,910,1180]
[0,52,292,432,869,1180]
[0,292,614,869,1180]
[0,52,869,1180]
[0,432,1180]
[0,52,382,910,1180]
[0,52,209,272,382,432,614,869,1180]
[0,52,292,910,1180]
[0,432,869,1180]
[0,209,292,432,869,1180]
[0,272,432,614,722,869,1180]
[0,52,209,272,432,869,1180]
[0,272,614,869,1180]
[0,209,272,1180]
[0,382,614,910,1180]
[0,52,382,614,910,1180]
[0,272,432,614,869,1180]
[0,614,869,1180]
[0,292,869,1180]
[0,52,292,432,614,869,1180]
[0,52,209,272,432,614,722,869,1180]
[0,52,209,292,432,614,869,1180]
[0,52,292,432,910,1180]
[0,614,1180]
[0,432,910,1180]
[0,52,209,272,382,432,869,1180]
[0,52,910,1180]
[0,382,910,1180]
[0,292,432,869,1180]
[0,614,910,1180]
[0,209,614,869,1180]
[0,292,432,614,869,1180]
[0,272,432,869,1180]
[0,869,1180]
[0,292,910,1180]
[0,52,292,869,1180]
[0,52,209,272,432,614,869,1180]
