[0,602,2539,4758]
[0,1167,2140,4758]
[0,182,1683,2539,4646,4758]
[0,602,1683,2539,3979,4457,4758]
[0,2539,3979,4758]
[0,182,1683,2539,2974,3494,4646,4758]
[0,1683,2539,4646,4758]
[0,3979,4758]
[0,602,1683,2539,2974,3494,3965,4758]
[0,2093,2539,4758]
[0,289,602,1683,2539,4457,4758]
[0,602,1683,2539,3494,4758]
[0,182,1683,2539,2974,3494,3965,4646,4758]
[0,602,2974,4758]
[0,1167,2140,2974,4758]
[0,602,3979,4457,4758]
[0,289,602,1683,2539,4758]
[0,2539,4758]
[0,602,1167,2140,2933,4758]
[0,602,1683,2539,4457,4758]
[0,182,1683,2539,2974,3494,4758]
[0,602,4758]
[0,182,602,1683,2539,2974,3494,3965,4758]
[0,602,1683,2539,2974,3979,4758]
[0,182,1683,2539,2974,3494,3965,4758]
[0,289,602,1683,2539,2974,3231,4457,4758]
[0,1304,3132,4758]
[0,1683,3494,4758]
[0,1683,2539,3494,3965,4758]
[0,182,1683,2539,2974,4758]
[0,2974,4758]
[0,602,2539,4457,4758]
[0,1167,4758]
[0,602,1683,2539,3979,4758]
[0,1054,2933,4758]
[0,1683,2539,2974,3494,3965,4758]
[0,602,1683,2539,3231,4457,4758]
[0,602,2933,4758]
[0,289,602,1683,2539,2974,3979,4457,4758]
[0,1683,2539,3979,4758]
[0,1054,4758]
[0,602,2539,2974,3979,4457,4758]
[0,2140,2974,4758]
[0,602,2140,2539,2974,3979,4758]
[0,289,602,1683,2539,3231,4758]
[0,289,602,1683,2539,3231,4457,4758]
[0,602,1683,2539,3494,3965,4758]
[0,602,2140,3979,4758]
[0,1683,4758]
[0,602,1683,2539,4758]
[0,289,602,1683,2539,2974,3231,4758]
[0,1683,2539,2974,3231,4758]
[0,602,1167,2140,2974,4457,4758]
[0,182,1683,2539,3494,4758]
[0,2933,4758]
[0,587,1683,2539,4758]
[0,3494,4758]
[0,602,1683,2539,2974,4758]
[0,602,2140,3979,4457,4758]
[0,602,1683,2539,2974,3231,4758]
[0,602,2539,2974,4758]
[0,602,2539,3979,4457,4758]
[0,2140,3979,4758]
[0,2140,4758]
[0,602,2140,2933,4758]
[0,1683,2539,4758]
[0,1683,2539,3494,4758]
[0,182,602,1683,2539,2974,3494,4758]
[0,602,2140,2539,2974,3979,4457,4758]
[0,289,602,1683,2539,3979,4457,4758]
[0,602,1683,2539,3231,4758]
[0,1167,2140,2974,4457,4758]
[0,602,3979,4758]
[0,1683,2539,2974,4758]
[0,182,602,1683,2539,2974,3494,3965,4646,4758]
[0,602,2140,2974,4758]
[0,602,2539,3979,4758]
[0,2140,2933,4758]
[0,182,1683,2539,4758]
[0,1683,2539,2974,3494,4758]
[0,602,2093,2539,4758]
[0,602,1683,2539,2974,3979,4457,4758]
[0,3132,4758]
[0,602,2539,2974,3979,4758]
[0,182,1683,2539,2974,4646,4758]
[0,1683,2539,3231,4758]
[0,602,1683,2539,2974,3494,4758]
[0,1108,2539,4758]
[0,602,1167,2140,2974,4758]
