[0,132,283,465,549,654,768,847,1046]
[0,283,465,654,790,905,1046]
[0,283,1046]
[0,465,654,824,905,1046]
[0,465,654,1046]
[0,132,177,465,654,1046]
[0,283,465,654,905,1046]
[0,132,283,465,586,654,824,905,1046]
[0,132,283,465,586,654,790,905,1046]
[0,283,746,1046]
[0,283,541,1046]
[0,176,283,465,847,1046]
[0,132,283,465,654,1046]
[0,132,177,283,465,654,790,905,1046]
[0,283,465,654,847,1046]
[0,132,283,465,654,768,847,1046]
[0,283,541,847,1046]
[0,132,283,465,654,905,1046]
[0,465,654,905,1046]
[0,132,177,283,465,654,1046]
[0,283,465,654,824,905,1046]
[0,465,1046]
[0,465,847,1046]
[0,132,283,465,654,790,905,1046]
[0,177,465,654,1046]
[0,654,1046]
[0,132,177,465,654,824,905,1046]
[0,132,177,283,465,654,905,1046]
[0,132,177,283,465,654,824,905,1046]
[0,177,465,654,824,905,1046]
[0,541,847,1046]
[0,132,177,465,654,905,1046]
[0,177,465,654,905,1046]
[0,132,283,465,654,847,1046]
[0,465,654,847,1046]
[0,283,465,905,1046]
[0,132,177,283,465,586,654,824,905,1046]
[0,132,177,283,465,549,654,768,847,1046]
[0,283,465,654,1046]
[0,132,177,283,465,654,768,847,1046]
[0,176,283,465,586,654,790,905,1046]
[0,176,283,465,654,905,1046]
[0,746,1046]
[0,176,283,465,654,790,905,1046]
[0,132,283,465,549,654,847,1046]
[0,132,177,283,465,654,847,1046]
[0,847,1046]
[0,541,1046]
[0,132,283,465,654,824,905,1046]
[0,283,465,1046]
[0,283,465,847,1046]
[0,176,283,465,905,1046]
[0,283,654,1046]
[0,176,283,465,654,1046]
