[0,186,242,291,753,838,1159,1465]
[0,186,242,761,1465]
[0,186,242,753,838,989,1159,1465]
[0,186,291,761,1465]
[0,186,242,989,1159,1465]
[0,753,1421,1465]
[0,186,242,753,838,1465]
[0,753,1159,1465]
[0,186,242,291,753,838,1465]
[0,186,242,291,761,1465]
[0,753,838,989,1159,1465]
[0,186,242,1421,1465]
[0,186,242,291,753,1421,1465]
[0,186,242,291,753,838,1421,1465]
[0,186,242,1159,1465]
[0,186,242,291,753,838,989,1421,1465]
[0,186,761,989,1159,1465]
[0,761,1421,1465]
[0,186,291,761,1421,1465]
[0,753,1465]
[0,186,291,761,1159,1465]
[0,186,242,291,1421,1465]
[0,186,242,753,838,1159,1465]
[0,242,838,989,1159,1465]
[0,186,242,291,753,838,989,1159,1421,1465]
[0,242,761,1465]
[0,242,1465]
[0,761,989,1159,1465]
[0,242,838,1465]
[0,186,291,761,989,1159,1465]
[0,242,761,1421,1465]
[0,186,242,291,753,838,989,1159,1465]
[0,186,242,291,753,838,989,1465]
[0,186,242,753,838,989,1465]
[0,761,1159,1465]
[0,242,1421,1465]
[0,186,242,989,1465]
[0,186,753,1465]
[0,242,753,838,1159,1465]
[0,186,242,291,1465]
[0,186,242,291,761,1421,1465]
[0,186,761,1159,1465]
[0,753,989,1159,1465]
[0,242,753,838,1465]
[0,761,1465]
[0,186,242,753,1465]
[0,242,1159,1465]
[0,838,1465]
[0,242,753,838,989,1159,1465]
[0,753,838,1159,1465]
[0,186,761,1159,1421,1465]
[0,1159,1465]
[0,186,242,989,1159,1421,1465]
[0,242,989,1159,1465]
[0,242,753,1159,1465]
[0,1421,1465]
[0,242,753,838,989,1465]
[0,761,1159,1421,1465]
[0,186,761,1421,1465]
[0,242,989,1465]
[0,186,242,291,753,1465]
[0,186,291,761,989,1159,1421,1465]
[0,186,242,1465]
[0,186,242,989,1421,1465]
[0,989,1465]
[0,186,291,761,1159,1421,1465]
[0,753,838,1465]
[0,186,761,1465]
[0,242,753,1465]
[0,242,838,989,1465]
