[0,66,156,447,1005,1180]
[0,787,1180]
[0,156,967,1180]
[0,1005,1180]
[0,787,1005,1180]
[0,967,1180]
[0,91,162,787,875,1005,1180]
[0,91,162,313,787,875,1005,1180]
[0,162,313,875,1005,1180]
[0,162,787,875,1005,1180]
[0,162,1005,1180]
[0,447,787,1005,1180]
[0,787,881,1005,1180]
[0,447,787,1180]
[0,91,162,313,787,1005,1180]
[0,447,1005,1180]
[0,91,162,313,1005,1180]
[0,162,313,787,875,1005,1180]
[0,162,313,787,1005,1180]
[0,156,881,1005,1180]
[0,91,162,1005,1180]
[0,66,156,447,787,1005,1180]
[0,66,156,787,881,1005,1180]
[0,447,1180]
[0,66,156,1005,1180]
[0,156,1005,1180]
[0,66,156,447,787,881,1005,1180]
[0,787,875,1005,1180]
[0,156,447,787,1005,1180]
[0,162,787,1005,1180]
[0,156,447,787,881,1005,1180]
[0,156,787,881,1005,1180]
[0,66,156,881,1005,1180]
[0,156,447,1005,1180]
[0,162,313,1005,1180]
[0,162,875,1005,1180]
