[0,166,209,293,349,402,757,997]
[0,166,323,997]
[0,143,209,293,349,473,904,997]
[0,143,293,349,402,556,955,997]
[0,143,293,349,402,904,997]
[0,143,293,473,997]
[0,143,293,955,997]
[0,166,209,293,349,402,904,997]
[0,143,293,997]
[0,166,293,757,997]
[0,166,293,349,556,997]
[0,166,293,473,757,997]
[0,143,293,349,997]
[0,143,209,293,349,402,473,955,997]
[0,143,293,349,473,997]
[0,166,293,473,997]
[0,293,757,997]
[0,293,473,997]
[0,166,293,349,402,757,997]
[0,143,209,293,904,997]
[0,143,209,293,349,402,473,997]
[0,323,757,997]
[0,166,293,349,473,757,997]
[0,166,293,904,997]
[0,143,293,349,402,997]
[0,293,997]
[0,143,293,349,402,473,955,997]
[0,143,293,349,556,997]
[0,166,473,757,997]
[0,955,997]
[0,143,997]
[0,143,209,293,349,997]
[0,143,293,349,402,473,904,997]
[0,166,757,997]
[0,293,556,997]
[0,904,997]
[0,166,293,349,402,556,955,997]
[0,166,473,997]
[0,473,997]
[0,166,323,757,997]
[0,323,997]
[0,143,209,293,349,473,997]
[0,143,293,473,904,997]
[0,166,904,997]
[0,166,293,349,757,997]
[0,349,997]
[0,166,349,904,997]
[0,143,293,349,402,556,997]
[0,143,209,293,349,904,997]
[0,556,997]
[0,166,293,349,904,997]
[0,166,349,997]
[0,166,997]
[0,166,293,349,402,997]
[0,143,293,904,997]
[0,166,293,473,904,997]
[0,143,293,349,955,997]
[0,143,209,293,473,997]
[0,293,955,997]
[0,143,293,556,997]
[0,143,209,293,997]
[0,143,293,349,473,904,997]
[0,166,293,997]
[0,143,293,556,955,997]
[0,293,904,997]
[0,166,293,349,402,473,757,997]
[0,166,209,293,349,402,473,757,997]
[0,166,293,349,402,904,997]
[0,143,293,349,904,997]
[0,166,293,556,997]
[0,166,349,955,997]
[0,166,209,293,349,402,473,904,997]
[0,166,293,349,997]
[0,757,997]
[0,166,293,349,402,473,904,997]
[0,166,293,349,402,556,997]
[0,166,955,997]
[0,143,209,293,349,402,473,904,997]
[0,143,209,293,473,904,997]
[0,143,293,349,402,473,997]
[0,473,757,997]
[0,166,293,349,473,904,997]
