[0,521,1050,2019]
[0,521,2019]
[0,583,948,1300,2019]
[0,1050,1284,2019]
[0,583,1050,2019]
[0,583,1050,1316,2019]
[0,870,1284,2019]
[0,521,948,1300,2019]
[0,1300,2019]
[0,1284,2019]
[0,1218,2019]
[0,521,1050,1284,1607,1802,2019]
[0,583,948,2019]
[0,1050,1316,2019]
[0,521,1050,1284,2019]
[0,521,1050,1284,1802,2019]
[0,521,948,2019]
[0,521,619,1050,1284,1802,2019]
[0,521,619,1050,1284,2019]
[0,1050,2019]
[0,521,1284,2019]
[0,583,1050,1284,2019]
[0,521,870,1284,2019]
[0,1708,2019]
[0,1316,2019]
[0,521,619,1050,1284,1607,1802,2019]
[0,948,1300,2019]
[0,583,2019]
[0,521,1284,1802,2019]
[0,521,870,2019]
[0,521,619,1050,1284,1688,1802,2019]
[0,521,1050,1284,1688,1802,2019]
