[0,124,1708,2019]
[0,77,1635,2019]
[0,239,838,1094,1218,1635,2019]
[0,217,2019]
[0,239,1214,2019]
[0,1214,2019]
[0,124,838,1094,2019]
[0,124,838,1094,1635,2019]
[0,416,548,838,1094,1635,2019]
[0,548,838,1094,1635,2019]
[0,77,239,416,838,1094,1635,2019]
[0,77,838,1094,1218,1635,2019]
[0,239,2019]
[0,239,416,548,838,1094,1635,2019]
[0,124,1635,2019]
[0,239,416,838,1094,1218,1635,2019]
[0,124,2019]
[0,124,838,1635,2019]
[0,416,548,838,1094,1218,1635,2019]
[0,838,1094,1719,2019]
[0,77,416,838,1094,1635,2019]
[0,416,838,1094,1218,1635,2019]
[0,77,838,1094,1635,2019]
[0,239,416,838,1094,1635,2019]
[0,124,1582,2019]
[0,548,838,1635,2019]
[0,1582,2019]
[0,838,1094,1218,1635,2019]
[0,77,239,416,548,838,1094,1410,1635,2019]
[0,239,416,548,838,1094,1218,1635,2019]
[0,416,838,1635,2019]
[0,77,838,1635,2019]
[0,838,1719,2019]
[0,239,838,1094,1410,1635,2019]
[0,838,1094,2019]
[0,838,1094,1635,2019]
[0,217,1582,2019]
[0,77,416,838,1094,1218,1635,2019]
[0,548,838,1094,1218,1635,2019]
[0,77,239,416,548,838,1094,1635,2019]
[0,77,2019]
[0,239,416,838,1094,1410,1635,2019]
[0,838,1635,2019]
[0,1708,2019]
[0,416,838,2019]
[0,1094,2019]
[0,1635,2019]
[0,77,416,548,838,1094,1218,1635,2019]
[0,239,838,1094,1635,2019]
[0,77,239,416,548,838,1094,1218,1635,2019]
[0,77,416,548,838,1094,1635,2019]
[0,124,838,1094,1719,2019]
[0,416,838,1094,1635,2019]
[0,77,1094,2019]
[0,239,416,548,838,1094,1410,1635,2019]
[0,838,2019]
