[0,1214,1370,2020]
[0,372,1214,2020]
[0,936,1214,1370,1934,2020]
[0,702,1214,1370,1723,2020]
[0,412,936,1214,2020]
[0,368,936,1291,2020]
[0,412,1214,2020]
[0,602,936,1214,2020]
[0,602,936,1214,1370,2020]
[0,155,372,702,1214,1370,2020]
[0,936,1214,1934,2020]
[0,936,2020]
[0,372,702,1214,1370,2020]
[0,368,1214,2020]
[0,155,936,1214,1934,2020]
[0,368,2020]
[0,412,2020]
[0,155,372,936,1214,1370,1934,2020]
[0,702,1214,1370,1934,2020]
[0,155,412,936,1214,1370,2020]
[0,702,1214,1723,2020]
[0,412,936,1214,1370,2020]
[0,155,372,602,936,1214,1370,1495,1934,2020]
[0,155,372,936,1214,1370,2020]
[0,155,936,1214,1370,1934,2020]
[0,602,1214,2020]
[0,372,936,1214,1370,2020]
[0,702,1214,2020]
[0,368,1291,2020]
[0,155,372,702,1214,1370,1723,2020]
[0,372,702,1214,1370,1723,2020]
[0,936,1214,2020]
[0,936,1214,1370,2020]
[0,155,372,602,936,1214,1370,1934,2020]
[0,412,936,2020]
[0,936,1291,2020]
[0,936,1214,1370,1495,2020]
[0,155,936,1214,1370,2020]
[0,372,702,1214,2020]
[0,155,372,936,1214,1370,1495,2020]
[0,372,936,1214,2020]
[0,372,602,936,1214,1370,2020]
[0,155,936,1214,1370,1495,2020]
[0,155,412,936,2020]
[0,702,1214,1370,2020]
[0,372,602,936,1214,2020]
[0,155,372,602,936,1214,1370,2020]
[0,1214,2020]
[0,155,372,602,936,1214,1370,1495,2020]
[0,372,702,1214,1723,2020]
[0,412,936,1291,2020]
[0,1291,2020]
[0,155,412,2020]
[0,368,936,1214,2020]
[0,155,936,1214,2020]
[0,155,2020]
[0,155,412,936,1291,2020]
[0,368,936,1214,1934,2020]
