[0,951,1132,1875]
[0,1002,1132,1875]
[0,103,1875]
[0,59,1002,1132,1273,1618,1875]
[0,59,951,1132,1875]
[0,634,1132,1875]
[0,59,1002,1132,1273,1618,1731,1875]
[0,1132,1875]
[0,59,1002,1132,1273,1875]
[0,1002,1132,1273,1875]
[0,103,599,1132,1875]
[0,103,1132,1875]
[0,59,1875]
[0,1618,1875]
[0,1132,1618,1875]
[0,117,1875]
[0,1157,1875]
[0,103,1618,1875]
[0,59,1132,1875]
[0,1002,1132,1273,1618,1731,1875]
[0,951,1157,1875]
[0,599,1132,1875]
[0,1132,1273,1875]
[0,1002,1132,1273,1618,1875]
[0,1132,1273,1618,1875]
[0,59,1002,1132,1875]
[0,117,1132,1875]
[0,103,951,1157,1875]
[0,59,634,1132,1875]
