[0,204,731,830,1249]
[0,47,830,959,1249]
[0,392,577,731,830,959,1249]
[0,348,577,1249]
[0,348,830,1249]
[0,204,678,1249]
[0,348,1249]
[0,731,830,1249]
[0,678,1249]
[0,47,577,731,830,959,1249]
[0,348,577,731,1249]
[0,204,678,885,1249]
[0,577,731,830,885,959,1249]
[0,830,885,1249]
[0,204,577,731,830,1249]
[0,577,731,830,885,1249]
[0,731,830,959,1249]
[0,47,577,731,830,885,959,1249]
[0,678,885,1249]
[0,348,830,990,1249]
[0,577,731,1249]
[0,348,830,959,1249]
[0,348,577,731,830,885,959,1249]
[0,204,577,731,1249]
[0,392,577,830,959,1249]
[0,204,389,731,830,1249]
[0,348,577,830,959,1249]
[0,348,577,731,830,885,1249]
[0,392,577,959,1249]
[0,577,731,830,1249]
[0,47,348,577,731,830,959,1249]
[0,47,348,577,731,830,885,959,1249]
[0,830,959,1249]
[0,204,830,959,1249]
[0,392,830,1249]
[0,47,577,731,830,885,1249]
[0,577,830,959,1249]
[0,47,392,577,731,830,959,1249]
[0,348,577,959,1249]
[0,204,577,830,959,1249]
[0,830,990,1249]
[0,348,577,731,830,1249]
[0,204,389,830,1249]
[0,204,577,731,830,885,959,1249]
[0,577,731,830,959,1249]
[0,204,577,731,830,885,1249]
[0,204,577,959,1249]
[0,348,577,731,830,959,1249]
[0,731,830,885,1249]
[0,392,830,959,1249]
[0,47,204,577,731,830,885,959,1249]
[0,204,577,1249]
[0,204,830,1249]
[0,47,204,577,731,830,959,1249]
[0,577,1249]
[0,830,1249]
[0,577,959,1249]
[0,204,577,731,830,959,1249]
[0,47,731,830,959,1249]
