[0,110,382,625,1036,1164,1363,1819,2019]
[0,1018,2019]
[0,625,1164,1363,2019]
[0,110,382,625,1018,1164,1363,1819,2019]
[0,382,1164,1819,2019]
[0,1036,1164,2019]
[0,382,625,1164,2019]
[0,110,382,625,1018,1164,1363,1819,1914,2019]
[0,1036,1164,1363,2019]
[0,110,511,625,1036,1164,1363,1958,2019]
[0,110,1018,1164,1363,2019]
[0,110,511,625,1036,1164,1363,1819,2019]
[0,110,532,625,1018,1164,1363,1819,2019]
[0,1018,1164,1363,2019]
[0,625,1036,1164,1363,2019]
[0,110,511,625,1036,1164,1363,2019]
[0,382,625,2019]
[0,1164,1363,1914,2019]
[0,382,625,1018,1164,1363,1914,2019]
[0,382,625,1018,1164,1363,1958,2019]
[0,1164,1819,2019]
[0,382,625,1164,1819,2019]
[0,625,1018,1164,1363,2019]
[0,1164,1363,2019]
[0,382,625,1819,2019]
[0,382,625,1018,2019]
[0,382,1018,1164,1363,1819,1914,2019]
[0,382,625,1018,1164,1363,2019]
[0,382,625,1018,1164,1819,1958,2019]
[0,382,625,1018,1164,1363,1819,2019]
[0,1018,1164,1363,1819,1914,2019]
[0,511,625,1036,1164,1363,2019]
[0,382,1018,2019]
[0,382,625,1018,1164,2019]
[0,110,382,625,1036,1164,1363,1819,1958,2019]
[0,110,382,625,1018,1164,1819,1958,2019]
[0,532,625,1018,1164,1363,2019]
[0,382,625,1036,1164,1363,1958,2019]
[0,1036,2019]
[0,110,382,625,1819,2019]
[0,382,625,1036,1164,1363,1819,2019]
[0,110,382,625,1018,1164,1363,1914,2019]
[0,382,1363,2019]
[0,110,382,625,1036,1164,1819,1958,2019]
[0,382,2019]
[0,625,1363,1819,2019]
[0,1018,1164,2019]
[0,382,625,1036,1164,1819,2019]
[0,110,511,625,1036,1164,1363,1819,1958,2019]
[0,1018,1164,1363,1914,2019]
[0,382,625,1036,2019]
[0,1819,2019]
[0,110,382,625,1018,1164,1363,1819,1958,2019]
[0,382,1018,1164,1363,1914,2019]
[0,110,532,625,1018,1164,1363,1958,2019]
[0,382,1018,1164,1363,2019]
[0,1363,2019]
[0,625,1036,1164,2019]
[0,382,1164,2019]
[0,625,1164,1363,1819,2019]
[0,625,1819,2019]
[0,382,625,1036,1164,1363,2019]
[0,625,1363,2019]
[0,382,1164,1363,2019]
[0,110,382,625,1036,1164,1819,2019]
[0,110,382,625,1036,1164,1363,2019]
[0,110,382,625,1018,1164,1819,2019]
[0,382,625,1036,1164,2019]
[0,382,625,1018,1164,1819,2019]
[0,110,532,625,1018,1164,1363,2019]
[0,110,625,1018,1164,1363,2019]
[0,382,625,1036,1164,1363,1819,1958,2019]
[0,382,625,1363,1819,2019]
[0,382,625,1036,1164,1819,1958,2019]
[0,1164,1363,1819,2019]
[0,625,1036,1164,1363,1819,2019]
[0,511,625,1036,1164,1363,1819,2019]
[0,382,625,1018,1164,1363,1819,1914,2019]
[0,382,625,1018,1164,1363,1819,1958,2019]
[0,382,625,1164,1363,2019]
[0,625,2019]
[0,110,532,625,1018,1164,1363,1819,1958,2019]
[0,382,625,1164,1363,1819,2019]
[0,382,1018,1164,2019]
[0,1164,2019]
[0,382,625,1363,2019]
[0,110,382,625,1018,1164,1363,2019]
[0,1164,1363,1819,1914,2019]
[0,110,382,625,2019]
[0,110,625,1018,1164,1363,1819,2019]
[0,382,625,1036,1819,2019]
[0,625,1018,1164,1363,1819,2019]
[0,625,1036,2019]
[0,110,382,625,1164,1819,2019]
