[0,515,2010,2211]
[0,515,1313,2010,2211]
[0,515,866,2010,2211]
[0,1313,2211]
[0,419,515,587,2010,2211]
[0,419,515,1313,1523,2010,2211]
[0,515,1523,2211]
[0,1313,1523,2211]
[0,419,515,2211]
[0,419,515,587,2211]
[0,419,515,587,1313,1523,2010,2211]
[0,172,515,866,1313,1523,2010,2211]
[0,515,866,1313,1523,2010,2211]
[0,419,515,1313,2010,2211]
[0,515,866,1313,2010,2211]
[0,515,1313,1523,2211]
[0,172,515,866,1313,2010,2211]
[0,419,515,587,1313,2010,2211]
[0,515,866,1523,2211]
[0,515,1313,1523,2010,2211]
[0,2010,2211]
[0,419,515,2010,2211]
[0,515,587,2211]
[0,515,866,1313,1523,2211]
[0,515,1313,2211]
[0,515,2211]
[0,1523,2211]
[0,515,866,2211]
[0,1313,2010,2211]
[0,515,866,1313,2211]
[0,419,515,866,1313,1523,2010,2211]
