[0,112,286,566,685,927,1180]
[0,112,286,685,857,927,1180]
[0,286,685,927,1180]
[0,112,286,566,685,857,927,1180]
[0,112,286,566,685,765,1062,1180]
[0,112,286,1180]
[0,112,286,857,927,1180]
[0,112,286,685,1180]
[0,112,286,927,1180]
[0,112,286,765,966,1180]
[0,765,927,1180]
[0,685,765,927,1180]
[0,112,286,685,927,1180]
[0,286,685,1180]
[0,161,927,1180]
[0,112,286,592,685,765,966,1062,1180]
[0,112,286,685,765,1062,1180]
[0,112,286,592,685,765,1062,1180]
[0,112,286,566,685,765,857,927,1062,1180]
[0,112,286,566,685,765,927,1062,1180]
[0,286,927,1180]
[0,112,286,566,685,765,857,927,1180]
[0,765,966,1180]
[0,1062,1180]
[0,329,1180]
[0,286,966,1180]
[0,286,685,966,1180]
[0,286,765,966,1180]
[0,286,566,685,927,1062,1180]
[0,112,286,685,842,966,1180]
[0,685,765,966,1180]
[0,329,927,1180]
[0,112,329,927,1180]
[0,112,286,592,685,966,1180]
[0,112,286,566,685,927,1062,1180]
[0,286,685,765,927,1180]
[0,112,286,685,765,927,1180]
[0,112,286,966,1180]
[0,112,286,566,685,765,927,1180]
[0,927,1180]
[0,685,1180]
[0,286,566,685,1062,1180]
[0,112,286,685,966,1180]
[0,112,286,592,685,842,966,1180]
[0,112,286,566,685,1062,1180]
[0,112,286,685,765,966,1180]
[0,112,286,592,685,1062,1180]
[0,112,286,566,685,1180]
[0,286,685,765,966,1180]
[0,286,1180]
[0,286,566,685,1180]
[0,112,286,592,685,765,966,1180]
[0,286,685,1062,1180]
[0,286,1062,1180]
[0,112,286,1062,1180]
[0,112,685,1180]
[0,112,1180]
[0,112,286,685,1062,1180]
[0,112,927,1180]
[0,112,286,685,966,1062,1180]
[0,112,286,765,927,1180]
[0,112,286,592,685,966,1062,1180]
[0,286,685,842,966,1180]
[0,286,765,927,1180]
[0,966,1180]
[0,286,566,685,927,1180]
