[0,71,256,345,636,719,1188,1262,1327]
[0,71,636,721,1327]
[0,71,144,256,345,636,719,844,1188,1262,1327]
[0,263,1327]
[0,71,144,256,345,636,719,844,1188,1327]
[0,71,144,256,345,636,719,767,1327]
[0,71,144,256,345,636,719,767,1197,1327]
[0,144,1327]
[0,256,636,1327]
[0,71,636,1327]
[0,71,256,636,719,767,1327]
[0,71,144,256,345,636,719,1327]
[0,256,636,844,1188,1327]
[0,256,345,1327]
[0,71,256,345,636,719,1188,1327]
[0,256,345,1188,1327]
[0,256,345,1197,1327]
[0,256,345,636,1197,1327]
[0,345,719,1327]
[0,71,263,636,721,1327]
[0,636,1188,1327]
[0,144,256,636,1197,1327]
[0,71,144,256,345,636,719,767,1188,1262,1327]
[0,144,256,345,636,1188,1327]
[0,256,636,1197,1327]
[0,256,345,721,1327]
[0,71,144,256,345,636,719,1188,1262,1327]
[0,144,256,636,1188,1327]
[0,636,1327]
[0,256,345,636,719,1327]
[0,71,256,636,1327]
[0,1197,1327]
[0,636,844,1327]
[0,144,345,719,1327]
[0,345,1327]
[0,144,1197,1327]
[0,256,636,721,1327]
[0,256,345,636,844,1188,1327]
[0,71,256,345,636,719,767,1197,1327]
[0,256,345,636,719,1188,1327]
[0,719,1327]
[0,256,636,844,1327]
[0,71,636,719,1327]
[0,144,256,345,719,1327]
[0,71,256,345,636,719,1327]
[0,345,1197,1327]
[0,144,256,345,636,719,844,1188,1327]
[0,71,256,345,636,719,1197,1327]
[0,144,256,345,636,719,1197,1327]
[0,71,263,1197,1327]
[0,71,1327]
[0,345,1188,1327]
[0,71,256,345,636,721,1327]
[0,71,1197,1327]
[0,636,1197,1327]
[0,263,636,721,1327]
[0,345,721,1327]
[0,636,719,1327]
[0,144,256,636,844,1188,1327]
[0,144,256,345,636,844,1188,1327]
[0,144,256,345,636,1197,1327]
[0,144,256,345,636,719,1188,1327]
[0,256,345,719,1327]
[0,256,636,1188,1327]
[0,256,345,636,1188,1327]
[0,636,721,1327]
[0,256,345,636,721,1327]
[0,144,256,345,636,719,1327]
[0,71,256,345,636,719,767,1327]
[0,71,144,256,345,636,719,1197,1327]
[0,256,636,719,1327]
[0,263,636,1327]
[0,71,256,636,721,1327]
[0,71,256,636,719,1327]
[0,71,144,256,345,636,719,767,844,1188,1262,1327]
[0,263,1197,1327]
[0,256,345,636,719,1197,1327]
[0,256,345,636,844,1327]
[0,71,256,345,636,719,767,1188,1262,1327]
[0,71,144,256,345,636,719,1188,1327]
[0,71,256,345,636,719,767,1188,1327]
[0,144,719,1327]
[0,721,1327]
[0,636,844,1188,1327]
