[0,176,241,424,571,741,883,1087,1197]
[0,192,1087,1197]
[0,241,424,571,741,883,1197]
[0,192,883,1087,1197]
[0,176,241,424,571,883,1082,1197]
[0,931,1197]
[0,424,571,883,1087,1197]
[0,424,571,883,931,1082,1197]
[0,241,424,571,883,1087,1197]
[0,424,883,1197]
[0,176,241,424,571,741,883,1082,1197]
[0,241,424,571,741,883,1082,1197]
[0,424,571,883,1197]
[0,424,571,883,1082,1197]
[0,233,883,1197]
[0,241,424,571,883,1082,1197]
[0,424,1197]
[0,241,424,571,883,931,1087,1197]
[0,424,1087,1197]
[0,176,241,424,571,883,931,1082,1197]
[0,241,1082,1197]
[0,233,883,1087,1197]
[0,241,424,1197]
[0,132,233,883,1087,1197]
[0,571,1197]
[0,192,507,883,1087,1197]
[0,132,241,883,1082,1197]
[0,424,1082,1197]
[0,424,883,1082,1197]
[0,241,424,571,741,883,1087,1197]
[0,424,571,1082,1197]
[0,883,1197]
[0,424,571,741,883,1082,1197]
[0,424,571,1197]
[0,132,241,883,931,1082,1197]
[0,241,883,1197]
[0,241,883,1082,1197]
[0,241,424,571,883,1197]
[0,132,241,571,1082,1197]
[0,233,1197]
[0,192,507,883,1197]
[0,241,424,741,1197]
[0,1087,1197]
[0,424,571,741,883,1197]
[0,176,241,424,571,883,931,1087,1197]
[0,241,571,931,1197]
[0,241,424,571,1197]
[0,571,931,1197]
[0,424,571,741,883,1087,1197]
[0,132,241,1082,1197]
[0,507,883,1197]
[0,176,241,424,571,741,883,931,1087,1197]
[0,192,507,1197]
[0,883,1087,1197]
[0,241,424,571,883,931,1082,1197]
[0,241,1197]
[0,424,883,1087,1197]
[0,241,424,571,741,1197]
[0,241,571,1197]
[0,507,1197]
[0,241,424,883,1197]
[0,192,883,1197]
[0,241,571,1082,1197]
[0,424,741,1197]
[0,176,241,424,571,741,883,931,1082,1197]
[0,424,883,931,1082,1197]
[0,424,571,741,1197]
[0,176,241,424,571,883,1087,1197]
[0,192,1197]
[0,280,1197]
[0,424,571,883,931,1087,1197]
