[0,526,903,1419]
[0,100,526,862,962,1182,1261,1419]
[0,526,862,1261,1419]
[0,526,862,962,1261,1419]
[0,526,862,1419]
[0,100,327,526,903,1182,1419]
[0,526,1419]
[0,327,526,903,1182,1419]
[0,100,526,862,962,1261,1419]
[0,100,526,862,962,1022,1182,1261,1419]
[0,100,526,862,962,1419]
[0,100,526,1419]
[0,526,862,962,1022,1182,1261,1419]
[0,100,526,862,1182,1419]
[0,526,1228,1419]
[0,526,1022,1419]
[0,100,526,903,1419]
[0,526,862,1182,1419]
[0,100,526,903,1182,1419]
[0,526,862,962,1182,1261,1419]
[0,526,862,962,1419]
[0,526,903,1182,1419]
