[0,67,325,438,1046]
[0,67,325,614,1046]
[0,67,204,265,325,438,561,1046]
[0,67,1046]
[0,614,931,1046]
[0,67,325,438,561,614,924,1046]
[0,67,325,438,561,1046]
[0,204,325,614,1046]
[0,325,438,561,1046]
[0,204,614,924,1046]
[0,67,204,265,325,438,561,614,931,1046]
[0,325,438,614,931,1046]
[0,67,325,438,614,931,1046]
[0,67,265,325,438,561,614,1046]
[0,204,325,438,614,924,1046]
[0,204,325,438,1046]
[0,67,325,438,614,924,1046]
[0,325,438,614,924,1046]
[0,67,614,1046]
[0,204,438,1046]
[0,67,204,325,438,1046]
[0,67,438,561,614,1046]
[0,67,438,1046]
[0,67,204,325,614,1046]
[0,204,325,614,924,1046]
[0,67,204,325,614,924,1046]
[0,438,1046]
[0,614,1046]
[0,67,204,325,438,614,924,1046]
[0,67,204,265,325,614,924,1046]
[0,325,438,1046]
[0,67,204,614,924,1046]
[0,67,204,265,325,438,1046]
[0,67,204,265,325,614,1046]
[0,438,561,1046]
[0,67,325,614,924,1046]
[0,67,204,1046]
[0,325,614,924,1046]
[0,204,1046]
[0,67,265,325,438,561,1046]
[0,325,1046]
[0,67,204,265,325,438,561,614,1046]
[0,67,438,561,1046]
[0,204,325,438,614,931,1046]
[0,67,614,924,1046]
[0,67,204,265,325,438,561,614,924,1046]
[0,204,325,614,931,1046]
[0,204,438,561,1046]
[0,67,561,614,1046]
[0,67,204,325,614,931,1046]
[0,614,924,1046]
[0,67,204,265,325,614,931,1046]
[0,204,325,438,561,1046]
[0,67,265,325,438,1046]
[0,67,265,325,614,1046]
[0,561,614,1046]
[0,67,924,1046]
[0,204,614,1046]
[0,67,325,614,931,1046]
[0,325,614,931,1046]
[0,67,204,325,438,614,931,1046]
[0,67,325,438,561,614,1046]
[0,325,614,1046]
[0,67,204,325,438,561,1046]
[0,67,204,614,1046]
[0,67,204,265,325,438,614,931,1046]
[0,67,325,1046]
[0,924,1046]
[0,67,204,265,325,438,614,924,1046]
