[0,307,465,656,822,1133,1642]
[0,72,146,225,307,465,656,822,1133,1373,1642]
[0,1134,1642]
[0,72,307,465,656,822,1133,1373,1573,1642]
[0,465,1373,1642]
[0,465,1642]
[0,465,822,1133,1642]
[0,146,225,307,465,656,822,1133,1373,1642]
[0,146,465,1642]
[0,465,656,1133,1373,1642]
[0,72,307,465,656,822,1133,1373,1642]
[0,465,656,822,1133,1642]
[0,307,465,656,1642]
[0,307,465,656,822,1642]
[0,146,465,1133,1373,1642]
[0,307,465,656,822,1133,1373,1573,1642]
[0,72,307,465,1133,1373,1642]
[0,307,465,1642]
[0,1133,1642]
[0,307,465,1133,1373,1642]
[0,147,1134,1642]
[0,465,822,1133,1373,1642]
[0,465,1133,1373,1642]
[0,72,146,225,307,465,656,822,1133,1373,1573,1642]
[0,225,307,465,656,822,1133,1373,1642]
[0,465,656,1642]
[0,307,465,656,822,1133,1373,1642]
[0,72,307,465,656,1133,1373,1642]
[0,307,465,1373,1642]
[0,465,656,822,1133,1373,1642]
[0,307,465,656,1133,1373,1642]
[0,72,225,307,465,656,822,1133,1373,1642]
[0,465,656,822,1642]
[0,465,1133,1642]
