[0,514,663,843,1046]
[0,305,514,663,749,843,1046]
[0,312,451,584,663,749,843,1046]
[0,514,1046]
[0,451,663,1046]
[0,514,663,843,969,1046]
[0,451,663,843,969,1046]
[0,514,663,1046]
[0,305,451,514,663,749,843,969,1046]
[0,514,678,843,1046]
[0,584,1046]
[0,491,839,1046]
[0,514,584,663,749,843,969,1046]
[0,451,584,663,843,1046]
[0,312,451,663,843,1046]
[0,451,514,663,749,843,969,1046]
[0,514,843,1046]
[0,451,663,749,843,1046]
[0,312,451,514,584,663,749,843,969,1046]
[0,305,451,584,663,749,843,1046]
[0,312,514,663,749,843,969,1046]
[0,663,1046]
[0,305,451,663,843,1046]
[0,491,1046]
[0,512,663,1046]
[0,312,514,843,1046]
[0,312,451,514,663,843,969,1046]
[0,451,663,843,1046]
[0,491,663,839,1046]
[0,451,514,584,663,749,843,969,1046]
[0,512,843,1046]
[0,514,663,749,843,1046]
[0,491,663,839,969,1046]
[0,451,584,663,749,843,1046]
[0,312,514,663,843,969,1046]
[0,584,843,1046]
[0,312,514,663,843,1046]
[0,451,584,663,843,969,1046]
[0,556,843,1046]
[0,514,678,843,969,1046]
[0,312,451,514,584,663,843,969,1046]
[0,491,663,1046]
[0,312,451,584,663,843,969,1046]
[0,556,1046]
[0,312,451,514,663,749,843,969,1046]
[0,451,514,663,843,969,1046]
[0,663,969,1046]
[0,514,584,663,843,969,1046]
[0,312,451,584,663,843,1046]
[0,514,678,1046]
[0,312,451,663,749,843,1046]
[0,451,584,663,749,843,969,1046]
[0,305,451,584,663,749,843,969,1046]
[0,512,663,843,1046]
[0,312,451,584,663,749,843,969,1046]
[0,305,451,663,749,843,1046]
[0,451,1046]
[0,305,451,514,584,663,749,843,969,1046]
[0,305,514,663,749,843,969,1046]
[0,312,514,663,749,843,1046]
[0,305,514,663,843,1046]
[0,305,514,1046]
[0,305,514,843,1046]
[0,514,663,749,843,969,1046]
[0,512,1046]
