[0,209,349,793,1046]
[0,349,392,793,1046]
[0,209,349,392,793,1046]
[0,136,632,793,1046]
[0,209,349,681,793,1046]
[0,349,793,1046]
[0,136,349,793,1046]
[0,209,349,392,588,793,1046]
[0,209,793,1046]
[0,588,793,1046]
[0,349,1046]
[0,349,588,793,1046]
[0,136,681,793,1046]
[0,209,349,681,793,850,1046]
[0,209,349,392,486,588,793,1046]
[0,209,681,793,1046]
[0,209,349,392,486,588,793,850,1046]
[0,136,793,1046]
[0,136,349,681,793,1046]
[0,209,349,588,793,850,1046]
[0,209,349,486,588,793,850,1046]
[0,793,1046]
[0,209,349,588,793,1046]
[0,209,349,486,588,793,1046]
[0,392,793,1046]
[0,392,1046]
[0,681,793,1046]
[0,632,793,1046]
