[0,365,565,997]
[0,366,507,997]
[0,95,366,461,565,765,997]
[0,366,565,701,765,997]
[0,366,507,701,765,997]
[0,461,997]
[0,95,320,366,461,565,701,765,876,997]
[0,95,366,461,565,701,765,997]
[0,461,565,997]
[0,365,765,997]
[0,366,461,565,765,876,997]
[0,461,765,997]
[0,461,565,701,765,997]
[0,320,366,461,565,997]
[0,366,997]
[0,461,701,765,997]
[0,320,366,461,507,701,765,997]
[0,461,565,765,997]
[0,366,461,565,701,765,876,997]
[0,365,547,997]
[0,366,461,565,765,997]
[0,365,507,997]
[0,461,507,997]
[0,366,713,997]
[0,320,366,461,507,997]
[0,461,565,765,876,997]
[0,320,366,461,565,701,765,997]
[0,461,507,701,765,997]
[0,366,461,565,997]
[0,461,765,876,997]
[0,366,461,565,701,765,997]
[0,366,461,507,701,765,997]
[0,365,461,547,765,997]
[0,95,320,366,461,565,701,765,997]
[0,365,547,765,997]
[0,365,461,565,997]
[0,320,366,565,997]
[0,366,507,765,997]
[0,365,997]
[0,461,507,765,997]
[0,320,366,565,701,765,997]
[0,366,565,765,997]
[0,95,366,461,565,701,765,876,997]
[0,366,461,507,997]
[0,366,565,997]
[0,95,366,461,565,765,876,997]
[0,365,461,547,997]
[0,366,765,997]
