[0,88,728,934,1145,1242,1595,1660,1967,2019]
[0,88,728,934,1145,1242,1595,2019]
[0,1224,1595,1660,2019]
[0,88,1242,1627,1967,2019]
[0,902,1242,1595,2019]
[0,88,1207,1355,2019]
[0,728,902,1145,1242,1595,1660,2019]
[0,902,1242,1595,1660,2019]
[0,728,902,1145,1242,1595,2019]
[0,88,728,934,1224,1355,1967,2019]
[0,1242,1595,2019]
[0,728,934,1224,1595,1660,2019]
[0,728,934,1242,1595,2019]
[0,1242,1627,1967,2019]
[0,88,728,902,1242,1345,2019]
[0,1242,2019]
[0,1207,2019]
[0,728,934,1145,1242,1595,2019]
[0,1206,1660,2019]
[0,934,1242,1595,2019]
[0,1224,1595,2019]
[0,88,728,934,1145,1242,1595,1660,2019]
[0,728,902,1242,1345,2019]
[0,934,1224,2019]
[0,728,934,1224,1595,2019]
[0,88,728,902,1145,1242,1595,2019]
[0,728,934,1145,1242,1595,1660,2019]
[0,728,934,1242,1595,1660,2019]
[0,88,1242,1660,1956,2019]
[0,902,1242,1345,2019]
[0,728,934,1224,1355,2019]
[0,88,728,902,1242,1345,1956,2019]
[0,1224,1355,2019]
[0,934,1242,1595,1660,2019]
[0,1242,1660,1956,2019]
[0,88,728,902,1145,1242,1595,1660,2019]
[0,88,1242,2019]
[0,88,1242,1627,2019]
[0,88,1242,1660,2019]
[0,1242,1660,2019]
[0,1242,1627,2019]
[0,934,1224,1355,2019]
[0,1345,2019]
[0,1207,1355,2019]
[0,1224,2019]
[0,728,902,1242,1595,1660,2019]
[0,1242,1345,2019]
[0,1242,1595,1660,2019]
[0,728,902,1242,2019]
[0,934,1224,1595,1660,2019]
[0,88,1242,1345,1956,2019]
[0,1206,2019]
[0,934,1224,1595,2019]
[0,728,902,1242,1595,2019]
[0,88,1207,1355,1967,2019]
[0,88,1242,1345,2019]
[0,88,728,934,1224,1355,2019]
[0,728,934,1224,2019]
[0,88,728,902,1145,1242,1595,1660,1956,2019]
[0,902,1242,2019]
