[0,311,603,997]
[0,266,641,763,861,997]
[0,186,311,489,763,997]
[0,266,763,997]
[0,186,311,763,997]
[0,311,489,763,861,997]
[0,186,266,641,763,997]
[0,186,266,489,763,861,997]
[0,186,266,489,763,997]
[0,397,489,763,997]
[0,266,489,763,997]
[0,397,997]
[0,186,266,641,763,861,997]
[0,311,997]
[0,266,489,763,861,997]
[0,311,763,997]
[0,489,997]
[0,489,763,861,997]
[0,397,489,763,861,997]
[0,489,763,997]
[0,311,489,763,997]
[0,266,812,997]
[0,186,311,489,763,861,997]
[0,186,266,397,489,763,861,997]
[0,186,397,763,997]
[0,266,641,763,997]
[0,266,997]
[0,186,311,603,997]
[0,186,397,763,861,997]
[0,186,311,997]
[0,186,397,489,763,861,997]
[0,397,763,861,997]
[0,311,709,997]
[0,397,763,997]
