[0,405,485,677,770,856,1180]
[0,485,770,1180]
[0,405,770,985,1180]
[0,128,485,770,856,1180]
[0,405,546,770,1180]
[0,242,546,985,1180]
[0,128,770,1180]
[0,405,485,1180]
[0,128,770,856,985,1180]
[0,242,485,677,770,856,1180]
[0,242,485,1180]
[0,485,677,770,1180]
[0,242,405,546,770,856,1180]
[0,405,485,770,856,1180]
[0,405,546,1180]
[0,128,405,770,1180]
[0,242,405,546,770,1180]
[0,405,770,856,985,1180]
[0,259,770,1180]
[0,546,985,1180]
[0,242,485,677,770,1180]
[0,128,770,856,1180]
[0,405,546,677,1180]
[0,128,405,485,770,856,1180]
[0,242,405,546,677,1180]
[0,242,405,546,677,770,1180]
[0,242,405,546,985,1180]
[0,242,405,485,677,770,856,1180]
[0,242,405,546,677,770,985,1180]
[0,242,405,546,856,985,1180]
[0,405,485,677,770,1180]
[0,485,1180]
[0,242,546,1180]
[0,405,546,985,1180]
[0,405,546,677,770,856,1180]
[0,405,546,770,856,985,1180]
[0,128,405,770,856,985,1180]
[0,405,770,1180]
[0,546,1180]
[0,128,485,1180]
[0,770,985,1180]
[0,677,770,1180]
[0,485,677,770,856,1180]
[0,242,405,546,770,856,985,1180]
[0,128,485,677,770,856,1180]
[0,405,546,856,985,1180]
[0,242,546,770,1180]
[0,128,405,485,677,770,856,1180]
[0,405,770,856,1180]
[0,128,485,677,770,1180]
[0,242,405,546,677,985,1180]
[0,770,1180]
[0,128,485,770,1180]
[0,242,485,770,1180]
[0,242,405,546,677,770,856,1180]
[0,128,405,770,985,1180]
[0,405,546,677,770,1180]
[0,405,485,770,1180]
[0,128,770,985,1180]
[0,242,405,546,677,770,856,985,1180]
[0,405,546,770,856,1180]
[0,242,405,546,1180]
