[0,66,327,405,500,707,798,933,1046]
[0,405,707,1046]
[0,66,242,327,405,500,707,798,933,1046]
[0,268,405,1046]
[0,798,1046]
[0,327,405,500,707,933,1046]
[0,417,1046]
[0,242,327,405,500,707,798,933,1046]
[0,66,405,500,707,798,933,1046]
[0,268,405,933,1046]
[0,268,405,707,933,1046]
[0,268,1046]
[0,66,268,405,500,707,798,933,1046]
[0,707,1046]
[0,66,405,933,1046]
[0,66,417,933,1046]
[0,417,933,1046]
[0,327,405,500,933,1046]
[0,405,933,1046]
[0,327,405,500,707,798,933,1046]
[0,268,405,500,933,1046]
[0,405,827,1046]
[0,268,405,500,707,798,933,1046]
[0,405,500,707,798,933,1046]
[0,417,827,1046]
[0,268,405,500,707,933,1046]
[0,66,417,827,1046]
[0,405,1046]
[0,933,1046]
[0,405,500,933,1046]
[0,405,707,933,1046]
[0,66,405,798,1046]
[0,242,405,707,933,1046]
[0,405,798,1046]
[0,242,405,707,1046]
[0,66,405,500,933,1046]
[0,827,1046]
[0,242,405,500,707,933,1046]
[0,242,405,500,707,798,933,1046]
[0,268,405,707,1046]
[0,405,500,707,933,1046]
