[0,48,372,618,902,1062,1343]
[0,48,372,618,1343]
[0,618,1343]
[0,48,448,618,895,1062,1343]
[0,448,618,895,1062,1343]
[0,183,372,618,1343]
[0,448,618,902,1062,1343]
[0,183,1343]
[0,48,448,618,902,1062,1343]
[0,48,618,902,1343]
[0,618,895,1343]
[0,448,618,895,1343]
[0,372,618,902,1343]
[0,183,895,1343]
[0,48,183,372,618,902,1062,1343]
[0,48,618,1343]
[0,618,965,1343]
[0,618,895,1062,1343]
[0,895,1343]
[0,48,618,902,1062,1343]
[0,618,902,1343]
[0,48,183,372,448,618,902,1062,1343]
[0,618,902,1062,1343]
[0,48,618,895,1062,1343]
[0,372,618,1343]
[0,372,618,902,1062,1343]
[0,183,372,618,902,1343]
[0,48,618,895,1343]
[0,48,1343]
[0,183,372,448,618,902,1062,1343]
[0,183,372,618,902,1062,1343]
[0,48,618,965,1343]
[0,48,372,618,902,1343]
[0,448,618,902,1343]
