[0,217,1046]
[0,217,306,584,758,888,976,1046]
[0,758,888,976,1046]
[0,217,306,758,888,976,1046]
[0,217,398,440,596,758,888,976,1046]
[0,217,306,398,440,584,758,888,976,1046]
[0,584,1046]
[0,398,888,1046]
[0,217,306,758,888,1046]
[0,217,398,596,758,888,1046]
[0,217,440,584,888,1046]
[0,306,758,888,1046]
[0,217,584,758,888,1046]
[0,758,888,1046]
[0,217,313,584,758,888,976,1046]
[0,217,440,596,758,888,1046]
[0,398,440,584,758,888,976,1046]
[0,440,584,888,1046]
[0,90,888,1046]
[0,306,888,1046]
[0,217,398,888,1046]
[0,217,306,596,758,888,1046]
[0,440,584,758,888,1046]
[0,440,596,758,888,1046]
[0,596,758,888,976,1046]
[0,217,398,584,1046]
[0,217,888,1046]
[0,596,1046]
[0,98,888,1046]
[0,217,398,584,758,888,1046]
[0,440,1046]
[0,584,758,888,1046]
[0,217,306,440,596,758,888,976,1046]
[0,217,398,584,758,888,976,1046]
[0,217,306,440,584,758,888,976,1046]
[0,440,888,1046]
[0,90,584,758,888,976,1046]
[0,217,440,584,758,888,1046]
[0,398,1046]
[0,217,596,758,888,976,1046]
[0,217,584,1046]
[0,398,440,596,758,888,976,1046]
[0,217,584,758,888,976,1046]
[0,440,596,888,1046]
[0,217,596,758,888,1046]
[0,584,758,888,976,1046]
[0,398,440,758,888,976,1046]
[0,90,584,758,888,1046]
[0,596,758,888,1046]
[0,439,618,888,1046]
[0,217,306,440,596,758,888,1046]
[0,217,306,398,440,596,758,888,976,1046]
[0,217,306,440,584,758,888,1046]
[0,439,1046]
[0,217,313,584,758,888,1046]
[0,888,1046]
[0,217,398,596,1046]
[0,398,758,888,976,1046]
[0,596,888,1046]
[0,217,398,440,584,758,888,976,1046]
[0,584,888,1046]
[0,217,398,1046]
[0,217,440,596,888,1046]
[0,217,398,758,888,976,1046]
[0,98,618,888,1046]
[0,217,596,1046]
[0,217,584,888,1046]
[0,439,618,1046]
[0,440,584,758,888,976,1046]
[0,217,398,584,888,1046]
[0,217,596,888,1046]
[0,440,596,758,888,976,1046]
[0,306,1046]
[0,217,398,596,888,1046]
[0,217,306,584,758,888,1046]
[0,217,398,596,758,888,976,1046]
[0,618,888,1046]
[0,217,398,758,888,1046]
[0,98,439,618,888,1046]
[0,398,758,888,1046]
[0,618,1046]
[0,367,1046]
[0,217,306,596,758,888,976,1046]
