[0,263,486,731,898,1046]
[0,646,898,1046]
[0,147,898,1046]
[0,382,646,731,898,1046]
[0,263,486,731,1046]
[0,263,470,1046]
[0,382,610,1046]
[0,596,731,898,1046]
[0,263,1046]
[0,646,1046]
[0,263,646,1046]
[0,147,263,596,1046]
[0,147,382,486,646,731,898,1046]
[0,382,898,1046]
[0,382,731,1046]
[0,147,816,1046]
[0,147,382,486,1046]
[0,147,444,646,898,1046]
[0,444,646,1046]
[0,263,596,731,1046]
[0,646,731,898,1046]
[0,147,263,486,1046]
[0,444,646,898,1046]
[0,147,444,731,898,1046]
[0,731,1046]
[0,147,263,646,1046]
[0,382,486,1046]
[0,147,382,1046]
[0,263,470,610,731,898,1046]
[0,147,382,646,1046]
[0,263,610,1046]
[0,147,382,610,898,1046]
[0,147,382,486,731,898,1046]
[0,898,1046]
[0,731,898,1046]
[0,147,444,610,731,898,1046]
[0,147,610,731,898,1046]
[0,147,382,731,898,1046]
[0,486,1046]
[0,596,898,1046]
[0,147,263,382,486,646,731,898,1046]
[0,147,263,486,646,731,898,1046]
[0,596,1046]
[0,444,731,1046]
[0,263,470,731,1046]
[0,147,263,486,731,898,1046]
[0,263,470,898,1046]
[0,646,731,1046]
[0,382,646,1046]
[0,263,470,731,898,1046]
[0,147,263,610,731,898,1046]
[0,444,1046]
[0,263,610,731,898,1046]
[0,147,382,470,610,731,898,1046]
[0,382,1046]
[0,470,1046]
[0,147,263,382,470,610,731,898,1046]
[0,263,486,1046]
[0,147,263,596,731,898,1046]
[0,147,263,486,898,1046]
[0,147,382,898,1046]
[0,147,263,898,1046]
[0,147,263,470,610,731,898,1046]
[0,147,263,610,898,1046]
[0,147,382,610,731,898,1046]
[0,147,486,816,1046]
[0,486,816,1046]
[0,263,486,898,1046]
[0,382,646,898,1046]
[0,147,731,898,1046]
[0,147,263,646,731,1046]
[0,263,610,898,1046]
[0,147,263,646,898,1046]
[0,147,263,596,731,1046]
[0,444,731,898,1046]
[0,263,646,898,1046]
[0,147,382,646,898,1046]
[0,610,1046]
[0,263,596,898,1046]
[0,382,728,1046]
[0,147,263,1046]
[0,147,646,1046]
[0,382,610,898,1046]
[0,596,731,1046]
[0,147,444,646,1046]
[0,147,382,486,898,1046]
[0,610,731,898,1046]
[0,147,382,646,731,898,1046]
[0,816,1046]
[0,147,263,382,486,731,898,1046]
[0,263,898,1046]
[0,147,263,646,731,898,1046]
[0,382,731,898,1046]
[0,486,731,1046]
[0,470,731,1046]
[0,147,1046]
[0,263,596,731,898,1046]
[0,263,596,1046]
