[0,396,509,630,1085,1171,1247,1327]
[0,77,459,509,630,1085,1327]
[0,509,892,1085,1327]
[0,509,1327]
[0,313,396,509,630,892,1085,1171,1327]
[0,77,459,509,630,892,1085,1171,1247,1327]
[0,77,509,630,1085,1171,1247,1327]
[0,77,509,630,892,1085,1171,1247,1327]
[0,77,309,396,459,509,630,892,1085,1171,1247,1327]
[0,66,313,396,459,509,630,892,1085,1171,1247,1327]
[0,66,313,396,509,630,892,1085,1171,1247,1327]
[0,66,396,509,1085,1327]
[0,77,396,509,630,892,1085,1171,1247,1327]
[0,509,630,1085,1171,1327]
[0,66,509,630,892,1085,1171,1247,1327]
[0,313,396,509,630,1085,1171,1327]
[0,77,509,1085,1327]
[0,66,396,509,630,1085,1171,1327]
[0,66,509,630,1085,1327]
[0,77,459,509,630,1085,1171,1247,1327]
[0,66,509,630,1085,1171,1327]
[0,396,509,1327]
[0,309,396,509,630,892,1085,1171,1327]
[0,77,459,509,630,1085,1171,1327]
[0,77,396,509,630,1085,1327]
[0,66,459,509,1085,1327]
[0,66,459,509,630,892,1085,1171,1247,1327]
[0,77,509,630,892,1085,1171,1327]
[0,77,309,396,509,630,892,1085,1171,1247,1327]
[0,509,630,1085,1171,1247,1327]
[0,313,396,509,630,892,1085,1171,1247,1327]
[0,66,509,630,1085,1171,1247,1327]
[0,77,509,630,892,1085,1327]
[0,509,630,892,1085,1171,1327]
[0,66,396,509,630,1085,1327]
[0,509,630,1085,1327]
[0,77,309,396,509,630,892,1085,1171,1327]
[0,396,509,630,1085,1171,1327]
[0,66,459,509,630,1085,1171,1327]
[0,313,396,509,630,1085,1327]
[0,77,396,459,509,630,892,1085,1171,1247,1327]
[0,459,509,1085,1327]
[0,313,396,509,630,892,1085,1327]
[0,66,396,509,630,1085,1171,1247,1327]
[0,77,396,509,1085,1327]
[0,509,630,892,1085,1171,1247,1327]
[0,77,309,396,509,630,892,1085,1327]
[0,313,396,509,1085,1327]
[0,309,396,509,630,892,1085,1327]
[0,396,509,630,1085,1327]
[0,313,396,509,630,1085,1171,1247,1327]
[0,77,509,630,1085,1327]
[0,66,396,509,630,892,1085,1171,1247,1327]
[0,66,313,396,509,630,892,1085,1327]
[0,459,509,1327]
[0,66,396,509,630,892,1085,1327]
[0,396,509,1085,1327]
[0,309,396,509,630,1085,1327]
[0,509,630,892,1085,1327]
[0,77,396,509,630,892,1085,1327]
[0,77,396,509,630,892,1085,1171,1327]
[0,66,459,509,630,1085,1327]
[0,66,509,1085,1327]
[0,509,1085,1327]
[0,396,509,630,892,1085,1171,1247,1327]
[0,66,459,509,630,1085,1171,1247,1327]
[0,77,396,509,630,1085,1171,1327]
[0,77,459,509,1085,1327]
[0,77,396,509,630,1085,1171,1247,1327]
[0,77,509,630,1085,1171,1327]
[0,396,509,630,892,1085,1171,1327]
[0,396,509,630,892,1085,1327]
[0,66,396,459,509,630,892,1085,1171,1247,1327]
