[0,143,370,580,638,987,1037,1249]
[0,143,214,441,580,1037,1249]
[0,143,214,580,638,1249]
[0,94,441,507,580,1037,1249]
[0,143,1249]
[0,143,214,580,1249]
[0,94,441,580,1249]
[0,638,1249]
[0,370,580,1249]
[0,143,214,370,580,638,987,1049,1249]
[0,638,1049,1249]
[0,143,441,580,638,1037,1249]
[0,143,370,580,987,1049,1249]
[0,441,580,1249]
[0,143,441,1249]
[0,370,580,1037,1249]
[0,94,441,580,638,1249]
[0,143,441,580,1037,1249]
[0,143,214,1037,1249]
[0,143,370,580,638,1049,1249]
[0,370,1037,1249]
[0,143,441,580,1249]
[0,143,214,441,580,638,1249]
[0,143,370,580,638,987,1049,1249]
[0,580,638,1049,1249]
[0,143,214,370,580,987,1049,1249]
[0,143,1037,1249]
[0,580,1249]
[0,143,370,580,638,1037,1249]
[0,143,214,370,580,638,1037,1249]
[0,143,441,580,638,1249]
[0,441,1249]
[0,94,370,580,638,987,1049,1249]
[0,94,143,214,370,580,638,987,1037,1249]
[0,370,580,987,1049,1249]
[0,441,580,638,1037,1249]
[0,143,214,580,1037,1249]
[0,441,1037,1249]
[0,580,638,1249]
[0,370,580,1049,1249]
[0,214,1249]
[0,143,214,580,638,1037,1249]
[0,94,370,580,638,987,1037,1249]
[0,94,370,580,1249]
[0,143,214,441,580,638,1037,1249]
[0,1037,1249]
[0,441,580,1037,1249]
[0,143,370,580,1049,1249]
[0,143,580,1249]
[0,94,370,580,1037,1249]
[0,94,143,214,370,580,638,987,1049,1249]
[0,94,441,580,1037,1249]
[0,143,214,370,580,1049,1249]
[0,94,370,580,987,1049,1249]
[0,94,441,507,580,638,1037,1249]
[0,143,214,370,580,1249]
[0,143,370,580,1249]
[0,94,441,580,638,1037,1249]
[0,143,214,1249]
[0,370,580,638,1249]
[0,214,580,1249]
[0,143,370,580,1037,1249]
[0,94,370,580,638,1049,1249]
[0,94,441,507,580,638,1249]
[0,214,580,1037,1249]
[0,441,580,638,1249]
[0,1049,1249]
[0,143,214,441,580,1249]
[0,94,370,580,638,1249]
[0,681,1249]
[0,143,214,370,580,638,987,1037,1249]
[0,94,370,580,1049,1249]
[0,214,1037,1249]
[0,143,214,370,580,1037,1249]
[0,94,370,580,638,1037,1249]
[0,94,441,507,580,1249]
[0,143,441,1037,1249]
[0,370,580,638,1049,1249]
[0,143,370,580,638,1249]
[0,370,1249]
