[0,331,922]
[0,261,389,922]
[0,160,438,530,922]
[0,108,922]
[0,108,261,389,530,922]
[0,45,182,261,389,460,530,587,922]
[0,45,182,389,530,922]
[0,45,182,389,922]
[0,108,261,389,460,530,922]
[0,108,261,389,922]
[0,460,922]
[0,45,182,261,389,460,530,922]
[0,438,922]
[0,389,530,922]
[0,160,438,922]
[0,45,108,261,389,922]
[0,160,460,922]
[0,182,389,530,922]
[0,182,389,922]
[0,182,261,389,530,922]
[0,107,160,438,530,922]
[0,107,160,922]
[0,182,261,389,922]
[0,108,331,922]
[0,261,389,530,922]
[0,530,922]
[0,45,108,261,389,460,530,922]
[0,182,389,460,530,922]
[0,389,922]
[0,182,922]
[0,261,922]
[0,160,922]
[0,261,438,530,922]
[0,45,108,261,389,530,922]
[0,182,261,389,460,530,922]
[0,107,160,438,922]
[0,45,182,389,460,530,922]
[0,261,438,922]
[0,45,261,389,922]
[0,261,389,460,530,922]
[0,182,261,389,460,530,587,922]
[0,261,530,922]
