[0,1068,1409,2046,2120]
[0,425,1027,2120]
[0,356,1027,1149,1344,1494,2120]
[0,356,1027,1344,1494,1847,2120]
[0,2046,2120]
[0,1409,1847,2120]
[0,1903,2120]
[0,356,1027,1494,1847,2120]
[0,425,1027,1150,2046,2120]
[0,356,1027,1847,2120]
[0,356,1027,1149,1494,2120]
[0,356,1027,1409,2120]
[0,356,1027,1149,1344,1409,2046,2120]
[0,1068,1903,2120]
[0,1027,2046,2120]
[0,1068,1409,1847,2120]
[0,1027,1494,1847,2120]
[0,356,1027,1149,1344,1494,2046,2120]
[0,425,1068,1409,1847,2046,2120]
[0,356,1027,1436,2120]
[0,356,1027,1149,1344,1436,2120]
[0,425,1068,2120]
[0,356,1027,1149,1436,2046,2120]
[0,1409,2120]
[0,356,1027,1149,2120]
[0,356,1027,1149,1344,2120]
[0,356,1027,2120]
[0,1068,2120]
[0,425,1068,1409,1847,2120]
[0,356,1027,1149,2046,2120]
[0,425,1068,1409,2120]
[0,1027,1150,2120]
[0,356,1027,1149,1494,1847,2120]
[0,1027,1436,2120]
[0,425,2120]
[0,356,1027,1149,1409,2046,2120]
[0,1068,1409,2120]
[0,356,1027,1149,1436,2120]
[0,1847,2120]
[0,356,1027,1149,1344,1409,2120]
[0,356,1027,1494,2120]
[0,1027,1409,2120]
[0,425,1027,1150,2120]
[0,1027,1149,2120]
[0,356,1027,1149,1344,1436,2046,2120]
[0,356,1027,1149,1344,1494,1847,2120]
[0,356,1027,1344,1494,2120]
[0,1409,2046,2120]
[0,1027,1149,1409,2120]
[0,356,1027,1150,2046,2120]
[0,356,1027,1344,2120]
[0,356,1027,2046,2120]
[0,356,1027,1149,1847,2120]
[0,356,1027,1149,1409,2120]
[0,356,1027,1150,2120]
[0,356,1027,1149,1494,2046,2120]
[0,356,1027,1149,1344,1494,1847,2046,2120]
[0,1027,1149,1344,1409,2120]
[0,425,1068,1409,2046,2120]
[0,1027,2120]
[0,1027,1494,2120]
[0,356,1027,1344,2046,2120]
