[0,105,253,499,726,802,997]
[0,105,997]
[0,268,997]
[0,268,726,888,997]
[0,105,253,802,997]
[0,253,499,726,888,997]
[0,268,795,997]
[0,105,253,375,997]
[0,253,726,997]
[0,105,253,375,726,802,932,997]
[0,253,847,997]
[0,105,253,499,726,888,997]
[0,105,253,726,847,997]
[0,253,499,997]
[0,888,997]
[0,105,795,997]
[0,375,997]
[0,802,997]
[0,105,726,888,997]
[0,795,997]
[0,105,268,726,888,997]
[0,268,726,997]
[0,253,726,847,997]
[0,499,726,888,997]
[0,105,253,375,726,847,997]
[0,253,802,997]
[0,105,726,802,932,997]
[0,105,253,726,802,997]
[0,105,253,726,802,932,997]
[0,105,253,997]
[0,105,726,802,997]
[0,105,726,997]
[0,105,268,795,997]
[0,726,847,997]
[0,105,253,499,726,802,888,997]
[0,105,253,375,726,997]
[0,253,375,997]
[0,105,253,726,888,997]
[0,268,499,997]
[0,105,268,499,726,888,997]
[0,105,253,499,997]
[0,253,726,888,997]
[0,375,726,847,997]
[0,105,253,499,726,997]
[0,105,253,499,726,847,997]
[0,268,499,726,997]
[0,105,499,726,997]
[0,253,499,726,847,997]
[0,253,499,847,997]
[0,105,253,499,560,726,847,997]
[0,105,268,997]
[0,253,499,726,997]
[0,253,375,726,997]
[0,847,997]
[0,253,997]
[0,105,253,375,726,802,997]
[0,726,997]
[0,253,375,847,997]
[0,375,847,997]
[0,375,726,997]
[0,253,375,726,847,997]
[0,726,888,997]
[0,726,802,997]
[0,499,997]
[0,499,726,997]
[0,499,726,847,997]
[0,268,499,726,888,997]
[0,499,847,997]
[0,105,726,847,997]
