[0,191,431,667,1163,1264]
[0,99,431,1264]
[0,191,431,667,1196,1264]
[0,70,191,383,665,720,934,1264]
[0,191,383,665,1102,1264]
[0,191,431,1196,1264]
[0,191,383,667,1163,1264]
[0,70,191,383,667,1264]
[0,431,667,990,1264]
[0,191,431,667,934,1264]
[0,70,191,383,665,1102,1264]
[0,383,1264]
[0,191,431,1264]
[0,99,1264]
[0,431,934,1264]
[0,99,431,667,1264]
[0,70,191,431,667,1102,1264]
[0,99,431,667,990,1264]
[0,191,431,667,720,934,1196,1264]
[0,191,431,667,720,1196,1264]
[0,191,431,667,720,1264]
[0,191,1264]
[0,191,383,665,934,1264]
[0,70,191,383,431,667,1102,1264]
[0,70,191,431,667,720,934,1196,1264]
[0,70,191,431,667,934,1102,1264]
[0,191,431,667,1264]
[0,191,431,667,934,1102,1264]
[0,431,1264]
[0,70,191,383,665,934,1102,1264]
[0,70,191,383,665,934,1264]
[0,191,383,667,1264]
[0,70,191,383,431,667,934,1102,1264]
[0,70,191,431,667,934,1196,1264]
[0,99,509,1264]
[0,70,191,431,667,1163,1264]
[0,70,191,431,667,1196,1264]
[0,70,191,383,431,667,1196,1264]
[0,191,383,665,934,1102,1264]
[0,70,191,431,667,1264]
[0,70,191,383,665,720,1264]
[0,191,383,665,1264]
[0,191,383,665,720,1264]
[0,509,1264]
[0,431,667,934,1264]
[0,431,667,1264]
[0,431,667,1163,1264]
[0,70,191,431,667,934,1264]
[0,70,191,383,1264]
[0,70,191,383,665,720,934,1102,1264]
[0,191,431,667,934,1196,1264]
[0,383,667,1264]
[0,70,191,383,431,667,934,1196,1264]
[0,191,431,667,1102,1264]
[0,99,431,667,1163,1264]
[0,191,749,1264]
[0,383,665,1264]
[0,431,990,1264]
[0,749,1264]
[0,383,665,934,1264]
[0,70,191,383,667,1163,1264]
[0,191,383,1264]
[0,70,191,383,665,1264]
