[0,1322,2019]
[0,808,1309,1521,1658,2019]
[0,808,1047,1322,1658,2019]
[0,808,1047,1322,2019]
[0,695,1875,2019]
[0,808,1309,2019]
[0,808,1309,1658,2019]
[0,808,1047,1521,1658,2019]
[0,808,1322,1658,2019]
[0,808,1246,1521,2019]
[0,808,1047,1322,1658,1875,2019]
[0,808,1047,2019]
[0,808,1322,2019]
[0,837,2019]
[0,808,1047,1521,1658,1875,2019]
[0,808,1047,1322,1875,2019]
[0,695,1322,2019]
[0,808,1309,1521,2019]
[0,808,1309,1875,2019]
[0,808,1047,1521,1875,2019]
[0,808,2019]
[0,808,1309,1658,1875,2019]
[0,837,1567,2019]
[0,808,1047,1521,2019]
[0,1246,2019]
[0,1521,2019]
[0,1567,2019]
[0,1875,2019]
[0,695,2019]
[0,1309,2019]
[0,695,1246,2019]
[0,808,1047,1322,1521,1658,1875,2019]
[0,808,1246,1521,1875,2019]
[0,808,1309,1521,1658,1875,2019]
[0,808,1246,2019]
[0,808,1521,2019]
[0,1047,2019]
