[0,196,562,766,848,1046]
[0,196,328,766,1046]
[0,196,328,385,766,848,1046]
[0,141,342,1046]
[0,328,414,562,766,848,975,1046]
[0,562,1046]
[0,414,562,766,1046]
[0,342,766,1046]
[0,196,328,1046]
[0,196,328,766,848,975,1046]
[0,141,342,607,848,1046]
[0,848,1046]
[0,848,975,1046]
[0,141,328,414,562,766,848,975,1046]
[0,328,414,562,766,1046]
[0,328,414,562,766,848,1046]
[0,196,328,562,766,1046]
[0,196,328,562,607,766,848,975,1046]
[0,196,328,385,766,848,975,1046]
[0,196,328,414,562,607,766,848,975,1046]
[0,328,562,766,1046]
[0,328,766,1046]
[0,141,1046]
[0,975,1046]
[0,196,328,562,766,848,1046]
[0,141,342,607,848,975,1046]
[0,342,607,1046]
[0,607,848,975,1046]
[0,342,607,848,1046]
[0,141,328,414,562,607,766,848,975,1046]
[0,141,342,766,848,1046]
[0,562,766,1046]
[0,196,328,385,562,766,848,1046]
[0,414,562,607,766,848,975,1046]
[0,328,607,1046]
[0,196,328,848,1046]
[0,562,766,848,975,1046]
[0,414,562,766,848,1046]
[0,196,328,385,562,607,766,848,975,1046]
[0,328,766,848,1046]
[0,196,562,1046]
[0,342,766,848,1046]
[0,196,328,414,562,766,848,975,1046]
[0,342,607,848,975,1046]
[0,562,766,848,1046]
[0,196,328,975,1046]
[0,141,342,766,848,975,1046]
[0,141,328,414,562,766,1046]
[0,342,766,848,975,1046]
[0,562,607,766,848,975,1046]
[0,141,328,562,766,1046]
[0,328,848,1046]
[0,342,1046]
[0,141,328,414,562,766,848,1046]
[0,562,607,766,848,1046]
[0,196,328,562,607,766,848,1046]
[0,328,607,848,975,1046]
[0,607,848,1046]
[0,766,848,975,1046]
[0,196,562,607,766,848,1046]
[0,328,1046]
[0,766,1046]
[0,414,562,766,848,975,1046]
[0,196,328,385,562,607,766,848,1046]
[0,196,328,414,562,766,848,1046]
[0,141,342,766,1046]
[0,141,562,766,1046]
[0,196,328,562,766,848,975,1046]
[0,196,1046]
[0,328,414,562,607,766,848,975,1046]
[0,328,607,848,1046]
[0,196,328,848,975,1046]
[0,196,328,414,562,766,1046]
[0,196,562,766,1046]
[0,196,328,766,848,1046]
[0,766,848,1046]
[0,607,1046]
[0,196,848,1046]
[0,196,328,385,562,766,848,975,1046]
