[0,286,756,857,995,1180]
[0,286,374,664,857,1180]
[0,286,735,995,1180]
[0,48,195,286,374,664,857,1180]
[0,664,1180]
[0,735,857,995,1180]
[0,787,1180]
[0,195,1180]
[0,48,286,374,664,857,1180]
[0,735,857,1180]
[0,664,857,995,1180]
[0,195,286,664,857,995,1180]
[0,195,286,374,735,857,1180]
[0,48,195,286,374,664,857,995,1180]
[0,195,286,756,857,1180]
[0,262,787,1180]
[0,756,1180]
[0,48,195,286,664,857,1180]
[0,195,286,374,735,857,995,1180]
[0,48,195,286,374,735,857,1180]
[0,286,735,857,995,1180]
[0,195,286,1180]
[0,48,195,286,735,857,1180]
[0,195,286,374,756,857,1180]
[0,286,756,995,1180]
[0,857,1180]
[0,735,995,1180]
[0,286,735,1180]
[0,286,664,857,1180]
[0,286,664,857,995,1180]
[0,48,195,286,374,735,857,995,1180]
[0,756,857,1180]
[0,195,286,374,756,857,995,1180]
[0,48,195,286,374,756,857,1180]
[0,857,995,1180]
[0,286,735,857,1180]
[0,195,286,374,664,857,995,1180]
[0,48,286,374,664,857,995,1180]
[0,195,286,756,857,995,1180]
[0,756,857,995,1180]
[0,195,286,374,664,857,1180]
[0,286,664,1180]
[0,48,195,286,374,756,857,995,1180]
[0,195,286,664,857,1180]
[0,286,787,1180]
[0,286,1180]
[0,735,1180]
[0,286,857,1180]
[0,286,374,664,857,995,1180]
[0,48,195,286,756,857,1180]
[0,48,664,857,995,1180]
[0,172,286,787,1180]
[0,195,286,735,857,995,1180]
[0,195,286,735,857,1180]
[0,286,756,1180]
[0,664,857,1180]
[0,286,756,857,1180]
