[0,811,1243,1492,1638,2053]
[0,811,1243,1492,1999,2053]
[0,292,811,1492,2053]
[0,292,599,811,1492,2053]
[0,219,567,811,1243,1492,2053]
[0,811,1202,2053]
[0,292,599,811,1492,1999,2053]
[0,219,567,811,1243,1492,1638,2053]
[0,1243,1520,2053]
[0,292,599,1492,2053]
[0,1548,2053]
[0,292,1202,1492,1638,1823,2053]
[0,292,599,811,1202,1492,1638,1823,1999,2053]
[0,292,599,811,1243,1492,1638,1999,2053]
[0,292,599,1202,1492,2053]
[0,1202,1492,1999,2053]
[0,292,1202,1492,1638,1999,2053]
[0,292,599,1202,1548,1638,2053]
[0,292,599,811,1243,1492,1638,2053]
[0,811,1202,1548,2053]
[0,1243,1520,1999,2053]
[0,292,599,811,1202,1245,1492,1638,1999,2053]
[0,811,1243,1492,2053]
[0,599,1548,2053]
[0,811,1202,1548,1999,2053]
[0,292,599,1202,1492,1823,2053]
[0,292,599,811,1202,1243,1548,1638,1999,2053]
[0,292,599,811,1202,1548,2053]
[0,292,1202,1492,2053]
[0,219,811,1243,1492,1638,2053]
[0,292,1243,1492,2053]
[0,811,1243,1520,2053]
[0,292,599,811,1202,1548,1638,2053]
[0,599,1202,1548,2053]
[0,811,1243,1520,1999,2053]
[0,292,599,811,1202,1548,1638,1999,2053]
[0,292,599,1202,1492,1638,1823,2053]
[0,292,599,811,1243,1492,2053]
[0,1202,1548,1999,2053]
[0,811,1548,2053]
[0,292,1202,1492,1638,2053]
[0,1243,1492,2053]
[0,292,2053]
[0,292,599,811,1492,1638,2053]
[0,811,1520,1999,2053]
[0,292,599,1202,1492,1638,1823,1999,2053]
[0,811,1243,1492,1638,1999,2053]
[0,292,599,811,1202,1245,1492,1638,1823,1999,2053]
[0,1520,2053]
[0,292,1202,1548,2053]
[0,811,1492,1999,2053]
[0,811,2053]
[0,292,1202,1548,1638,1999,2053]
[0,219,811,1243,1492,1638,1999,2053]
[0,292,811,1243,1492,2053]
[0,811,1492,2053]
[0,292,1202,1548,1999,2053]
[0,1202,1548,2053]
[0,811,1492,1638,2053]
[0,292,599,811,1202,1492,1823,2053]
[0,292,599,811,1202,1492,2053]
[0,292,599,811,1202,1492,1638,2053]
[0,292,599,811,1202,1492,1999,2053]
[0,219,811,1243,1492,2053]
[0,1202,2053]
[0,292,599,811,1202,1492,1638,1823,2053]
[0,599,2053]
[0,292,599,811,1243,1492,1999,2053]
[0,292,1202,1548,1638,2053]
[0,811,1520,2053]
[0,292,599,811,1202,1492,1638,1999,2053]
[0,292,1492,2053]
[0,292,599,1202,1548,2053]
[0,292,1202,1492,1823,2053]
[0,219,567,811,1243,1492,1638,1999,2053]
[0,292,599,1202,1548,1638,1999,2053]
[0,292,599,1202,1492,1638,2053]
[0,292,599,1202,1492,1999,2053]
[0,1492,2053]
[0,292,1202,1492,1999,2053]
[0,1202,1492,2053]
[0,292,1202,1492,1638,1823,1999,2053]
[0,1202,1548,1638,2053]
[0,599,1492,2053]
[0,567,811,1243,1492,2053]
