[0,233,594,780,1008,1343]
[0,667,1104,1343]
[0,57,233,539,667,1008,1295,1343]
[0,57,233,594,667,1008,1295,1343]
[0,262,1343]
[0,667,1343]
[0,60,262,1292,1343]
[0,166,233,1295,1343]
[0,233,594,667,1343]
[0,57,233,539,667,1295,1343]
[0,60,262,1008,1343]
[0,45,539,667,1343]
[0,60,262,539,1343]
[0,539,667,1008,1156,1343]
[0,60,262,626,1031,1295,1343]
[0,233,1104,1343]
[0,658,1343]
[0,233,1008,1295,1343]
[0,57,1343]
[0,57,233,539,667,1008,1156,1343]
[0,166,233,594,667,780,1008,1295,1343]
[0,166,233,594,667,1008,1295,1343]
[0,233,1343]
[0,166,233,594,667,1343]
[0,262,1008,1343]
[0,667,780,1008,1343]
[0,57,233,594,667,780,1008,1104,1295,1343]
[0,60,262,1343]
[0,60,262,626,1295,1343]
[0,626,1031,1343]
[0,539,667,1295,1343]
[0,262,626,1031,1343]
[0,45,233,539,667,1295,1343]
[0,45,233,539,667,1008,1295,1343]
[0,594,1008,1343]
[0,166,233,1343]
[0,594,667,1343]
[0,166,233,1008,1343]
[0,233,594,667,1008,1343]
[0,57,233,539,667,1008,1343]
[0,658,1008,1343]
[0,166,233,667,780,1008,1343]
[0,60,262,626,1343]
[0,60,262,1031,1343]
[0,233,539,667,1343]
[0,60,262,539,667,1343]
[0,166,233,594,667,1008,1343]
[0,594,667,780,1008,1343]
[0,57,233,594,667,780,1008,1343]
[0,1049,1343]
[0,233,539,667,1008,1156,1295,1343]
[0,1104,1343]
[0,233,658,1008,1343]
[0,233,539,667,1008,1295,1343]
[0,626,1343]
[0,1031,1343]
[0,57,539,667,1343]
[0,45,233,539,667,1343]
[0,233,539,667,1008,1156,1343]
[0,233,594,1343]
[0,1008,1295,1343]
[0,233,539,1008,1343]
[0,166,233,667,780,1008,1295,1343]
[0,262,626,1343]
[0,262,1031,1343]
[0,166,233,780,1008,1343]
[0,166,780,1008,1343]
[0,1295,1343]
[0,233,594,780,1008,1104,1343]
[0,166,233,780,1008,1295,1343]
[0,57,667,1343]
[0,60,1343]
[0,57,233,539,667,1008,1156,1295,1343]
[0,45,667,1343]
[0,594,667,1008,1343]
[0,539,667,1008,1295,1343]
[0,1008,1343]
[0,233,594,1008,1343]
[0,539,667,1008,1156,1295,1343]
[0,1008,1292,1343]
[0,539,1343]
[0,57,233,594,667,1295,1343]
[0,166,1008,1343]
[0,233,1295,1343]
[0,45,233,539,667,1008,1156,1295,1343]
[0,166,233,594,667,1295,1343]
[0,262,539,1343]
[0,233,539,667,1295,1343]
[0,57,233,594,667,1343]
[0,57,594,667,1343]
[0,60,262,626,1031,1343]
[0,233,594,1008,1104,1343]
[0,233,658,1008,1292,1343]
[0,594,1343]
[0,233,780,1008,1343]
[0,57,233,594,667,780,1008,1104,1343]
[0,60,262,539,667,1295,1343]
[0,233,1008,1292,1343]
[0,60,262,1008,1292,1343]
[0,780,1008,1343]
[0,233,539,1008,1156,1343]
[0,57,233,539,667,1343]
[0,166,233,1008,1295,1343]
[0,233,594,667,780,1008,1343]
[0,60,262,1295,1343]
[0,539,667,1343]
[0,262,539,667,1343]
[0,57,233,594,667,780,1008,1295,1343]
[0,57,233,594,667,1008,1343]
[0,166,667,780,1008,1343]
[0,45,1343]
[0,233,1008,1343]
[0,539,667,1008,1343]
[0,166,233,594,667,780,1008,1343]
[0,539,1008,1156,1343]
[0,539,1008,1343]
[0,233,539,1343]
[0,233,594,667,780,1008,1104,1343]
[0,233,539,667,1008,1343]
[0,233,667,1104,1343]
