[0,471,1732,2956]
[0,1197,1732,2227,2956]
[0,129,471,854,2956]
[0,1197,2021,2227,2527,2956]
[0,2021,2227,2527,2956]
[0,1197,1512,1732,2227,2527,2956]
[0,1566,2956]
[0,1216,2956]
[0,1732,2227,2956]
[0,129,471,854,2021,2227,2956]
[0,1197,2527,2956]
[0,129,1732,2227,2527,2838,2956]
[0,129,1197,1732,2227,2956]
[0,471,854,1732,2227,2551,2956]
[0,1512,2227,2527,2956]
[0,1197,1512,2956]
[0,2227,2838,2956]
[0,1197,1512,2021,2227,2527,2956]
[0,471,854,1419,2956]
[0,1419,2227,2956]
[0,471,854,2021,2227,2551,2956]
[0,471,1732,2227,2956]
[0,1216,2227,2956]
[0,129,1197,1512,2021,2227,2527,2956]
[0,129,1732,2227,2838,2956]
[0,1512,2956]
[0,1197,1512,2227,2956]
[0,471,2838,2956]
[0,1566,2253,2956]
[0,471,2956]
[0,1512,2227,2956]
[0,129,1566,2227,2838,2956]
[0,1732,2227,2838,2956]
[0,471,2227,2838,2956]
[0,129,471,854,2021,2956]
[0,1512,2021,2227,2527,2956]
[0,407,1566,2253,2956]
[0,1197,1512,1732,2227,2956]
[0,1419,2956]
[0,2253,2956]
[0,854,1216,2227,2956]
[0,471,1419,2227,2956]
[0,129,471,854,1732,2227,2838,2956]
[0,129,471,854,2551,2956]
[0,129,1197,1512,1732,2227,2838,2956]
[0,129,1197,1732,2227,2527,2838,2956]
[0,1732,2227,2527,2956]
[0,129,2838,2956]
[0,471,854,2021,2956]
[0,129,471,854,1732,2956]
[0,471,854,1419,2838,2956]
[0,129,1512,2021,2227,2527,2956]
[0,129,1732,2227,2527,2956]
[0,2838,2956]
[0,1216,2227,2838,2956]
[0,471,854,2956]
[0,471,2227,2956]
[0,471,854,2551,2956]
[0,129,1197,1512,1732,2227,2527,2956]
[0,471,854,1732,2227,2956]
[0,129,1732,2227,2956]
[0,471,854,1732,2956]
[0,471,1419,2956]
[0,1197,1732,2956]
[0,129,2021,2227,2527,2956]
[0,2021,2956]
[0,129,471,854,1732,2227,2551,2956]
[0,129,1197,1732,2227,2838,2956]
[0,854,1216,2227,2838,2956]
[0,1566,2227,2838,2956]
[0,1566,2227,2956]
[0,2227,2527,2956]
[0,129,471,854,2227,2551,2956]
[0,129,1566,2227,2956]
[0,129,2227,2956]
[0,854,1216,2956]
[0,129,1197,1512,1732,2227,2527,2838,2956]
[0,2527,2956]
[0,471,854,1419,2227,2956]
[0,129,1197,1732,2227,2527,2956]
[0,471,1732,2227,2838,2956]
[0,1732,2956]
[0,129,471,854,2021,2227,2551,2956]
[0,1197,2956]
[0,129,471,854,1732,2227,2956]
[0,129,1197,1512,2021,2227,2527,2838,2956]
[0,471,854,2021,2227,2956]
[0,129,2227,2838,2956]
[0,1197,1512,2227,2527,2956]
[0,471,2021,2956]
[0,471,854,1732,2227,2838,2956]
[0,1197,1732,2227,2527,2956]
[0,129,1197,1512,1732,2227,2956]
[0,2227,2956]
[0,471,854,2227,2551,2956]
[0,471,854,1419,2227,2838,2956]
[0,1197,2227,2527,2956]
[0,471,2551,2956]
[0,129,2956]
[0,129,1566,2956]
