[0,85,230,939,1155,1422,1560,1651]
[0,85,230,845,1422,1651]
[0,230,369,939,1422,1560,1651]
[0,639,1651]
[0,230,939,1155,1422,1651]
[0,1422,1651]
[0,230,845,1651]
[0,939,1422,1560,1651]
[0,85,230,939,1085,1155,1422,1560,1651]
[0,638,939,1155,1422,1560,1651]
[0,85,230,369,939,1023,1422,1560,1651]
[0,845,1422,1651]
[0,85,845,1422,1560,1651]
[0,638,1651]
[0,845,939,1155,1422,1651]
[0,230,939,1651]
[0,1560,1651]
[0,638,1155,1651]
[0,230,939,1422,1560,1651]
[0,230,369,845,1422,1560,1651]
[0,638,939,1155,1560,1651]
[0,939,1422,1651]
[0,85,230,1422,1651]
[0,845,1651]
[0,85,939,1155,1651]
[0,230,1085,1422,1651]
[0,845,1155,1651]
[0,939,1651]
[0,845,1155,1422,1651]
[0,230,939,1422,1651]
[0,85,230,1085,1422,1560,1651]
[0,639,1155,1560,1651]
[0,939,1155,1422,1651]
[0,85,939,1155,1560,1651]
[0,85,230,845,1422,1560,1651]
[0,85,845,1155,1422,1560,1651]
[0,85,230,369,939,1422,1560,1651]
[0,581,1155,1651]
[0,230,369,845,1023,1422,1560,1651]
[0,230,1085,1422,1560,1651]
[0,85,230,1422,1560,1651]
[0,230,1422,1560,1651]
[0,230,845,1422,1651]
[0,230,1085,1651]
[0,230,369,845,1422,1651]
[0,1422,1560,1651]
[0,939,1155,1560,1651]
[0,638,939,1422,1651]
[0,85,230,939,1651]
[0,230,845,1155,1422,1651]
[0,230,845,1155,1422,1560,1651]
[0,85,230,845,1085,1155,1422,1560,1651]
[0,581,1023,1560,1651]
[0,85,230,369,845,939,1023,1422,1560,1651]
[0,845,1155,1422,1560,1651]
[0,230,369,939,1422,1651]
[0,230,845,1023,1422,1651]
[0,639,1155,1651]
[0,639,1560,1651]
[0,85,939,1155,1422,1560,1651]
[0,230,845,1155,1651]
[0,85,230,369,845,1422,1560,1651]
[0,638,1023,1651]
[0,638,939,1155,1422,1651]
[0,85,230,1651]
[0,638,939,1155,1651]
[0,638,939,1651]
[0,581,1651]
[0,230,369,845,1023,1422,1651]
[0,1085,1651]
[0,85,230,369,845,1023,1422,1560,1651]
[0,230,939,1155,1422,1560,1651]
[0,845,939,1155,1422,1560,1651]
[0,1085,1422,1560,1651]
[0,85,230,939,1422,1651]
[0,638,1023,1560,1651]
[0,85,230,1085,1155,1422,1560,1651]
[0,845,1422,1560,1651]
[0,85,230,845,1651]
[0,581,1023,1651]
[0,85,230,939,1422,1560,1651]
[0,85,845,939,1155,1422,1560,1651]
[0,1085,1422,1651]
[0,230,845,1422,1560,1651]
[0,939,1155,1422,1560,1651]
[0,85,230,845,1155,1422,1560,1651]
[0,230,1651]
[0,230,1422,1651]
[0,85,939,1422,1560,1651]
[0,939,1155,1651]
