[0,1045,1281,1529,1875]
[0,72,211,388,480,659,1045,1496,1644,1875]
[0,211,714,1875]
[0,659,1644,1875]
[0,211,659,1045,1496,1875]
[0,211,388,480,659,1045,1496,1644,1875]
[0,72,211,659,1045,1496,1658,1875]
[0,1496,1644,1875]
[0,1045,1875]
[0,1529,1875]
[0,72,211,659,1045,1496,1644,1740,1875]
[0,598,1281,1529,1875]
[0,1281,1529,1875]
[0,598,1875]
[0,659,1045,1875]
[0,211,659,1496,1644,1875]
[0,659,1529,1875]
[0,72,1496,1644,1875]
[0,659,1045,1496,1658,1875]
[0,72,659,1496,1644,1875]
[0,72,1496,1875]
[0,211,659,1045,1496,1644,1740,1875]
[0,72,211,659,1045,1496,1644,1875]
[0,211,659,1045,1496,1658,1875]
[0,211,598,1281,1529,1875]
[0,211,659,1644,1875]
[0,1045,1496,1644,1875]
[0,211,659,1045,1875]
[0,388,1875]
[0,211,659,1496,1644,1740,1875]
[0,211,598,1875]
[0,72,659,1875]
[0,211,659,1045,1496,1644,1875]
[0,598,1529,1875]
[0,211,1875]
[0,72,1496,1644,1740,1875]
[0,659,1045,1496,1875]
[0,211,659,1875]
[0,72,659,1045,1496,1658,1875]
[0,659,1045,1496,1644,1740,1875]
[0,1496,1875]
[0,388,1496,1875]
[0,72,1875]
[0,211,659,1281,1529,1875]
[0,72,659,1045,1496,1644,1740,1875]
[0,211,480,659,1045,1496,1875]
[0,659,1281,1529,1875]
[0,211,659,1045,1281,1529,1875]
[0,659,1045,1281,1529,1875]
[0,659,1496,1644,1875]
[0,211,598,1529,1875]
[0,211,598,1045,1281,1529,1875]
[0,659,1875]
[0,714,1875]
[0,659,1496,1644,1740,1875]
[0,72,211,480,659,1045,1496,1644,1875]
[0,72,659,1045,1496,1644,1875]
[0,659,1045,1496,1644,1875]
[0,1496,1644,1740,1875]
[0,211,1496,1875]
[0,211,659,1529,1875]
[0,72,659,1045,1496,1875]
[0,72,659,1496,1644,1740,1875]
[0,211,480,659,1045,1496,1644,1875]
[0,1045,1496,1644,1740,1875]
[0,1045,1496,1875]
[0,72,659,1045,1875]
[0,598,1045,1281,1529,1875]
