[0,886,1522,1969,2173,2481,2824]
[0,346,705,886,1522,2123,2487,2824]
[0,705,2487,2824]
[0,44,645,886,1155,2481,2824]
[0,346,886,1522,2824]
[0,44,705,886,2487,2824]
[0,44,705,886,1522,2487,2824]
[0,739,2824]
[0,886,1522,2123,2824]
[0,1969,2824]
[0,1522,2123,2487,2824]
[0,1522,1969,2481,2824]
[0,886,1155,2481,2824]
[0,2123,2824]
[0,1522,2824]
[0,705,886,1522,2481,2824]
[0,886,1522,2123,2487,2824]
[0,44,705,886,1522,2123,2481,2824]
[0,705,886,2481,2824]
[0,886,2824]
[0,645,886,1155,2481,2824]
[0,886,1522,1969,2173,2824]
[0,705,2824]
[0,44,645,886,1522,2481,2824]
[0,705,886,1522,2487,2824]
[0,44,886,1522,2824]
[0,739,2007,2824]
[0,705,886,2487,2824]
[0,1522,2123,2824]
[0,44,705,2487,2824]
[0,1522,1969,2173,2481,2824]
[0,346,886,1522,2123,2487,2824]
[0,44,886,2481,2824]
[0,2123,2487,2824]
[0,44,705,886,1522,2481,2824]
[0,44,2824]
[0,705,2173,2824]
[0,1969,2481,2824]
[0,886,1522,2487,2824]
[0,44,705,886,1522,1969,2173,2481,2824]
[0,44,886,1522,1969,2173,2481,2824]
[0,346,1522,2123,2824]
[0,886,1522,2824]
[0,705,2481,2824]
[0,44,1969,2173,2824]
[0,645,886,1522,2481,2824]
[0,705,886,1969,2173,2824]
[0,44,1522,2824]
[0,44,1522,1969,2173,2824]
[0,705,886,1522,2123,2481,2824]
[0,1522,1969,2173,2824]
[0,886,1522,1969,2824]
[0,44,886,1522,2481,2824]
[0,44,705,2481,2824]
[0,886,2481,2824]
[0,44,2173,2824]
[0,705,886,1522,1969,2173,2824]
[0,886,1522,1969,2481,2824]
[0,705,886,1522,2123,2487,2824]
[0,44,705,886,1522,2123,2487,2824]
[0,1969,2173,2481,2824]
[0,886,1522,2481,2824]
[0,346,1522,2123,2487,2824]
[0,44,2481,2824]
[0,44,705,886,1522,1969,2173,2824]
[0,2481,2824]
[0,886,2487,2824]
[0,2173,2824]
[0,1522,1969,2824]
[0,346,1522,2824]
[0,44,886,1155,2481,2824]
[0,44,705,886,1969,2173,2824]
[0,856,2481,2824]
[0,44,2487,2824]
[0,44,1522,1969,2173,2481,2824]
[0,346,886,1522,2123,2824]
[0,1969,2173,2824]
[0,44,705,886,2481,2824]
[0,2487,2824]
[0,705,886,1522,1969,2173,2481,2824]
[0,44,705,1969,2173,2824]
[0,705,1969,2173,2824]
[0,2007,2824]
[0,856,2824]
[0,886,1522,2123,2481,2824]
