[0,87,217,335,594,731,819,1046]
[0,217,1046]
[0,217,584,946,1046]
[0,195,1046]
[0,109,217,335,584,646,1046]
[0,217,335,584,946,1046]
[0,195,335,584,1046]
[0,217,793,946,1046]
[0,197,1046]
[0,217,654,1046]
[0,646,1046]
[0,217,731,1046]
[0,217,654,793,946,1046]
[0,195,335,1046]
[0,108,217,376,1046]
[0,217,335,654,793,946,1046]
[0,584,1046]
[0,109,217,731,1046]
[0,87,217,731,793,1046]
[0,217,376,584,1046]
[0,109,217,335,594,731,1046]
[0,793,1046]
[0,109,594,731,1046]
[0,195,584,731,1046]
[0,654,1046]
[0,731,1046]
[0,87,217,584,731,793,946,1046]
[0,335,1046]
[0,217,376,1046]
[0,195,335,584,731,1046]
[0,217,335,584,1046]
[0,87,217,335,584,731,793,946,1046]
[0,87,217,335,584,946,1046]
[0,335,731,1046]
[0,109,217,1046]
[0,87,217,584,731,946,1046]
[0,108,217,1046]
[0,197,376,962,1046]
[0,217,594,731,1046]
[0,87,217,654,793,946,1046]
[0,195,584,1046]
[0,87,217,731,1046]
[0,87,217,335,584,731,946,1046]
[0,87,217,594,731,1046]
[0,108,217,376,584,1046]
[0,217,376,584,731,1046]
[0,87,217,335,946,1046]
[0,594,1046]
[0,217,335,584,731,1046]
[0,217,335,654,793,1046]
[0,222,1046]
[0,87,217,584,946,1046]
[0,87,217,584,654,946,1046]
[0,217,584,1046]
[0,108,217,376,584,731,1046]
[0,217,335,594,731,819,1046]
[0,217,793,1046]
[0,87,217,793,946,1046]
[0,217,335,946,1046]
[0,217,584,731,946,1046]
[0,109,217,335,584,1046]
[0,217,335,1046]
[0,197,376,1046]
[0,87,217,946,1046]
[0,217,335,594,731,1046]
[0,217,962,1046]
[0,195,731,1046]
[0,109,217,335,1046]
[0,217,654,793,1046]
[0,109,217,594,731,1046]
[0,87,217,584,654,1046]
[0,87,217,335,654,793,946,1046]
[0,584,731,1046]
[0,217,946,1046]
[0,217,335,584,731,946,1046]
[0,87,217,1046]
[0,87,217,335,584,654,793,946,1046]
[0,962,1046]
[0,946,1046]
[0,87,217,335,594,731,1046]
[0,217,646,1046]
[0,594,731,1046]
[0,87,217,731,793,946,1046]
[0,87,217,584,654,793,946,1046]
[0,109,217,646,1046]
[0,335,946,1046]
[0,217,584,731,1046]
[0,87,217,654,1046]
[0,197,962,1046]
[0,87,217,335,584,654,731,793,946,1046]
[0,222,731,1046]
[0,109,217,584,646,1046]
