[0,304,1197]
[0,500,785,966,1103,1197]
[0,304,966,1197]
[0,352,906,1197]
[0,304,352,444,500,785,966,1072,1197]
[0,234,304,785,966,1197]
[0,304,444,500,785,966,1197]
[0,352,1197]
[0,785,966,1072,1197]
[0,304,500,785,966,1197]
[0,234,304,785,966,1072,1197]
[0,304,785,966,1197]
[0,966,1197]
[0,304,352,444,500,785,966,1197]
[0,234,304,352,785,966,1072,1197]
[0,304,352,785,966,1197]
[0,234,304,785,966,1103,1197]
[0,304,352,785,966,1072,1197]
[0,785,1197]
[0,906,1197]
[0,304,444,500,785,966,1072,1197]
[0,234,304,444,500,785,966,1072,1197]
[0,234,304,500,785,966,1103,1197]
[0,500,785,1197]
[0,234,304,500,785,966,1072,1197]
[0,352,500,785,966,1197]
[0,304,785,966,1103,1197]
[0,444,500,785,966,1197]
[0,304,785,966,1072,1197]
[0,234,304,352,444,500,785,966,1072,1197]
[0,304,500,785,966,1103,1197]
[0,304,352,500,785,966,1197]
[0,304,500,785,966,1072,1197]
[0,500,785,966,1197]
[0,304,500,785,1197]
[0,500,785,966,1072,1197]
[0,500,1197]
[0,785,966,1197]
