[0,299,623,1180]
[0,68,238,865,1016,1180]
[0,623,1016,1180]
[0,238,623,1016,1180]
[0,238,302,865,1016,1180]
[0,226,302,865,1016,1180]
[0,676,865,1180]
[0,226,302,623,676,865,1180]
[0,226,302,676,865,1016,1180]
[0,83,226,865,1016,1180]
[0,299,623,1016,1180]
[0,238,302,1180]
[0,302,865,1180]
[0,302,676,865,1016,1180]
[0,238,302,676,865,1016,1180]
[0,226,302,1180]
[0,302,1180]
[0,238,623,1180]
[0,865,1016,1180]
[0,623,676,1180]
[0,226,623,1180]
[0,83,226,302,865,1016,1180]
[0,302,865,1016,1180]
[0,238,302,623,676,865,1180]
[0,226,302,676,865,1180]
[0,226,302,865,1180]
[0,302,676,865,1180]
[0,226,302,623,676,865,1016,1180]
[0,238,302,623,676,865,1016,1180]
[0,238,865,1180]
[0,68,238,623,1016,1180]
[0,226,865,1016,1180]
[0,302,623,676,865,1180]
[0,623,1180]
[0,226,865,1180]
[0,865,1180]
[0,238,865,1016,1180]
[0,299,1180]
[0,238,302,865,1180]
[0,68,238,302,865,1016,1180]
[0,623,676,865,1180]
[0,226,623,1016,1180]
[0,238,302,676,865,1180]
[0,676,865,1016,1180]
