[0,250,1238,1476,1651]
[0,406,1060,1651]
[0,406,665,1060,1651]
[0,406,916,1060,1247,1651]
[0,66,182,916,1060,1247,1651]
[0,1060,1247,1380,1651]
[0,182,487,1060,1247,1651]
[0,182,1060,1247,1540,1651]
[0,66,406,487,1060,1247,1540,1651]
[0,727,1651]
[0,402,916,1060,1247,1380,1651]
[0,916,1060,1247,1380,1651]
[0,406,487,665,1060,1247,1540,1651]
[0,665,1060,1247,1540,1651]
[0,250,1060,1247,1651]
[0,1247,1476,1651]
[0,406,1238,1651]
[0,665,1247,1651]
[0,406,1060,1247,1540,1651]
[0,66,406,665,1060,1540,1651]
[0,182,406,916,1060,1247,1651]
[0,402,1230,1651]
[0,406,727,1651]
[0,250,402,1060,1247,1651]
[0,1060,1247,1476,1651]
[0,402,1060,1247,1651]
[0,406,700,1238,1476,1651]
[0,250,402,1238,1476,1651]
[0,66,1651]
[0,66,1060,1247,1651]
[0,406,1060,1247,1651]
[0,487,1060,1247,1651]
[0,665,1060,1247,1651]
[0,66,406,665,1060,1247,1540,1651]
[0,250,402,916,1060,1651]
[0,257,406,700,1238,1476,1651]
[0,406,665,1060,1247,1540,1651]
[0,182,916,1060,1247,1651]
[0,1540,1651]
[0,487,1247,1651]
[0,250,1651]
[0,182,406,665,1060,1247,1540,1651]
[0,1060,1651]
[0,406,487,1060,1247,1651]
[0,66,182,406,487,1060,1247,1540,1651]
[0,127,406,727,1651]
[0,1238,1651]
[0,250,402,1651]
[0,250,1247,1651]
[0,406,916,1060,1247,1540,1651]
[0,257,406,1238,1651]
[0,66,1540,1651]
[0,182,916,1060,1247,1380,1540,1651]
[0,406,665,1060,1247,1651]
[0,182,406,1060,1247,1651]
[0,406,1651]
[0,66,182,1060,1247,1651]
[0,1247,1380,1651]
[0,257,406,1238,1476,1651]
[0,1060,1247,1380,1540,1651]
[0,456,1476,1651]
[0,1238,1476,1651]
[0,127,406,727,1476,1651]
[0,182,406,916,1060,1247,1540,1651]
[0,402,916,1651]
[0,406,665,1540,1651]
[0,406,1247,1651]
[0,406,665,1247,1651]
[0,66,406,1651]
[0,182,406,487,1060,1247,1540,1651]
[0,182,406,665,1060,1247,1651]
[0,406,727,1476,1651]
[0,456,1651]
[0,127,456,1476,1651]
[0,250,402,1247,1651]
[0,250,1247,1476,1651]
[0,250,402,916,1060,1247,1651]
[0,66,182,916,1060,1247,1380,1540,1651]
[0,250,402,1060,1247,1476,1651]
[0,916,1651]
[0,127,406,700,1238,1476,1651]
[0,250,402,487,916,1060,1247,1476,1651]
[0,250,402,1247,1476,1651]
[0,1060,1247,1651]
[0,665,1060,1651]
[0,406,700,1238,1651]
[0,665,1651]
[0,916,1060,1247,1380,1540,1651]
[0,1060,1247,1540,1651]
[0,406,487,1060,1247,1540,1651]
[0,916,1060,1247,1540,1651]
[0,182,665,1060,1247,1651]
[0,250,402,1238,1651]
[0,406,487,916,1060,1247,1540,1651]
[0,1247,1380,1540,1651]
[0,1230,1651]
[0,250,402,487,1238,1476,1651]
[0,66,182,916,1060,1247,1540,1651]
[0,257,1651]
[0,406,665,1651]
[0,127,1651]
[0,402,1247,1651]
[0,66,406,665,1540,1651]
[0,257,406,1651]
[0,182,916,1060,1247,1380,1651]
[0,66,182,406,487,665,1060,1247,1540,1651]
[0,250,402,916,1060,1247,1380,1651]
[0,406,1238,1476,1651]
[0,250,402,916,1651]
[0,916,1060,1247,1651]
[0,66,182,406,665,1060,1247,1540,1651]
[0,1476,1651]
[0,1247,1651]
[0,182,665,1060,1247,1540,1651]
[0,406,665,1060,1540,1651]
[0,250,402,916,1060,1247,1380,1508,1651]
[0,250,1060,1247,1476,1651]
[0,66,182,406,487,916,1060,1247,1540,1651]
[0,182,406,487,665,1060,1247,1540,1651]
[0,250,1238,1651]
[0,66,182,1060,1247,1540,1651]
[0,182,1060,1247,1651]
[0,127,1476,1651]
[0,66,182,406,916,1060,1247,1540,1651]
[0,402,916,1060,1247,1651]
[0,66,182,665,1060,1247,1540,1651]
[0,250,402,916,1060,1247,1476,1651]
[0,182,916,1060,1247,1540,1651]
[0,66,406,1540,1651]
[0,487,1651]
[0,182,406,487,916,1060,1247,1540,1651]
[0,406,1540,1651]
[0,182,487,1060,1247,1540,1651]
