[0,143,289,532,661,1046]
[0,143,289,532,661,774,1046]
[0,76,774,1046]
[0,64,143,289,532,661,774,1046]
[0,64,143,289,411,532,610,661,774,1046]
[0,532,774,820,1046]
[0,289,532,661,1046]
[0,64,143,289,411,532,661,774,1046]
[0,143,283,532,1046]
[0,64,289,532,661,774,1046]
[0,143,289,532,1046]
[0,411,661,774,1046]
[0,143,283,411,532,661,774,1046]
[0,76,260,532,661,774,1046]
[0,76,532,661,774,1046]
[0,260,532,661,1046]
[0,143,532,1046]
[0,64,411,661,774,1046]
[0,143,283,532,661,1046]
[0,774,820,1046]
[0,289,532,661,774,1046]
[0,64,143,289,411,532,661,774,820,1046]
[0,532,661,1046]
[0,283,532,661,774,1046]
[0,283,532,661,1046]
[0,289,532,1046]
[0,64,143,532,661,774,820,1046]
[0,774,1046]
[0,64,143,289,532,661,774,820,1046]
[0,64,532,661,774,820,1046]
[0,289,411,532,661,1046]
[0,411,774,1046]
[0,260,532,1046]
[0,64,532,661,774,1046]
[0,64,289,411,532,661,774,1046]
[0,143,532,661,1046]
[0,260,532,661,774,1046]
[0,283,532,1046]
[0,532,661,774,1046]
[0,283,411,532,661,774,1046]
[0,289,411,532,661,774,1046]
[0,532,820,1046]
[0,64,411,774,1046]
[0,64,143,283,532,661,774,1046]
[0,143,532,661,774,1046]
[0,143,283,411,532,661,1046]
[0,411,1046]
[0,532,661,774,820,1046]
[0,76,411,774,1046]
[0,64,143,283,411,532,661,774,1046]
[0,532,1046]
[0,143,283,532,661,774,1046]
[0,143,289,411,532,661,774,1046]
[0,283,411,532,661,1046]
[0,64,143,532,661,774,1046]
[0,143,289,411,532,661,1046]
[0,64,143,289,411,532,610,661,774,820,1046]
[0,76,411,661,774,1046]
