[0,824,927,976,1180]
[0,927,1180]
[0,267,534,824,976,1180]
[0,534,1180]
[0,267,409,534,775,824,927,976,1180]
[0,775,824,927,976,1180]
[0,212,534,976,1180]
[0,927,976,1180]
[0,409,927,1180]
[0,534,927,1180]
[0,267,409,534,824,927,976,1180]
[0,476,824,976,1180]
[0,267,409,534,824,976,1180]
[0,476,824,1180]
[0,976,1180]
[0,409,534,824,927,976,1180]
[0,534,775,824,927,976,1180]
[0,534,824,976,1180]
[0,71,409,534,824,927,976,1180]
[0,409,1180]
[0,212,534,1180]
[0,534,824,1180]
[0,409,534,775,824,927,976,1180]
[0,409,534,824,976,1180]
[0,212,534,927,1180]
[0,534,824,927,976,1180]
[0,824,976,1180]
[0,267,534,824,1180]
[0,534,976,1180]
[0,71,409,534,824,976,1180]
[0,775,824,976,1180]
[0,824,1180]
