[0,833,1046]
[0,403,833,976,1046]
[0,403,833,1046]
[0,153,271,403,535,683,853,976,1046]
[0,271,403,535,1046]
[0,976,1046]
[0,853,1046]
[0,403,535,683,833,1046]
[0,210,403,535,853,976,1046]
[0,54,153,210,271,403,535,683,833,976,1046]
[0,271,403,535,683,833,976,1046]
[0,210,403,535,683,853,976,1046]
[0,153,210,403,833,976,1046]
[0,54,153,271,403,535,683,853,976,1046]
[0,881,1046]
[0,683,833,1046]
[0,403,566,1046]
[0,403,1046]
[0,403,535,853,1046]
[0,210,403,833,976,1046]
[0,210,403,683,853,1046]
[0,153,210,271,403,535,683,853,976,1046]
[0,403,535,1046]
[0,210,403,535,683,853,1046]
[0,403,683,853,1046]
[0,271,403,853,976,1046]
[0,271,403,683,833,976,1046]
[0,153,210,403,535,853,976,1046]
[0,403,535,976,1046]
[0,153,271,403,535,976,1046]
[0,54,153,210,403,535,683,833,976,1046]
[0,271,403,535,683,853,1046]
[0,210,403,535,683,833,1046]
[0,403,853,976,1046]
[0,271,403,1046]
[0,153,271,403,535,683,833,1046]
[0,210,403,535,683,833,976,1046]
[0,153,271,403,566,1046]
[0,271,403,535,853,1046]
[0,54,153,271,403,535,683,833,976,1046]
[0,403,853,1046]
[0,271,403,535,683,853,976,1046]
[0,403,976,1046]
[0,833,976,1046]
[0,153,271,403,535,1046]
[0,403,535,683,853,1046]
[0,271,403,535,976,1046]
[0,153,210,271,403,535,683,833,976,1046]
[0,54,153,210,271,403,535,683,853,929,976,1046]
[0,210,403,853,1046]
[0,54,153,210,403,535,683,853,976,1046]
[0,153,210,403,683,833,976,1046]
[0,153,210,403,535,683,853,976,1046]
[0,210,403,1046]
[0,271,403,833,976,1046]
[0,210,403,683,833,976,1046]
[0,853,976,1046]
[0,210,403,833,1046]
[0,153,271,403,535,683,833,976,1046]
[0,210,403,535,853,1046]
[0,153,210,403,853,976,1046]
[0,271,403,683,833,1046]
[0,271,403,833,1046]
[0,271,403,976,1046]
[0,210,403,683,833,1046]
[0,271,403,853,1046]
[0,153,210,403,535,683,833,976,1046]
[0,271,403,535,683,833,1046]
[0,210,403,853,976,1046]
[0,403,683,833,1046]
[0,497,1046]
[0,54,153,210,271,403,535,683,853,976,1046]
[0,271,403,535,853,976,1046]
[0,153,271,403,1046]
[0,153,271,403,535,683,853,1046]
[0,271,403,566,1046]
