[0,180,282,369,497,707,766,926,1046]
[0,50,180,286,369,480,707,766,926,1046]
[0,50,180,325,369,707,851,1046]
[0,180,707,926,1046]
[0,180,325,369,707,926,1046]
[0,369,1046]
[0,180,480,707,926,1046]
[0,180,480,707,1046]
[0,180,497,904,1046]
[0,180,497,926,1046]
[0,50,180,286,369,707,926,1046]
[0,180,325,707,851,1046]
[0,50,180,707,851,1046]
[0,180,325,497,707,904,1046]
[0,180,325,497,707,926,1046]
[0,180,707,1046]
[0,180,325,369,926,1046]
[0,180,286,480,707,926,1046]
[0,180,325,369,851,1046]
[0,50,180,325,480,851,1046]
[0,50,180,286,369,480,707,926,1046]
[0,480,1046]
[0,180,282,497,926,1046]
[0,180,286,480,926,1046]
[0,180,497,707,1046]
[0,50,180,282,369,497,707,766,926,1046]
[0,180,282,497,707,926,1046]
[0,180,325,707,1046]
[0,50,180,282,497,707,926,1046]
[0,180,286,369,480,707,766,926,1046]
[0,180,480,926,1046]
[0,180,325,497,707,1046]
[0,180,851,1046]
[0,50,180,325,369,497,904,1046]
[0,50,180,325,369,497,926,1046]
[0,297,1046]
[0,180,325,480,851,1046]
[0,180,286,369,480,707,926,1046]
[0,180,904,1046]
[0,180,497,707,926,1046]
[0,180,325,480,707,851,1046]
[0,50,180,325,707,926,1046]
[0,180,369,1046]
[0,50,180,325,497,707,904,1046]
[0,180,286,369,707,926,1046]
[0,50,180,325,497,904,1046]
[0,50,180,325,369,707,926,1046]
[0,180,325,497,904,1046]
[0,50,180,282,369,497,707,926,1046]
[0,50,180,325,369,497,707,904,1046]
[0,50,180,325,369,497,707,926,1046]
[0,180,325,369,707,851,1046]
[0,180,325,369,1046]
[0,180,325,851,1046]
[0,180,325,707,926,1046]
[0,50,180,707,926,1046]
[0,50,180,282,497,926,1046]
[0,180,325,497,926,1046]
[0,180,707,851,1046]
[0,180,480,1046]
[0,480,851,1046]
[0,180,369,926,1046]
[0,707,1046]
[0,180,282,369,497,707,926,1046]
[0,180,926,1046]
[0,180,497,1046]
[0,180,480,851,1046]
[0,180,286,707,926,1046]
[0,180,325,1046]
[0,50,180,325,480,707,851,1046]
[0,50,180,325,497,707,926,1046]
[0,497,707,1046]
[0,50,180,325,497,926,1046]
[0,50,180,325,707,851,1046]
[0,480,707,1046]
[0,497,1046]
[0,180,1046]
[0,50,180,325,369,480,707,851,1046]
[0,180,325,497,1046]
[0,851,1046]
