[0,433,1150,1875]
[0,170,433,1150,1875]
[0,433,1196,1875]
[0,433,708,1150,1603,1875]
[0,521,708,1150,1603,1875]
[0,433,521,708,1150,1442,1603,1790,1875]
[0,110,433,708,1181,1875]
[0,110,433,521,708,1875]
[0,110,433,521,1181,1875]
[0,433,1875]
[0,170,433,1150,1603,1875]
[0,110,433,521,708,1181,1875]
[0,1442,1603,1875]
[0,1181,1875]
[0,1150,1875]
[0,1150,1442,1875]
[0,110,433,1875]
[0,521,708,1150,1442,1875]
[0,110,433,708,1150,1875]
[0,521,708,1150,1442,1603,1875]
[0,708,1150,1603,1875]
[0,110,433,521,708,1150,1875]
[0,433,521,708,1150,1603,1875]
[0,1150,1442,1603,1875]
[0,433,521,708,1150,1231,1603,1875]
[0,170,433,521,708,1150,1231,1603,1875]
[0,1196,1875]
[0,170,433,521,708,1150,1875]
[0,433,521,708,1150,1790,1875]
[0,170,433,521,708,1150,1603,1875]
[0,708,1150,1442,1875]
[0,433,521,708,1150,1231,1875]
[0,170,433,960,1150,1603,1875]
[0,433,521,708,1150,1442,1875]
[0,170,433,708,1150,1603,1875]
[0,1603,1875]
[0,433,521,708,1150,1442,1603,1875]
[0,433,521,708,1150,1442,1790,1875]
[0,433,1150,1603,1875]
[0,110,433,708,1875]
[0,110,433,521,1875]
[0,110,433,1181,1875]
[0,708,1150,1442,1603,1875]
[0,170,521,708,1150,1603,1875]
[0,433,708,1875]
[0,708,1181,1875]
[0,170,708,1150,1603,1875]
[0,433,960,1150,1603,1875]
[0,170,521,708,1150,1875]
[0,708,1150,1875]
[0,110,433,1150,1875]
[0,433,708,1181,1875]
[0,521,708,1150,1875]
[0,110,1875]
[0,433,708,1150,1875]
[0,433,521,708,1150,1875]
[0,433,1181,1875]
