[0,137,367,537,686,1038,1132,1180]
[0,137,367,537,686,865,1038,1132,1180]
[0,537,865,1180]
[0,686,872,1180]
[0,1038,1180]
[0,686,1180]
[0,54,137,1038,1132,1180]
[0,137,367,537,686,1180]
[0,367,537,1038,1180]
[0,203,537,1038,1180]
[0,137,367,537,1038,1132,1180]
[0,54,137,686,1180]
[0,137,686,1132,1180]
[0,54,137,1038,1180]
[0,137,367,537,1038,1180]
[0,137,686,872,1180]
[0,54,137,367,537,686,1038,1132,1180]
[0,54,137,367,537,1132,1180]
[0,137,537,1180]
[0,137,203,686,1038,1180]
[0,367,537,686,1180]
[0,137,367,537,686,865,1038,1180]
[0,311,686,1180]
[0,137,203,686,872,1038,1180]
[0,137,686,872,1132,1180]
[0,137,1038,1132,1180]
[0,311,1180]
[0,54,137,686,1038,1132,1180]
[0,54,137,367,537,1038,1132,1180]
[0,137,367,537,686,1038,1180]
[0,137,367,537,686,865,1132,1180]
[0,137,311,686,872,1180]
[0,367,537,686,865,1180]
[0,137,367,537,865,1132,1180]
[0,137,367,537,1132,1180]
[0,137,686,1038,1132,1180]
[0,367,537,686,865,1038,1180]
[0,137,1180]
[0,137,686,1180]
[0,537,1132,1180]
[0,137,203,686,872,1180]
[0,54,137,367,537,1180]
[0,137,1038,1180]
[0,137,367,537,1180]
[0,54,137,1180]
[0,54,137,1132,1180]
[0,54,137,367,537,686,1038,1180]
[0,367,537,1180]
[0,311,686,872,1180]
[0,709,1180]
[0,686,872,1038,1180]
[0,686,1038,1180]
[0,537,1180]
[0,137,367,537,865,1180]
[0,54,137,367,537,686,1180]
[0,54,137,686,1038,1180]
[0,137,1132,1180]
[0,367,537,865,1180]
[0,137,310,537,1180]
[0,137,203,686,872,1038,1132,1180]
[0,367,537,686,1038,1180]
[0,137,686,872,1038,1180]
[0,137,367,537,686,865,1180]
[0,137,203,686,1038,1132,1180]
[0,137,686,1038,1180]
[0,54,137,367,537,1038,1180]
[0,137,311,686,872,1132,1180]
[0,203,709,1180]
[0,137,537,1132,1180]
[0,310,537,1180]
[0,203,537,1180]
