[0,306,598,739,830,1046]
[0,306,598,780,917,1046]
[0,98,306,780,917,994,1046]
[0,306,830,1046]
[0,325,598,1046]
[0,330,598,780,1046]
[0,53,98,306,598,739,830,917,1046]
[0,98,306,598,739,780,917,1046]
[0,98,330,598,740,917,1046]
[0,330,830,1046]
[0,217,306,598,739,1046]
[0,217,306,598,780,917,1046]
[0,330,598,740,1046]
[0,217,306,598,917,1046]
[0,98,330,598,780,917,1046]
[0,98,306,598,739,830,917,1046]
[0,217,306,830,1046]
[0,98,306,1046]
[0,780,1046]
[0,830,917,1046]
[0,249,598,1046]
[0,249,598,917,1046]
[0,330,598,780,917,1046]
[0,53,98,306,598,780,917,994,1046]
[0,98,330,598,739,1046]
[0,53,98,306,598,739,780,917,1046]
[0,98,330,598,917,1046]
[0,53,98,217,306,598,780,917,994,1046]
[0,598,780,917,1046]
[0,249,739,1046]
[0,330,780,917,994,1046]
[0,780,917,1046]
[0,98,330,598,1046]
[0,306,598,1046]
[0,330,598,739,830,917,1046]
[0,53,98,306,780,917,1046]
[0,306,598,739,1046]
[0,217,306,780,917,1046]
[0,330,598,780,917,994,1046]
[0,98,217,306,598,780,917,994,1046]
[0,98,306,598,739,1046]
[0,217,306,830,917,1046]
[0,217,306,598,1046]
[0,53,98,306,598,780,917,1046]
[0,142,325,598,740,917,1046]
[0,598,739,780,917,1046]
[0,330,1046]
[0,330,780,917,1046]
[0,142,325,598,917,1046]
[0,53,98,217,306,598,780,917,1046]
[0,98,330,780,917,1046]
[0,330,598,739,830,1046]
[0,98,306,830,1046]
[0,98,306,598,780,917,1046]
[0,217,306,598,780,917,994,1046]
[0,739,780,1046]
[0,330,780,1046]
[0,98,330,598,739,780,917,994,1046]
[0,739,780,917,1046]
[0,739,1046]
[0,98,217,306,780,917,994,1046]
[0,306,598,739,780,917,994,1046]
[0,306,598,739,780,917,1046]
[0,598,1046]
[0,330,598,739,780,917,994,1046]
[0,325,1046]
[0,98,330,598,739,830,1046]
[0,217,306,598,830,917,1046]
[0,53,98,217,306,780,917,994,1046]
[0,142,325,598,740,1046]
[0,98,217,306,598,917,1046]
[0,217,306,598,739,830,917,1046]
[0,53,98,217,306,598,739,830,917,1046]
[0,325,598,917,1046]
[0,53,98,217,306,598,739,780,917,1046]
[0,306,598,780,917,994,1046]
[0,330,598,830,917,1046]
[0,306,830,917,1046]
[0,98,306,598,780,917,994,1046]
[0,53,98,306,780,917,994,1046]
[0,306,780,917,1046]
[0,98,330,598,739,780,917,1046]
[0,98,217,306,598,739,830,1046]
[0,98,306,830,917,1046]
[0,98,306,598,1046]
[0,98,306,780,917,1046]
[0,98,330,598,739,830,917,1046]
[0,98,306,598,739,830,1046]
[0,53,98,306,598,739,780,917,994,1046]
[0,330,598,739,780,917,1046]
[0,217,306,1046]
[0,330,598,1046]
[0,98,217,306,598,780,917,1046]
[0,249,1046]
[0,306,780,917,994,1046]
[0,98,217,306,780,917,1046]
[0,217,306,780,917,994,1046]
[0,330,598,739,1046]
[0,330,598,917,1046]
[0,330,830,917,1046]
[0,306,1046]
[0,325,598,740,1046]
[0,306,598,917,1046]
[0,53,98,217,306,598,739,780,917,994,1046]
[0,249,780,1046]
[0,306,780,1046]
[0,98,306,598,917,1046]
[0,98,306,598,830,917,1046]
[0,98,330,780,917,994,1046]
[0,53,98,217,306,780,917,1046]
[0,98,306,598,739,780,917,994,1046]
[0,330,598,740,917,1046]
[0,306,598,780,1046]
[0,142,325,598,1046]
[0,98,217,306,598,739,830,917,1046]
[0,780,917,994,1046]
[0,217,306,598,739,830,1046]
[0,98,330,598,780,917,994,1046]
[0,306,739,780,917,1046]
[0,598,780,1046]
[0,917,1046]
