[0,745,1046]
[0,802,878,1046]
[0,447,878,1046]
[0,447,728,1046]
[0,425,879,1046]
[0,471,878,1046]
[0,319,728,802,879,1046]
[0,879,1046]
[0,447,728,802,1046]
[0,59,471,1046]
[0,389,471,802,878,1046]
[0,389,802,880,1046]
[0,447,512,1046]
[0,727,1046]
[0,727,802,880,1046]
[0,447,512,728,1046]
[0,425,1046]
[0,728,802,1046]
[0,745,802,1046]
[0,745,879,1046]
[0,319,1046]
[0,389,880,1046]
[0,447,745,878,1046]
[0,447,802,1046]
[0,59,425,505,745,1046]
[0,59,389,727,802,880,1046]
[0,471,1046]
[0,471,745,1046]
[0,471,802,880,1046]
[0,389,447,512,728,802,879,1046]
[0,447,745,802,878,1046]
[0,880,1046]
[0,59,745,1046]
[0,389,471,727,802,880,1046]
[0,471,745,879,1046]
[0,728,1046]
[0,389,1046]
[0,727,802,1046]
[0,59,1046]
[0,389,727,802,880,1046]
[0,425,728,1046]
[0,59,471,745,879,1046]
[0,802,880,1046]
[0,447,802,878,1046]
[0,425,745,1046]
[0,425,505,1046]
[0,425,505,728,802,879,1046]
[0,505,1046]
[0,447,728,879,1046]
[0,471,880,1046]
[0,389,802,878,1046]
[0,447,728,802,879,1046]
[0,447,512,728,802,879,1046]
[0,389,471,802,880,1046]
[0,389,471,878,1046]
[0,59,745,879,1046]
[0,319,878,1046]
[0,59,389,471,727,802,880,1046]
[0,319,728,1046]
[0,389,878,1046]
[0,447,745,1046]
[0,425,728,802,879,1046]
[0,59,425,505,728,802,879,1046]
[0,389,471,880,1046]
[0,319,802,878,1046]
[0,447,1046]
[0,728,802,879,1046]
[0,425,505,745,1046]
[0,425,505,879,1046]
[0,59,447,512,728,802,879,1046]
[0,802,879,1046]
[0,471,802,878,1046]
[0,389,745,802,878,1046]
[0,878,1046]
[0,319,728,879,1046]
[0,389,471,745,802,878,1046]
[0,745,802,878,1046]
[0,425,728,879,1046]
[0,319,745,802,878,1046]
[0,447,512,728,802,1046]
[0,425,505,802,879,1046]
