[0,161,602,2009,2824]
[0,161,602,2009,2687,2824]
[0,161,602,1600,2071,2824]
[0,161,602,1932,2071,2824]
[0,1954,2824]
[0,2009,2824]
[0,387,1932,2687,2824]
[0,161,628,2824]
[0,1932,2687,2824]
[0,161,602,1932,2824]
[0,161,602,1732,1932,2071,2824]
[0,602,1801,2824]
[0,387,1932,2824]
[0,161,1932,2071,2824]
[0,161,602,1932,2071,2687,2824]
[0,161,628,1932,2824]
[0,602,2824]
[0,602,1600,2071,2824]
[0,161,602,1600,1932,2071,2824]
[0,628,2824]
[0,161,2729,2824]
[0,602,2071,2824]
[0,161,2071,2824]
[0,161,602,1801,2824]
[0,602,1932,2824]
[0,161,2009,2824]
[0,1801,2824]
[0,161,602,1801,1932,2824]
[0,161,602,1732,1932,2071,2687,2824]
[0,602,1954,2824]
[0,602,2009,2824]
[0,161,2824]
[0,161,602,2071,2824]
[0,161,602,2824]
[0,2071,2824]
[0,628,1932,2824]
[0,602,1732,2071,2824]
[0,1932,2824]
[0,1932,2071,2824]
[0,161,602,1801,1932,2071,2824]
[0,161,602,1600,1932,2071,2687,2824]
[0,161,602,1954,2824]
[0,161,602,1732,2071,2824]
