[0,61,337,492,698,755,963,1180]
[0,337,492,963,1180]
[0,126,492,963,1180]
[0,61,111,1180]
[0,492,803,963,1180]
[0,126,382,492,1180]
[0,61,126,229,382,492,698,755,963,1180]
[0,229,382,492,755,1180]
[0,382,492,803,963,1180]
[0,126,382,492,803,963,1180]
[0,61,111,337,492,755,1180]
[0,492,1180]
[0,61,111,492,755,803,1180]
[0,61,126,382,492,698,755,1180]
[0,337,492,803,963,1180]
[0,382,492,755,1180]
[0,126,382,492,755,963,1180]
[0,229,382,492,755,963,1180]
[0,61,337,492,755,963,1180]
[0,61,111,492,1180]
[0,61,126,229,382,492,698,755,803,963,1180]
[0,61,492,698,755,1180]
[0,61,126,229,382,492,963,1180]
[0,337,492,755,1180]
[0,61,382,492,1180]
[0,61,337,492,803,963,1180]
[0,337,492,755,963,1180]
[0,61,126,382,492,698,755,963,1180]
[0,61,337,492,755,803,963,1180]
[0,229,382,492,963,1180]
[0,61,492,803,963,1180]
[0,61,111,337,492,1180]
[0,126,229,382,492,963,1180]
[0,61,382,492,755,803,963,1180]
[0,61,111,492,755,1180]
[0,61,382,492,698,755,963,1180]
[0,126,382,492,755,1180]
[0,61,337,492,963,1180]
[0,61,111,337,492,755,803,963,1180]
[0,61,337,492,698,755,803,963,1180]
[0,126,492,803,963,1180]
[0,61,382,492,698,755,1180]
[0,61,382,492,698,755,803,963,1180]
[0,61,111,337,492,698,755,803,963,1180]
[0,61,337,492,1180]
[0,61,492,1180]
[0,492,755,963,1180]
[0,229,492,1180]
[0,229,492,963,1180]
[0,61,111,337,492,698,755,963,1180]
[0,61,382,492,755,1180]
[0,61,126,382,492,755,963,1180]
[0,61,1180]
[0,382,492,755,963,1180]
[0,61,126,382,492,755,803,963,1180]
[0,61,126,382,492,803,963,1180]
[0,61,126,229,382,492,755,1180]
[0,61,492,755,803,1180]
[0,61,126,382,492,1180]
[0,61,492,755,1067,1180]
[0,61,492,963,1180]
[0,61,111,337,492,698,755,1180]
[0,126,382,492,963,1180]
[0,61,126,382,492,698,755,803,963,1180]
[0,803,1180]
[0,61,382,492,755,963,1180]
[0,61,126,229,382,492,755,963,1180]
[0,126,229,382,492,755,963,1180]
[0,126,492,1180]
[0,61,337,492,755,1180]
[0,61,492,755,963,1180]
[0,61,126,382,492,755,1180]
[0,61,382,492,963,1180]
[0,337,492,1180]
[0,492,755,1180]
[0,229,492,755,1180]
[0,492,755,1067,1180]
[0,61,126,382,492,755,803,1180]
[0,229,492,755,963,1180]
[0,61,382,492,803,963,1180]
[0,61,111,337,492,755,803,1180]
[0,126,492,755,1180]
[0,61,492,755,1180]
[0,61,126,229,382,492,698,755,1180]
[0,229,803,1180]
[0,126,492,755,963,1180]
[0,382,492,963,1180]
[0,61,337,492,698,755,1180]
[0,61,492,755,803,963,1180]
[0,492,1067,1180]
[0,61,111,337,492,963,1180]
[0,61,492,698,755,803,963,1180]
[0,382,492,1180]
[0,61,382,492,755,803,1180]
[0,61,126,382,492,963,1180]
[0,61,492,698,755,963,1180]
[0,61,492,1067,1180]
[0,61,111,337,492,803,963,1180]
[0,492,963,1180]
[0,126,229,382,492,755,1180]
