[0,155,573,658,754,1072,1211,1481,1707,2020]
[0,658,754,1211,2020]
[0,155,754,1481,1707,2020]
[0,155,754,1211,1481,1707,2020]
[0,155,1211,1481,2020]
[0,155,1072,1211,1481,1707,2020]
[0,155,632,754,1481,1707,2020]
[0,1211,2020]
[0,1398,2020]
[0,1211,1707,2020]
[0,658,754,2020]
[0,754,1707,2020]
[0,573,1211,2020]
[0,658,1072,1211,1481,1707,2020]
[0,202,658,1211,1707,2020]
[0,632,2020]
[0,202,754,1481,1707,2020]
[0,155,754,1072,1211,1481,1707,2020]
[0,658,1211,1707,2020]
[0,658,1211,1481,1707,2020]
[0,202,1211,2020]
[0,155,1707,2020]
[0,202,2020]
[0,658,1211,2020]
[0,377,1211,1481,2020]
[0,754,2020]
[0,1211,1481,2020]
[0,658,754,1072,1211,2020]
[0,1072,1211,2020]
[0,155,1211,2020]
[0,377,1211,2020]
[0,1707,2020]
[0,1211,1481,1707,2020]
[0,155,2020]
[0,632,1707,2020]
[0,754,1211,1707,2020]
[0,658,1072,1211,2020]
[0,155,1211,1481,1707,2020]
[0,754,1211,1481,1707,2020]
[0,658,1072,1211,1481,2020]
[0,1072,1211,1481,1707,2020]
[0,632,754,1481,1707,2020]
[0,658,1211,1481,2020]
[0,658,754,1072,1211,1481,2020]
[0,658,754,1072,1211,1481,1707,2020]
[0,658,2020]
[0,202,632,754,1481,1707,2020]
[0,754,1211,1481,2020]
[0,155,1481,1707,2020]
[0,202,658,1211,2020]
[0,1481,1707,2020]
[0,754,1211,2020]
[0,573,1211,1707,2020]
[0,202,1481,1707,2020]
[0,155,632,754,1072,1211,1481,1707,2020]
[0,1072,1211,1481,2020]
[0,632,754,1707,2020]
[0,377,1211,1481,1707,2020]
[0,377,1211,1707,2020]
[0,155,658,754,1072,1211,1481,1707,2020]
[0,754,1481,1707,2020]
[0,632,754,2020]
[0,632,1481,1707,2020]
