[0,224,572,1046]
[0,404,500,572,697,785,1046]
[0,500,572,697,924,1046]
[0,224,500,572,697,785,869,924,1046]
[0,132,224,500,572,697,785,869,1046]
[0,224,404,572,1046]
[0,224,924,1046]
[0,198,572,1046]
[0,198,404,572,924,1046]
[0,224,572,697,924,1046]
[0,224,572,697,785,1046]
[0,198,924,1046]
[0,224,773,924,1046]
[0,198,404,500,572,924,1046]
[0,198,572,924,1046]
[0,198,572,697,1046]
[0,198,572,697,785,1046]
[0,224,500,773,924,1046]
[0,224,572,697,1046]
[0,224,773,1046]
[0,224,572,697,785,869,1046]
[0,500,572,1046]
[0,224,1046]
[0,697,785,1046]
[0,572,924,1046]
[0,404,500,572,697,924,1046]
[0,224,404,572,697,1046]
[0,224,500,572,697,785,869,1046]
[0,500,785,1046]
[0,404,572,697,785,1046]
[0,132,224,404,572,697,785,924,1046]
[0,132,224,500,572,697,785,869,924,1046]
[0,132,224,572,697,924,1046]
[0,198,500,572,697,785,1046]
[0,198,404,572,1046]
[0,572,697,785,869,1046]
[0,132,224,404,500,572,697,785,924,1046]
[0,224,500,773,1046]
[0,500,572,697,785,1046]
[0,224,785,1046]
[0,132,224,572,697,785,1046]
[0,198,500,572,924,1046]
[0,404,572,1046]
[0,198,500,572,1046]
[0,773,1046]
[0,500,1046]
[0,404,572,697,1046]
[0,500,773,1046]
[0,198,1046]
[0,132,224,572,697,785,869,1046]
[0,132,224,572,697,785,924,1046]
[0,132,224,404,572,697,924,1046]
[0,224,500,572,697,785,1046]
[0,572,697,924,1046]
[0,572,697,785,869,924,1046]
[0,572,1046]
[0,224,500,785,1046]
[0,132,224,572,697,1046]
[0,132,224,500,572,697,785,1046]
[0,224,404,572,697,924,1046]
[0,500,572,697,785,869,924,1046]
[0,500,572,697,785,869,1046]
[0,404,572,697,924,1046]
[0,132,224,500,572,697,785,924,1046]
[0,924,1046]
[0,572,697,785,1046]
[0,572,697,1046]
[0,785,1046]
