[0,401,478,574,680,744,956,1068,1180]
[0,273,680,869,1180]
[0,478,974,1068,1180]
[0,680,744,1180]
[0,69,273,680,869,1068,1180]
[0,233,401,680,1068,1180]
[0,233,401,574,744,1068,1180]
[0,401,478,574,744,974,1068,1180]
[0,233,401,1068,1180]
[0,680,744,974,1068,1180]
[0,233,744,1180]
[0,401,680,1068,1180]
[0,956,1068,1180]
[0,233,401,680,860,974,1068,1180]
[0,69,401,680,956,1068,1180]
[0,680,933,1068,1180]
[0,233,401,478,574,680,744,974,1068,1180]
[0,401,478,744,974,1068,1180]
[0,289,1180]
[0,233,401,680,1180]
[0,233,401,574,1068,1180]
[0,401,574,680,956,1068,1180]
[0,478,574,744,974,1068,1180]
[0,401,478,574,744,956,1068,1180]
[0,478,574,744,1068,1180]
[0,401,680,1180]
[0,69,401,680,860,956,1068,1180]
[0,401,574,744,1180]
[0,273,680,1068,1180]
[0,478,956,1068,1180]
[0,401,478,680,744,956,1068,1180]
[0,478,744,974,1068,1180]
[0,273,680,869,1068,1180]
[0,233,401,574,1180]
[0,744,1180]
[0,69,401,574,680,860,956,1068,1180]
[0,233,401,680,860,1180]
[0,233,401,478,574,744,974,1068,1180]
[0,233,401,744,974,1068,1180]
[0,233,1180]
[0,401,574,1180]
[0,680,869,1068,1180]
[0,233,1068,1180]
[0,233,401,744,1068,1180]
[0,401,680,956,1068,1180]
[0,233,401,680,860,1068,1180]
[0,680,974,1068,1180]
[0,401,478,744,956,1068,1180]
[0,401,680,974,1068,1180]
[0,401,478,956,1068,1180]
[0,478,574,744,956,1068,1180]
[0,233,478,744,974,1068,1180]
[0,233,401,1180]
[0,233,401,680,744,974,1068,1180]
[0,401,680,744,974,1068,1180]
[0,401,680,744,933,1068,1180]
[0,401,680,744,956,1068,1180]
[0,401,680,933,1068,1180]
[0,680,933,1180]
[0,401,478,974,1068,1180]
[0,680,869,1180]
[0,273,680,1180]
[0,233,401,680,974,1068,1180]
[0,401,478,1068,1180]
[0,233,401,744,1180]
[0,401,478,574,680,744,974,1068,1180]
[0,233,744,1068,1180]
[0,401,478,1180]
[0,233,478,744,1068,1180]
[0,478,744,1068,1180]
[0,1068,1180]
[0,401,1180]
[0,401,744,1180]
[0,478,744,956,1068,1180]
[0,478,1180]
[0,744,1068,1180]
[0,478,1068,1180]
[0,401,680,933,1180]
[0,401,680,860,956,1068,1180]
[0,69,273,680,1068,1180]
[0,744,956,1068,1180]
[0,478,744,1180]
[0,233,401,574,744,1180]
[0,680,744,933,1068,1180]
[0,401,574,680,860,956,1068,1180]
[0,680,744,1068,1180]
[0,680,1180]
[0,233,401,478,744,974,1068,1180]
[0,233,401,574,744,974,1068,1180]
[0,401,680,860,1180]
[0,744,974,1068,1180]
[0,574,744,1180]
[0,233,478,744,1180]
[0,401,478,680,744,974,1068,1180]
[0,680,744,956,1068,1180]
[0,974,1068,1180]
[0,233,744,974,1068,1180]
[0,69,680,1068,1180]
[0,289,860,1180]
[0,680,1068,1180]
[0,860,1180]
