[0,155,495,653,936,1715,2020]
[0,155,495,653,936,1948,2020]
[0,495,1584,2020]
[0,653,936,2020]
[0,495,653,2020]
[0,495,653,936,1419,1584,2020]
[0,1419,1584,2020]
[0,155,495,1584,2020]
[0,155,495,756,936,1419,1584,1715,1948,2020]
[0,495,756,2020]
[0,155,495,653,756,936,1584,1715,2020]
[0,495,756,1715,2020]
[0,495,756,936,2020]
[0,495,1715,2020]
[0,155,495,756,2020]
[0,936,1419,1584,2020]
[0,495,653,936,2020]
[0,155,495,653,936,1419,1584,1948,2020]
[0,653,936,1715,2020]
[0,155,495,1584,1715,2020]
[0,155,495,756,936,1584,1715,2020]
[0,155,495,756,936,1419,1584,2020]
[0,155,2020]
[0,155,495,653,756,936,1419,1584,1715,2020]
[0,155,495,653,936,1584,1715,1948,2020]
[0,155,495,756,936,1715,2020]
[0,155,495,2020]
[0,155,495,756,936,1948,2020]
[0,495,653,936,1715,2020]
[0,936,2020]
[0,155,495,653,936,2020]
[0,155,495,653,756,936,1584,1715,1948,2020]
[0,155,495,653,936,1584,1715,2020]
[0,155,495,653,936,1419,1584,2020]
[0,155,495,653,936,1584,1948,2020]
[0,756,936,2020]
[0,155,495,756,936,1715,1948,2020]
[0,495,756,936,1419,1584,2020]
[0,155,495,756,936,2020]
[0,936,1584,2020]
[0,155,495,936,1584,2020]
[0,155,495,653,756,936,1419,1584,1715,1948,2020]
[0,155,495,653,936,1419,1584,1715,2020]
[0,155,495,653,2020]
[0,495,2020]
[0,155,495,756,936,1419,1584,1715,2020]
[0,653,936,1419,1584,2020]
[0,155,495,756,936,1584,2020]
[0,653,936,1584,2020]
[0,495,936,1584,2020]
[0,495,756,936,1584,2020]
[0,495,653,936,1584,2020]
[0,155,495,936,1584,1715,2020]
[0,1419,2020]
[0,936,1715,2020]
[0,155,495,756,936,1584,1715,1948,2020]
[0,495,936,2020]
[0,155,495,653,936,1584,2020]
[0,155,495,653,936,1419,1584,1715,1948,2020]
[0,155,495,653,936,1715,1948,2020]
[0,495,756,936,1715,2020]
