[0,686,1256,1853,2381,2824]
[0,248,686,1256,1853,2381,2618,2824]
[0,248,686,1116,1256,1853,2381,2618,2824]
[0,686,1256,1853,2381,2618,2824]
[0,1116,1715,2824]
[0,1715,2824]
[0,2022,2824]
[0,686,1256,1853,2824]
[0,248,686,1256,1853,2824]
[0,1706,2824]
[0,248,686,1256,1853,2381,2824]
[0,452,2022,2824]
[0,1256,1992,2824]
[0,416,2824]
[0,1256,2022,2824]
[0,686,2022,2824]
[0,416,1256,1992,2494,2824]
[0,686,1116,1256,1853,2381,2618,2824]
[0,1256,1992,2494,2824]
[0,206,416,1715,2824]
[0,1992,2824]
[0,686,1706,2824]
[0,206,416,1116,1715,2824]
[0,416,1706,2824]
[0,416,1715,2824]
[0,206,416,1706,2824]
[0,206,2824]
[0,416,1116,1715,2824]
[0,686,1256,1706,2824]
[0,686,1256,1853,2618,2824]
[0,416,1256,1992,2824]
[0,686,1853,2824]
[0,1853,2824]
[0,206,416,2824]
[0,1256,1706,2824]
