[0,428,1311,1409,1537,1741,2019]
[0,428,1537,1741,2019]
[0,1311,1409,1537,1741,2019]
[0,1311,1409,1537,2019]
[0,1409,1537,1741,2019]
[0,1409,1537,2019]
[0,1301,1409,1537,1741,2019]
[0,1118,1409,1741,2019]
[0,428,1311,1409,1537,1741,1796,2019]
[0,1301,1409,1537,2019]
[0,326,428,1409,1537,2019]
[0,428,2019]
[0,326,428,1409,1537,1741,2019]
[0,326,428,1311,1409,1537,2019]
[0,428,1409,1741,2019]
[0,326,428,1301,1409,1537,1741,2019]
[0,428,1301,1409,1537,1741,2019]
[0,1537,2019]
[0,428,1537,2019]
[0,1409,2019]
[0,1301,2019]
[0,1118,1409,2019]
[0,428,1409,1537,1741,2019]
[0,1301,1409,1537,1741,1810,2019]
[0,428,1311,1409,1537,2019]
[0,428,1301,1409,1537,1741,1810,2019]
[0,428,1409,2019]
[0,428,1301,1409,1537,2019]
[0,1311,1537,2019]
[0,326,428,1311,1409,1537,1741,2019]
[0,1537,1741,2019]
[0,1118,2019]
[0,1118,1311,1537,2019]
[0,1211,1537,2019]
[0,326,428,1311,1409,1537,1741,1796,2019]
[0,326,428,1301,1409,1537,1741,1810,2019]
[0,326,428,1301,1409,1537,2019]
[0,1118,1409,1537,2019]
[0,1311,1409,1537,1741,1796,2019]
[0,428,1409,1537,2019]
