[0,1740,2311,2748,3353]
[0,2008,2748,3353]
[0,348,1740,2008,2748,3353]
[0,1307,2311,2748,3353]
[0,348,1740,2008,2311,2748,3353]
[0,348,1255,2008,2311,2748,3353]
[0,348,1307,1740,2008,2311,2748,3155,3353]
[0,2008,3353]
[0,663,3353]
[0,348,1255,3353]
[0,663,1255,2311,3353]
[0,1255,2270,3353]
[0,348,1036,1255,2008,2311,2748,3155,3353]
[0,1255,2008,3353]
[0,348,1036,1255,2008,2311,2748,3353]
[0,663,2311,3353]
[0,1740,2008,2748,3353]
[0,663,2311,2748,3353]
[0,348,2008,2748,3353]
[0,348,1255,2008,2748,3155,3353]
[0,2375,3353]
[0,348,1307,2311,2748,3155,3353]
[0,801,3353]
[0,348,1740,2008,2611,2748,3353]
[0,348,1255,2008,2611,2748,3155,3353]
[0,348,1255,2008,3353]
[0,1255,2311,3353]
[0,348,2311,2748,3353]
[0,348,1740,2008,2311,2611,2748,3155,3353]
[0,663,1255,2311,2748,3353]
[0,2311,2748,3353]
[0,663,1307,2311,3353]
[0,348,1740,2311,2748,3353]
[0,348,1036,1255,1740,2008,2311,2611,2748,3155,3353]
[0,348,1255,2311,2748,3155,3353]
[0,348,1255,2008,2748,3353]
[0,348,1740,2008,2748,3155,3353]
[0,348,1307,1740,2008,2311,2611,2748,3155,3353]
[0,663,1255,2270,3353]
[0,801,2375,3353]
[0,2270,3353]
[0,348,1036,1255,1740,2008,2311,2748,3155,3353]
[0,348,1255,2008,2311,2748,3155,3353]
[0,663,1307,2311,2748,3353]
[0,1740,2311,3353]
[0,663,1255,3353]
[0,348,1036,1255,2008,2311,2611,2748,3155,3353]
[0,348,1740,2008,2611,2748,3155,3353]
[0,1255,3353]
[0,348,1255,2008,2611,2748,3353]
[0,663,1255,2270,2748,3353]
[0,348,1036,1255,1740,2008,2311,2748,3353]
[0,1307,2311,3353]
[0,348,1307,2008,2311,2748,3353]
[0,348,1307,1740,2008,2311,2748,3353]
[0,348,1255,2311,2748,3353]
[0,2311,3353]
[0,1255,2008,2748,3353]
[0,348,3353]
[0,663,1307,3353]
[0,348,1740,2008,2311,2748,3155,3353]
[0,348,1307,2311,2748,3353]
[0,348,1255,1740,2008,2311,2748,3353]
[0,1255,2311,2748,3353]
[0,2270,2748,3353]
[0,1255,2270,2748,3353]
[0,348,1255,2008,2311,2611,2748,3155,3353]
[0,663,2748,3353]
[0,2748,3353]
