[0,792,1184,1469,1637,1779,1834,1965,2019]
[0,792,973,1143,1469,1637,1803,2019]
[0,792,1143,1637,1779,2019]
[0,792,973,1184,1779,2019]
[0,792,1184,1469,1637,1779,1834,2019]
[0,792,973,2019]
[0,935,1469,1803,2019]
[0,792,1184,2019]
[0,792,1143,1469,1965,2019]
[0,792,973,1184,1469,1779,2019]
[0,792,1143,1637,1779,1834,2019]
[0,935,1469,2019]
[0,792,973,1184,1469,1637,1779,2019]
[0,792,1143,1779,2019]
[0,792,973,1143,1469,1803,2019]
[0,1469,2019]
[0,792,1184,1469,2019]
[0,792,1779,1834,2019]
[0,792,973,1803,2019]
[0,792,973,1779,2019]
[0,935,1803,2019]
[0,792,1143,1469,1637,1779,1834,2019]
[0,792,1143,1469,1637,1779,1834,1965,2019]
[0,792,1184,1469,1637,1779,2019]
[0,1779,2019]
[0,792,1184,1779,2019]
[0,792,1143,1779,1834,2019]
[0,792,973,1143,1469,1965,2019]
[0,1803,2019]
[0,792,1184,1779,1834,2019]
[0,792,1143,1469,1803,2019]
[0,185,935,1469,1803,2019]
[0,792,1143,1469,1779,2019]
[0,792,1143,1469,1637,1803,2019]
[0,792,1184,1469,1779,2019]
[0,792,973,1143,1469,1637,1803,1965,2019]
[0,792,1469,1803,2019]
[0,792,1184,1637,1779,1834,2019]
[0,792,1469,2019]
[0,792,1143,1469,2019]
[0,792,1143,2019]
[0,792,2019]
[0,792,973,1469,1803,2019]
[0,792,973,1143,1469,2019]
[0,792,1143,1469,1637,1779,2019]
[0,792,1779,2019]
[0,792,1184,1637,1779,2019]
[0,1779,1834,2019]
[0,935,2019]
[0,792,1803,2019]
