[0,539,1068,2275,2669,3448,4758]
[0,539,4758]
[0,1910,2473,2669,4758]
[0,1068,2669,3448,4758]
[0,539,822,1910,2473,3448,4758]
[0,539,822,1910,2473,2669,4758]
[0,539,1068,1910,2473,3448,4351,4758]
[0,539,1068,1910,2473,2669,4758]
[0,539,1068,1910,2473,3448,4758]
[0,539,1068,4351,4758]
[0,822,1910,4758]
[0,1068,1910,2473,2669,4758]
[0,1068,1910,2473,3448,4758]
[0,539,1068,4758]
[0,539,822,1910,4758]
[0,822,1910,2473,4351,4758]
[0,539,1068,2473,4351,4758]
[0,2473,4351,4758]
[0,2669,4758]
[0,2473,4758]
[0,1068,1910,4758]
[0,1068,1910,2473,4758]
[0,2275,2669,3448,4351,4758]
[0,539,1068,1910,2473,2669,3448,4351,4758]
[0,1910,3448,4758]
[0,539,1068,2275,2669,3448,4351,4758]
[0,539,1068,2669,4351,4758]
[0,539,822,2669,4758]
[0,822,1910,3448,4758]
[0,2669,3448,4351,4758]
[0,539,1068,2669,3448,4351,4758]
[0,822,1910,2473,4758]
[0,2275,2669,4758]
[0,1910,2275,2669,4758]
[0,539,2669,3448,4758]
[0,539,1068,2275,2669,4351,4758]
[0,539,2275,2669,4758]
[0,539,822,1910,2473,4351,4758]
[0,539,822,1910,2473,3448,4351,4758]
[0,539,1068,2233,2669,3448,4758]
[0,539,1068,1910,2275,2669,3448,4758]
[0,539,1068,2669,3448,4758]
[0,2669,3448,4758]
[0,539,2275,2669,3448,4351,4758]
[0,539,1068,2275,2669,4758]
[0,1910,4758]
[0,4351,4758]
[0,539,822,4758]
[0,822,2669,4758]
[0,539,2669,3448,4351,4758]
[0,539,1068,1910,2275,2669,4758]
[0,822,2473,2669,4758]
[0,539,1068,2669,4758]
[0,1068,1910,3448,4758]
[0,539,1068,2473,4758]
[0,1068,2669,4758]
[0,539,1068,1910,2473,4758]
[0,822,1910,2473,3448,4351,4758]
[0,1910,2473,4758]
[0,2275,2669,3448,4758]
[0,822,1910,2473,3448,4758]
[0,822,4758]
[0,539,822,1910,2473,2669,3448,4351,4758]
[0,1068,1910,2275,2669,4758]
[0,2473,2669,4758]
[0,1068,2669,4351,4758]
[0,1068,4758]
[0,539,822,1910,2473,4758]
[0,539,822,1910,2473,2669,3448,4758]
[0,539,2669,4758]
[0,539,1068,2233,2669,3448,4351,4758]
[0,539,1068,1910,2473,2669,3448,4758]
[0,539,822,2473,2669,4758]
[0,1068,2275,2669,4758]
[0,539,1068,1910,2275,2669,3448,4351,4758]
[0,539,1068,1910,2473,4351,4758]
[0,539,2473,4758]
