[0,873,1249,1529,2019]
[0,1249,1666,2019]
[0,107,799,1249,1529,2019]
[0,243,799,1249,1666,2019]
[0,243,799,2019]
[0,243,1249,1946,2019]
[0,107,243,864,1249,1529,2019]
[0,243,1249,1570,1946,2019]
[0,1249,2019]
[0,243,2019]
[0,243,1666,2019]
[0,107,243,873,1529,2019]
[0,799,1666,2019]
[0,1176,2019]
[0,864,1249,1529,2019]
[0,243,873,1249,1529,2019]
[0,107,243,873,1249,1529,2019]
[0,107,546,799,1249,1666,1946,2019]
[0,799,1249,1666,2019]
[0,873,1529,2019]
[0,243,1529,2019]
[0,107,546,799,1249,1666,2019]
[0,107,1666,2019]
[0,243,1249,1529,1946,2019]
[0,799,1249,1529,2019]
[0,107,243,799,1249,1529,2019]
[0,1249,1570,2019]
[0,107,546,799,1249,1529,1946,2019]
[0,864,1529,2019]
[0,107,243,799,873,2019]
[0,107,799,1249,1666,2019]
[0,799,1249,2019]
[0,107,243,864,1176,1249,1529,2019]
[0,107,243,1176,1249,1529,2019]
[0,243,1249,1570,2019]
[0,107,243,799,873,1529,2019]
[0,309,1666,2019]
[0,1529,2019]
[0,107,546,799,1249,1529,2019]
[0,873,2019]
[0,243,873,1529,2019]
[0,243,1946,2019]
[0,600,2019]
[0,107,243,873,1176,1249,1529,2019]
[0,1249,1529,2019]
[0,107,243,2019]
[0,107,243,1176,1249,2019]
[0,107,243,1176,2019]
[0,864,2019]
[0,243,864,1249,1529,2019]
[0,107,799,1666,2019]
[0,107,243,799,873,1176,1249,1529,2019]
[0,243,799,1249,1529,2019]
[0,600,1332,2019]
[0,243,1249,1666,2019]
[0,107,799,2019]
[0,1570,2019]
[0,107,243,799,2019]
[0,1332,2019]
[0,107,799,1529,2019]
[0,107,243,799,864,1176,1249,1529,2019]
[0,107,243,799,873,1249,1529,2019]
[0,799,1529,2019]
[0,546,799,1249,1666,2019]
[0,243,1249,1529,2019]
[0,799,2019]
[0,1666,2019]
[0,243,1249,2019]
[0,243,1176,2019]
[0,243,1570,2019]
[0,546,799,1249,1529,2019]
[0,107,243,1529,2019]
[0,107,243,1249,1529,2019]
