[0,484,1577,2020]
[0,202,484,811,1224,1377,1970,2020]
[0,202,484,866,1377,1793,2020]
[0,866,1224,1377,1455,1577,1793,2020]
[0,202,484,866,1179,1970,2020]
[0,484,811,2020]
[0,202,484,1377,2020]
[0,484,866,2020]
[0,1377,1970,2020]
[0,202,484,866,1179,2020]
[0,202,484,811,2020]
[0,202,484,866,2020]
[0,484,811,1224,1793,2020]
[0,202,484,866,1224,1377,1455,1577,1793,2020]
[0,1224,1377,1577,1793,2020]
[0,202,2020]
[0,484,1179,1577,2020]
[0,484,1577,1793,2020]
[0,202,484,866,1179,1577,2020]
[0,202,484,866,1179,1577,1793,2020]
[0,202,484,775,866,1224,1377,1455,1577,1793,2020]
[0,484,866,1793,2020]
[0,866,1224,1377,1793,2020]
[0,484,866,1179,1970,2020]
[0,202,484,2020]
[0,866,2020]
[0,484,1377,1793,2020]
[0,1377,1793,2020]
[0,484,866,1179,1577,1793,2020]
[0,1793,2020]
[0,202,484,1224,1377,1970,2020]
[0,866,1179,1793,2020]
[0,484,866,1179,1377,1793,2020]
[0,202,484,866,1970,2020]
[0,202,1377,1793,2020]
[0,1224,1377,2020]
[0,811,1793,2020]
[0,1224,1377,1970,2020]
[0,484,866,1179,1577,2020]
[0,811,1224,1377,2020]
[0,202,484,775,866,1179,1377,1793,2020]
[0,202,484,866,1179,1577,1970,2020]
[0,811,1511,1970,2020]
[0,484,866,1179,1577,1970,2020]
[0,202,484,811,1224,1377,1577,1793,2020]
[0,1970,2020]
[0,202,484,811,1377,1793,2020]
[0,202,484,1577,1793,2020]
[0,1455,1577,1793,2020]
[0,202,484,866,1179,1577,1793,1970,2020]
[0,811,1224,1377,1970,2020]
[0,202,484,775,866,1224,1377,1577,1793,2020]
[0,202,484,866,1179,1377,1455,1577,1793,2020]
[0,202,484,866,1224,1377,1577,1793,2020]
[0,866,1224,1577,1793,2020]
[0,484,811,1577,1793,2020]
[0,1179,1377,1577,1793,2020]
[0,484,866,1179,2020]
[0,484,866,1224,1377,1455,1577,1793,2020]
[0,1224,1577,1793,2020]
[0,866,1970,2020]
[0,866,1179,1577,1793,2020]
[0,1179,1577,2020]
[0,441,811,2020]
[0,1577,1793,2020]
[0,1511,2020]
[0,1577,2020]
[0,705,1793,2020]
[0,441,811,1511,1970,2020]
[0,202,1224,1377,1970,2020]
[0,202,484,775,866,1224,1377,1455,1577,1793,1970,2020]
[0,202,484,811,1224,1577,1793,2020]
[0,1377,1455,1577,1793,2020]
[0,484,866,1179,1793,2020]
[0,202,1224,1377,2020]
[0,866,1793,2020]
[0,484,866,1224,2020]
[0,202,484,775,866,1179,1377,1455,1577,1793,1970,2020]
[0,484,866,1179,1377,1577,1793,2020]
[0,1224,2020]
[0,202,484,1377,1793,2020]
[0,484,811,1377,2020]
[0,484,811,1793,2020]
[0,484,866,1970,2020]
[0,202,484,866,1179,1793,2020]
[0,202,484,775,866,1224,1377,1577,1793,1970,2020]
[0,202,1224,1377,1793,2020]
[0,1179,1377,1455,1577,1793,2020]
[0,202,484,811,1224,1377,1793,2020]
[0,202,484,811,1224,2020]
[0,202,484,866,1224,1377,1793,2020]
[0,866,1179,1377,1577,1793,2020]
[0,202,484,775,866,1224,1377,1793,2020]
[0,1179,1793,2020]
[0,811,1964,2020]
[0,1377,2020]
[0,484,866,1224,1793,2020]
[0,811,1224,2020]
[0,202,484,866,1179,1377,1577,1793,2020]
[0,484,866,1577,1793,2020]
[0,484,866,1179,1377,1455,1577,1793,2020]
[0,1179,2020]
[0,484,866,1377,2020]
[0,202,484,811,1224,1377,2020]
[0,484,1793,2020]
[0,811,2020]
[0,484,866,1577,2020]
[0,705,2020]
[0,1179,1577,1793,2020]
[0,484,866,1377,1793,2020]
[0,866,1179,1377,1793,2020]
[0,866,1179,1377,1455,1577,1793,2020]
[0,1224,1377,1455,1577,1793,2020]
[0,866,1377,2020]
[0,202,484,866,1577,1793,2020]
[0,1964,2020]
[0,202,484,1224,1377,1793,2020]
[0,202,484,775,866,1179,1377,1577,1793,2020]
[0,707,2020]
[0,1179,1377,1793,2020]
[0,866,1179,2020]
[0,1224,1793,2020]
[0,484,866,1224,1377,1577,1793,2020]
[0,441,811,1511,2020]
[0,202,484,866,1793,2020]
[0,866,1577,2020]
[0,484,811,1377,1793,2020]
[0,705,1334,2020]
[0,811,1511,2020]
[0,484,866,1224,1577,1793,2020]
[0,484,2020]
[0,202,484,866,1224,1577,1793,2020]
[0,866,1224,1793,2020]
[0,441,811,1964,2020]
[0,1224,1377,1793,2020]
[0,707,1377,2020]
[0,705,1334,1793,2020]
[0,202,484,811,1224,1377,1577,1793,1970,2020]
[0,202,484,775,866,1179,1377,1455,1577,1793,2020]
[0,202,484,866,1179,1377,1793,2020]
[0,866,1224,1377,1577,1793,2020]
[0,484,811,1224,1577,1793,2020]
[0,202,484,1224,1377,2020]
[0,202,484,775,866,1179,1577,1793,2020]
[0,484,866,1224,1377,1793,2020]
[0,866,1224,2020]
[0,1511,1970,2020]
[0,202,484,775,866,1179,1577,1793,1970,2020]
[0,202,1577,1793,2020]
[0,484,811,1224,2020]
[0,866,1377,1793,2020]
[0,202,484,811,1577,1793,2020]
[0,484,1377,2020]
[0,202,1377,2020]
