[0,283,682,846,943,1028,1180]
[0,533,679,850,1180]
[0,533,679,1028,1180]
[0,533,679,846,943,1180]
[0,214,283,682,846,943,1180]
[0,214,283,533,682,846,1028,1128,1180]
[0,283,533,679,846,1180]
[0,679,1180]
[0,214,283,533,584,682,846,943,1028,1128,1180]
[0,283,682,846,1180]
[0,533,682,1180]
[0,943,1180]
[0,214,283,682,846,943,1128,1180]
[0,283,682,1180]
[0,533,846,943,1180]
[0,214,283,533,682,846,943,1180]
[0,214,283,630,682,846,943,1180]
[0,283,679,846,1180]
[0,533,584,682,846,943,1180]
[0,682,846,1180]
[0,214,283,682,846,943,1028,1128,1180]
[0,850,1180]
[0,533,1180]
[0,533,682,846,1180]
[0,283,679,1180]
[0,283,533,682,846,943,1028,1180]
[0,850,1028,1180]
[0,214,283,533,679,846,943,1180]
[0,283,533,682,846,943,1180]
[0,533,679,1180]
[0,283,943,1180]
[0,1028,1180]
[0,214,283,533,682,846,943,1028,1128,1180]
[0,283,846,1180]
[0,533,679,846,1180]
[0,533,682,846,1028,1128,1180]
[0,533,682,1028,1180]
[0,283,682,846,943,1180]
[0,533,943,1180]
[0,533,846,1028,1180]
[0,214,283,533,682,846,1028,1180]
[0,533,682,846,943,1180]
[0,283,630,682,846,943,1180]
[0,283,846,943,1180]
[0,214,283,533,679,846,1028,1180]
[0,283,533,682,846,1180]
[0,214,283,533,679,846,943,1128,1180]
[0,283,1180]
[0,214,283,533,682,846,943,1128,1180]
[0,283,679,846,1028,1180]
[0,283,533,682,846,1028,1180]
[0,283,533,679,846,943,1028,1180]
[0,214,283,630,682,846,943,1028,1128,1180]
[0,214,283,533,679,846,943,1028,1128,1180]
[0,214,283,533,584,682,846,943,1180]
[0,533,679,850,1028,1180]
[0,635,1180]
[0,533,682,846,943,1028,1180]
[0,846,1180]
[0,283,682,846,1028,1180]
[0,630,682,846,943,1180]
[0,214,283,630,682,846,943,1128,1180]
[0,214,283,533,630,682,846,943,1028,1128,1180]
[0,846,943,1180]
[0,533,682,846,1028,1180]
[0,533,679,846,1028,1180]
[0,682,1180]
[0,283,846,1028,1180]
[0,533,679,846,943,1028,1180]
[0,679,850,1028,1180]
[0,214,283,533,679,846,943,1028,1180]
[0,283,533,679,846,943,1180]
[0,533,679,846,1028,1128,1180]
[0,682,846,943,1180]
[0,214,283,533,679,846,1028,1128,1180]
[0,214,283,533,682,846,943,1028,1180]
[0,635,1028,1180]
[0,846,1028,1180]
[0,214,283,682,846,943,1028,1180]
[0,533,846,1180]
[0,679,850,1180]
[0,214,283,533,584,682,846,943,1128,1180]
[0,283,533,584,682,846,943,1180]
[0,283,533,679,846,1028,1180]
[0,533,1028,1180]
