[0,477,2019]
[0,149,2019]
[0,149,799,1225,1461,1724,2019]
[0,420,799,1225,1461,1724,2019]
[0,149,1426,1627,2019]
[0,149,1461,1724,2019]
[0,1426,1767,2019]
[0,420,799,1461,1724,2019]
[0,41,1225,1627,2019]
[0,41,149,936,1225,1426,1748,2019]
[0,41,1225,1748,2019]
[0,41,936,1225,1426,1627,2019]
[0,936,1225,1748,2019]
[0,41,936,1225,1426,1748,2019]
[0,1225,1426,1627,2019]
[0,1225,1461,1724,2019]
[0,1724,2019]
[0,1506,2019]
[0,410,2019]
[0,420,799,1225,2019]
[0,420,936,1225,1461,1724,2019]
[0,420,1225,2019]
[0,149,799,936,1225,1426,1627,2019]
[0,149,1426,1767,2019]
[0,1225,1627,2019]
[0,420,936,1225,2019]
[0,1225,1748,2019]
[0,799,1225,2019]
[0,149,410,1225,2019]
[0,420,936,1461,1724,2019]
[0,410,1627,2019]
[0,149,936,1225,1426,1627,2019]
[0,41,936,1225,1627,2019]
[0,149,936,1225,1426,1748,2019]
[0,149,1225,2019]
[0,420,1225,1506,1868,2019]
[0,420,936,1225,1748,2019]
[0,799,1225,1506,1868,2019]
[0,149,1225,1426,1627,2019]
[0,799,1225,1506,2019]
[0,420,799,1724,2019]
[0,149,936,1225,1627,2019]
[0,420,936,2019]
[0,41,1461,1724,2019]
[0,149,1225,1506,1868,2019]
[0,149,936,1225,1748,2019]
[0,799,1461,1724,2019]
[0,420,1724,2019]
[0,410,1426,2019]
[0,936,1225,1426,1627,2019]
[0,936,1225,1461,1724,2019]
[0,936,1225,1426,1748,2019]
[0,420,1506,2019]
[0,477,1506,2019]
[0,149,1225,1627,2019]
[0,149,1225,1748,2019]
[0,420,1461,1724,2019]
[0,936,1724,2019]
[0,420,799,2019]
[0,936,1461,1724,2019]
[0,149,799,1225,1506,1868,2019]
[0,799,1225,1461,1724,2019]
[0,1225,2019]
[0,149,410,1426,2019]
[0,799,1426,2019]
[0,149,1426,2019]
[0,410,1225,2019]
[0,41,149,936,1225,1426,1627,2019]
[0,149,1225,1461,1724,2019]
[0,936,1225,1627,2019]
[0,410,1225,1426,1627,2019]
[0,1225,1506,1868,2019]
[0,1627,2019]
[0,1748,2019]
[0,936,2019]
[0,41,936,1225,1461,1724,2019]
[0,41,420,936,1225,1461,1724,2019]
[0,149,1225,1868,2019]
[0,420,1225,1506,2019]
[0,149,420,936,1225,1461,1724,2019]
[0,1225,1506,2019]
[0,936,1225,2019]
[0,420,799,1225,1506,1868,2019]
[0,41,149,799,936,1225,1426,1627,2019]
[0,799,2019]
[0,41,420,936,1225,1748,2019]
[0,1461,1724,2019]
[0,1426,2019]
[0,410,1426,1627,2019]
[0,41,1225,1461,1724,2019]
[0,420,2019]
[0,41,936,1225,1748,2019]
[0,149,420,799,1225,1461,1724,2019]
[0,420,799,1225,1506,2019]
[0,420,936,1724,2019]
[0,799,1724,2019]
[0,149,420,799,1225,1506,1868,2019]
[0,149,410,1225,1426,1627,2019]
[0,1426,1627,2019]
[0,799,1506,2019]
[0,1767,2019]
[0,1868,2019]
[0,1225,1868,2019]
