[0,210,306,760,1180]
[0,210,306,567,760,913,1064,1180]
[0,210,306,567,760,913,1062,1180]
[0,306,760,913,1062,1180]
[0,306,856,1064,1180]
[0,210,306,567,760,913,1126,1180]
[0,210,306,567,856,913,1062,1180]
[0,210,1180]
[0,306,856,913,1062,1180]
[0,306,856,1180]
[0,567,913,1064,1180]
[0,760,913,1126,1180]
[0,567,913,1180]
[0,760,1180]
[0,306,567,760,913,1062,1180]
[0,760,938,1180]
[0,306,567,1180]
[0,306,567,1062,1180]
[0,306,567,760,913,1064,1180]
[0,210,306,567,1064,1180]
[0,306,1180]
[0,210,306,760,913,1126,1180]
[0,856,1180]
[0,210,306,1062,1180]
[0,306,567,913,1126,1180]
[0,210,306,760,913,1064,1180]
[0,913,1062,1180]
[0,210,306,567,913,1062,1180]
[0,856,913,1180]
[0,760,913,1180]
[0,210,306,856,913,1064,1180]
[0,306,760,913,1126,1180]
[0,306,567,760,913,1180]
[0,567,1180]
[0,306,567,913,1064,1180]
[0,306,760,913,1064,1180]
[0,210,306,856,1064,1180]
[0,306,567,913,1180]
[0,210,1062,1180]
[0,210,306,913,1062,1180]
[0,1064,1180]
[0,1062,1180]
[0,567,913,1062,1180]
[0,210,306,567,856,913,1064,1180]
[0,760,913,1062,1180]
[0,306,913,1180]
[0,210,306,856,1180]
[0,856,1064,1180]
[0,306,760,913,1180]
[0,210,913,1062,1180]
[0,306,567,1126,1180]
[0,306,567,760,913,1126,1180]
[0,760,913,1064,1180]
[0,856,913,1062,1180]
[0,210,306,567,1180]
[0,306,913,1062,1180]
[0,210,306,567,1062,1180]
[0,306,567,1064,1180]
[0,306,856,913,1180]
[0,210,306,1180]
[0,210,306,760,913,1062,1180]
[0,210,306,856,913,1180]
[0,306,567,913,1062,1180]
[0,913,1180]
[0,567,1064,1180]
[0,306,760,1180]
[0,210,306,567,913,1064,1180]
[0,210,306,760,913,1180]
[0,306,567,760,1180]
[0,210,306,567,760,913,1180]
[0,210,306,856,913,1062,1180]
[0,210,913,1180]
