[0,204,456,1063,1589,2254,2956]
[0,456,1063,2633,2956]
[0,783,1063,2281,2956]
[0,204,456,2633,2736,2956]
[0,1063,1589,2281,2956]
[0,1063,1589,2633,2956]
[0,204,456,1063,1589,2633,2736,2956]
[0,456,783,1063,2281,2956]
[0,204,456,1063,2633,2956]
[0,2633,2956]
[0,204,456,1063,2281,2956]
[0,1000,2956]
[0,455,1063,2956]
[0,1063,2254,2956]
[0,204,456,1063,1589,2254,2735,2956]
[0,456,1063,2254,2956]
[0,456,1063,1915,2956]
[0,1063,1915,2956]
[0,204,456,783,1063,1589,2281,2956]
[0,456,1063,1589,2956]
[0,455,1063,2625,2956]
[0,1063,1589,2254,2956]
[0,1063,1589,2956]
[0,204,456,2633,2956]
[0,204,456,2956]
[0,456,2956]
[0,204,456,1063,2254,2956]
[0,204,456,1063,2254,2735,2956]
[0,204,456,1063,1915,2956]
[0,204,456,1063,2633,2736,2956]
[0,456,1063,1589,2254,2735,2956]
[0,204,456,1063,1589,2956]
[0,1063,1915,2735,2956]
[0,204,456,783,1063,2281,2956]
[0,455,1063,2281,2956]
[0,204,456,1063,2254,2641,2735,2956]
[0,1000,2625,2956]
[0,456,2633,2956]
[0,1063,1589,2254,2735,2956]
[0,1063,2956]
[0,204,456,1063,1589,2254,2641,2735,2956]
[0,456,1063,2254,2735,2956]
[0,1063,2625,2956]
[0,1063,2735,2956]
[0,204,456,1063,1589,2633,2956]
[0,456,783,1063,1589,2281,2956]
[0,456,1063,1589,2281,2956]
[0,1063,2281,2956]
[0,456,1063,1589,2633,2956]
[0,456,1063,2281,2956]
[0,204,456,1063,2956]
[0,2625,2956]
[0,783,1063,1589,2281,2956]
[0,456,1063,1589,2254,2956]
[0,1063,2254,2735,2956]
[0,204,2956]
[0,455,1063,2254,2956]
[0,456,1063,2956]
[0,1063,2633,2956]
