[0,604,913,1117,1249]
[0,268,720,913,1249]
[0,99,720,913,1117,1249]
[0,720,913,1061,1117,1202,1249]
[0,99,416,492,604,720,913,1061,1117,1202,1249]
[0,99,268,416,492,604,720,913,1061,1117,1249]
[0,268,492,604,913,1117,1249]
[0,416,720,913,1117,1202,1249]
[0,99,268,720,913,1117,1202,1249]
[0,268,604,913,1117,1249]
[0,99,268,720,913,1061,1117,1249]
[0,99,268,416,492,604,720,913,1061,1117,1202,1249]
[0,416,913,1117,1249]
[0,99,268,416,492,604,720,913,1117,1249]
[0,99,720,913,1061,1117,1249]
[0,99,416,492,604,720,913,1117,1249]
[0,268,492,720,913,1117,1249]
[0,268,1249]
[0,416,492,604,720,913,1117,1249]
[0,99,268,720,913,1061,1117,1202,1249]
[0,268,749,1249]
[0,1117,1249]
[0,416,492,604,913,1061,1117,1202,1249]
[0,268,720,1249]
[0,99,720,913,1061,1117,1202,1249]
[0,416,492,604,913,1061,1117,1249]
[0,604,913,1117,1202,1249]
[0,416,720,1249]
[0,268,492,604,720,913,1117,1249]
[0,604,720,913,1117,1249]
[0,99,268,416,492,720,913,1061,1117,1202,1249]
[0,720,913,1249]
[0,99,416,492,604,720,913,1061,1117,1249]
[0,416,492,720,913,1061,1117,1249]
[0,99,416,720,913,1117,1249]
[0,492,604,720,913,1117,1249]
[0,492,604,913,1117,1202,1249]
[0,720,913,1117,1202,1249]
[0,1202,1249]
[0,416,492,604,913,1117,1202,1249]
[0,99,492,604,720,913,1117,1249]
[0,416,720,913,1117,1249]
[0,416,492,604,720,913,1061,1117,1202,1249]
[0,416,913,1249]
[0,1117,1202,1249]
[0,99,268,720,913,1117,1249]
[0,268,492,720,1249]
[0,99,268,492,604,913,1117,1249]
[0,416,492,604,913,1117,1249]
[0,720,913,1061,1117,1249]
[0,913,1117,1249]
[0,268,720,913,1117,1249]
[0,913,1249]
[0,99,268,492,720,913,1117,1249]
[0,416,492,720,913,1117,1249]
[0,99,416,492,720,913,1061,1117,1249]
[0,749,1117,1249]
[0,268,749,1117,1249]
[0,99,268,492,604,720,913,1117,1249]
[0,416,492,720,913,1061,1117,1202,1249]
[0,416,749,1117,1249]
[0,268,604,913,1249]
[0,416,492,720,913,1117,1202,1249]
[0,416,749,1249]
[0,492,604,913,1117,1249]
[0,913,1117,1202,1249]
[0,416,720,913,1249]
[0,720,913,1117,1249]
[0,99,416,492,720,913,1061,1117,1202,1249]
[0,604,1249]
[0,99,720,913,1117,1202,1249]
[0,416,492,604,720,913,1061,1117,1249]
[0,99,268,416,492,720,913,1061,1117,1249]
[0,99,416,492,720,913,1117,1249]
[0,1033,1249]
[0,749,1249]
[0,604,913,1249]
[0,99,268,416,492,720,913,1117,1249]
[0,720,1249]
[0,416,1249]
[0,268,492,720,913,1249]
