[0,344,578,1319,1537,1728,2019]
[0,925,1537,2019]
[0,129,401,1190,1594,2019]
[0,578,1229,1537,2019]
[0,344,578,918,1134,1220,1537,2019]
[0,344,578,918,2019]
[0,148,578,925,1229,1537,1753,2019]
[0,578,918,1537,2019]
[0,344,1537,2019]
[0,129,578,925,1319,1537,2019]
[0,401,1537,2019]
[0,344,1319,2019]
[0,401,1319,2019]
[0,1319,1594,2019]
[0,1319,1537,2019]
[0,129,578,1319,1537,1753,2019]
[0,344,578,1220,1537,1728,2019]
[0,925,2019]
[0,578,1220,2019]
[0,578,1319,2019]
[0,1319,2019]
[0,1229,2019]
[0,918,1537,2019]
[0,344,578,918,1134,1220,1537,1728,2019]
[0,578,918,2019]
[0,344,578,1220,1537,2019]
[0,578,1229,1537,1753,2019]
[0,1319,1537,1753,2019]
[0,148,578,1229,1537,2019]
[0,344,578,918,1220,1537,1728,2019]
[0,401,1319,1594,2019]
[0,401,1319,1537,2019]
[0,148,578,925,1134,1229,1537,2019]
[0,352,578,2019]
[0,578,925,1537,2019]
[0,344,1319,1537,1728,2019]
[0,578,925,1319,1537,2019]
[0,129,401,1319,1594,2019]
[0,578,1220,1537,2019]
[0,344,578,918,1319,1537,2019]
[0,129,401,1319,1537,1753,2019]
[0,129,578,925,1319,1537,1753,2019]
[0,148,578,925,1134,1229,1537,1753,2019]
[0,352,578,1319,1537,2019]
[0,344,578,918,1537,2019]
[0,1220,1537,2019]
[0,1319,1537,1728,2019]
[0,1190,2019]
[0,578,918,1220,1537,2019]
[0,578,2019]
[0,129,578,1319,1537,2019]
[0,129,1319,1537,2019]
[0,578,925,1319,1537,1753,2019]
[0,344,578,1319,1537,2019]
[0,578,925,2019]
[0,148,578,1229,1537,1753,2019]
[0,578,925,1229,1537,1753,2019]
[0,401,1319,1537,1753,2019]
[0,352,578,925,1319,1537,1753,2019]
[0,352,578,925,2019]
[0,352,578,1319,2019]
[0,344,2019]
[0,352,1190,1594,2019]
[0,578,1229,2019]
[0,129,1319,1594,2019]
[0,1229,1537,2019]
[0,344,578,1134,1220,1537,2019]
[0,1594,2019]
[0,1537,2019]
[0,1220,2019]
[0,1190,1594,2019]
[0,918,2019]
[0,352,578,925,1319,1537,2019]
[0,578,1319,1537,1753,2019]
[0,578,1134,1229,1537,2019]
[0,344,578,918,1319,1537,1728,2019]
[0,344,578,918,1220,1537,2019]
[0,129,401,1319,1537,2019]
[0,578,925,1134,1229,1537,2019]
[0,352,2019]
[0,1134,1229,1537,2019]
[0,344,578,2019]
[0,344,578,1319,2019]
[0,578,925,1229,1537,2019]
[0,578,1319,1537,2019]
[0,344,1319,1537,2019]
[0,352,578,925,1537,2019]
[0,401,1190,1594,2019]
[0,148,578,925,1229,1537,2019]
[0,129,1190,1594,2019]
