[0,120,165,631,977,1180]
[0,631,1180]
[0,120,589,911,1137,1180]
[0,589,1180]
[0,165,631,977,1180]
[0,120,1180]
[0,120,589,977,1180]
[0,165,631,1180]
[0,165,589,1180]
[0,120,589,915,1180]
[0,165,767,1180]
[0,657,1180]
[0,120,589,977,1137,1180]
[0,589,977,1137,1180]
[0,767,1180]
[0,120,165,631,977,1137,1180]
[0,589,911,1180]
[0,120,165,631,1180]
[0,589,977,1180]
[0,165,589,977,1180]
[0,120,165,589,1180]
[0,165,657,1180]
[0,120,165,1180]
[0,120,977,1180]
[0,120,165,589,977,1180]
[0,165,589,915,1180]
[0,120,165,657,977,1137,1180]
[0,589,915,1180]
[0,120,165,657,1180]
[0,165,1180]
[0,120,165,589,977,1137,1180]
[0,657,977,1180]
[0,165,657,977,1180]
[0,120,165,657,977,1180]
[0,977,1180]
[0,631,977,1180]
[0,120,589,911,1180]
