[0,435,1238,1632]
[0,1118,1244,1632]
[0,435,1118,1238,1632]
[0,596,1238,1632]
[0,486,692,1632]
[0,435,1220,1632]
[0,1118,1238,1632]
[0,692,1632]
[0,582,1179,1632]
[0,596,1632]
[0,156,1118,1238,1632]
[0,435,692,1220,1632]
[0,435,1244,1632]
[0,435,1118,1244,1632]
[0,596,1118,1238,1632]
[0,582,1632]
[0,156,1238,1632]
[0,596,692,1118,1238,1632]
[0,435,486,596,1118,1238,1632]
[0,1244,1632]
[0,435,486,596,692,1118,1238,1632]
[0,435,1632]
[0,486,596,692,1118,1238,1632]
[0,1238,1632]
[0,486,596,1118,1238,1632]
