[0,1161,2884,4758]
[0,1161,1763,2004,4612,4758]
[0,1304,2004,4758]
[0,130,2004,4612,4758]
[0,130,1161,1763,2004,2884,3247,4048,4612,4758]
[0,1161,1763,2004,2884,4612,4758]
[0,1763,2004,4758]
[0,1161,1763,2004,2884,4758]
[0,130,1161,1763,2004,4612,4758]
[0,1161,2004,2884,3247,4048,4758]
[0,130,2801,4758]
[0,1161,2004,2884,3247,3708,4048,4758]
[0,277,4758]
[0,130,1763,2801,4758]
[0,1304,2004,4612,4758]
[0,2801,4758]
[0,1763,2004,4612,4758]
[0,1161,1763,2004,2884,3247,4758]
[0,1161,1763,2004,2884,3247,4048,4612,4758]
[0,277,2004,4758]
[0,2801,4612,4758]
[0,130,1763,2801,4612,4758]
[0,1161,2004,2884,3708,4758]
[0,130,4612,4758]
[0,1161,1763,2004,2884,3247,3708,4758]
[0,4612,4758]
[0,1763,3236,4758]
[0,1161,1763,2004,2884,3247,3708,4048,4612,4758]
[0,130,1161,1763,2004,2884,3247,3708,4048,4612,4758]
[0,2004,4758]
[0,2884,4758]
[0,1161,2004,2884,4758]
[0,3236,4758]
[0,1161,2004,4612,4758]
[0,1161,2004,2884,3247,4758]
[0,1161,2004,2884,4048,4758]
[0,1763,2801,4612,4758]
[0,1161,1763,2004,2884,3247,4612,4758]
[0,130,1161,2004,4612,4758]
[0,1161,2004,2884,3247,3708,4758]
[0,130,1161,1763,2004,2884,4612,4758]
[0,130,1304,2004,4612,4758]
[0,1161,2004,4758]
[0,1161,1763,2004,4758]
[0,2004,4612,4758]
[0,130,1161,1763,2004,2884,3247,4612,4758]
[0,1763,2801,4758]
[0,130,4758]
[0,130,2801,4612,4758]
[0,1161,1763,2004,2884,3247,3708,4048,4758]
[0,1161,1763,2004,2884,3247,4048,4758]
