[0,275,518,574,1180]
[0,275,518,1013,1134,1180]
[0,217,275,388,518,574,1013,1134,1180]
[0,388,752,1180]
[0,275,388,518,752,1013,1180]
[0,217,275,388,518,574,715,1013,1134,1180]
[0,1013,1127,1180]
[0,388,523,740,1127,1180]
[0,275,1013,1134,1180]
[0,388,518,1013,1180]
[0,275,523,574,1013,1127,1180]
[0,217,275,388,523,1013,1127,1180]
[0,388,1180]
[0,275,388,518,1180]
[0,388,523,1013,1180]
[0,388,523,740,1180]
[0,217,275,518,1013,1180]
[0,275,388,518,574,1013,1134,1180]
[0,275,518,574,1013,1134,1180]
[0,275,388,523,1013,1180]
[0,388,518,752,1013,1180]
[0,388,518,1013,1134,1180]
[0,217,275,388,523,574,1013,1127,1180]
[0,217,275,523,1180]
[0,388,518,574,1013,1134,1180]
[0,217,275,518,574,1013,1134,1180]
[0,275,518,574,1013,1180]
[0,217,275,388,523,1013,1180]
[0,275,388,518,715,1013,1180]
[0,275,523,1013,1180]
[0,388,715,1013,1180]
[0,1013,1134,1180]
[0,275,523,1024,1180]
[0,275,388,523,1013,1134,1180]
[0,217,275,388,518,715,1013,1180]
[0,275,388,518,574,752,1013,1180]
[0,388,715,1180]
[0,275,847,1180]
[0,275,388,518,1013,1180]
[0,275,523,1180]
[0,217,275,523,1013,1180]
[0,217,275,388,518,1180]
[0,217,275,388,518,1013,1180]
[0,217,275,388,518,574,1013,1180]
[0,388,556,1180]
[0,275,388,518,574,715,1013,1134,1180]
[0,388,523,1180]
[0,1013,1180]
[0,217,275,388,518,574,715,1013,1180]
[0,217,275,523,1013,1127,1180]
[0,275,388,518,574,1013,1180]
[0,388,518,715,1013,1180]
[0,275,518,1180]
[0,388,518,574,715,1013,1134,1180]
[0,275,1013,1127,1180]
[0,275,518,1013,1180]
[0,217,275,1180]
[0,388,518,1180]
[0,388,740,1180]
[0,388,523,1127,1180]
[0,388,518,574,1180]
[0,275,1013,1180]
[0,275,388,518,574,752,1013,1134,1180]
[0,388,523,1013,1134,1180]
[0,275,847,1127,1180]
[0,1127,1180]
[0,275,523,1013,1127,1180]
[0,388,1013,1180]
[0,275,1180]
[0,388,752,1013,1180]
[0,217,275,518,1180]
[0,217,275,388,518,574,1180]
[0,217,275,1013,1180]
[0,847,1180]
[0,275,388,518,574,715,1013,1180]
[0,388,518,574,1013,1180]
[0,388,1013,1134,1180]
[0,275,1127,1180]
[0,388,556,1024,1180]
[0,217,275,1013,1127,1180]
[0,217,275,523,574,1013,1127,1180]
[0,388,518,574,715,1013,1180]
[0,217,275,518,574,1180]
[0,217,275,518,574,1013,1180]
