[0,205,705,852,1046]
[0,205,592,936,1046]
[0,205,707,1046]
[0,200,291,707,936,1046]
[0,205,806,1046]
[0,205,444,705,936,1046]
[0,205,707,852,936,1046]
[0,205,291,400,705,1046]
[0,141,205,707,936,1046]
[0,200,291,400,707,1046]
[0,205,291,705,1046]
[0,205,444,705,1046]
[0,141,205,291,707,903,1046]
[0,205,400,705,852,1046]
[0,84,205,291,400,707,852,936,1046]
[0,141,705,1046]
[0,705,1046]
[0,205,592,1046]
[0,205,291,707,1046]
[0,200,707,855,1046]
[0,200,291,707,1046]
[0,205,400,705,1046]
[0,141,707,1046]
[0,707,1046]
[0,936,1046]
[0,806,1046]
[0,200,707,936,1046]
[0,200,400,707,1046]
[0,205,936,1046]
[0,205,1046]
[0,400,707,1046]
[0,200,542,707,936,1046]
[0,84,205,291,400,705,852,1046]
[0,84,205,291,707,852,936,1046]
[0,205,291,400,707,852,936,1046]
[0,444,705,1046]
[0,205,400,707,1046]
[0,200,707,1046]
[0,141,205,291,400,705,1046]
[0,84,205,291,400,705,1046]
[0,205,400,707,903,1046]
[0,205,400,707,936,1046]
[0,592,1046]
[0,205,291,707,936,1046]
[0,200,291,400,707,855,975,1046]
[0,141,707,936,1046]
[0,205,705,936,1046]
[0,205,291,707,852,936,1046]
[0,205,291,707,903,1046]
[0,205,291,400,707,903,1046]
[0,205,291,400,707,936,1046]
[0,200,291,542,707,936,1046]
[0,141,205,291,705,1046]
[0,141,205,291,707,852,936,1046]
[0,141,205,291,707,1046]
[0,205,707,903,1046]
[0,205,707,936,1046]
[0,205,291,400,705,852,1046]
[0,200,542,707,1046]
[0,141,205,291,400,705,852,1046]
[0,200,291,400,707,855,1046]
[0,141,205,291,400,707,903,1046]
[0,200,400,707,855,1046]
[0,205,705,1046]
[0,141,205,291,400,707,852,936,1046]
[0,84,205,291,705,1046]
