[0,217,593,1054,1343]
[0,177,267,593,726,1054,1343]
[0,180,615,853,1054,1343]
[0,267,1343]
[0,615,726,1054,1343]
[0,217,726,1054,1343]
[0,180,267,615,853,1054,1343]
[0,180,593,1163,1343]
[0,615,853,1054,1343]
[0,180,1054,1343]
[0,593,1163,1343]
[0,177,267,1003,1054,1343]
[0,177,593,726,911,1054,1343]
[0,368,593,1343]
[0,180,267,1054,1343]
[0,267,1054,1343]
[0,177,593,911,1054,1343]
[0,1054,1343]
[0,177,1003,1054,1343]
[0,726,1343]
[0,177,304,593,911,1054,1343]
[0,177,593,1343]
[0,177,267,593,1054,1343]
[0,177,267,1343]
[0,217,593,1163,1343]
[0,1003,1054,1343]
[0,180,267,615,1054,1343]
[0,177,267,593,1003,1054,1343]
[0,217,593,1343]
[0,180,1343]
[0,180,593,1343]
[0,180,368,593,1163,1343]
[0,177,593,1054,1343]
[0,217,593,769,1054,1343]
[0,615,1054,1343]
[0,593,1054,1343]
[0,180,615,1343]
[0,177,304,593,726,911,1054,1343]
[0,267,853,1343]
[0,180,267,615,1343]
[0,180,267,1343]
[0,177,267,593,726,1003,1054,1343]
[0,177,1054,1343]
[0,853,1343]
[0,593,1343]
[0,615,1343]
[0,180,267,1003,1054,1343]
[0,177,1343]
[0,177,304,593,1054,1343]
[0,368,593,1163,1343]
[0,180,267,615,1003,1054,1343]
[0,177,593,726,1054,1343]
[0,726,1054,1343]
[0,177,267,1054,1343]
[0,180,615,1054,1343]
[0,180,267,615,853,1003,1054,1343]
