[0,278,579,1093,1304,1599,1642]
[0,522,1642]
[0,398,579,637,1246,1304,1642]
[0,278,1093,1304,1642]
[0,398,579,833,1246,1304,1642]
[0,278,579,1642]
[0,398,579,1246,1642]
[0,398,1246,1642]
[0,398,579,1642]
[0,146,398,579,637,1093,1642]
[0,146,398,579,1246,1304,1642]
[0,398,579,833,1093,1642]
[0,146,398,579,637,1093,1304,1642]
[0,398,579,1246,1304,1642]
[0,579,1304,1642]
[0,146,398,579,833,1093,1304,1642]
[0,398,833,1093,1642]
[0,311,579,1642]
[0,146,398,579,833,1093,1642]
[0,316,1642]
[0,398,579,1093,1642]
[0,398,1093,1642]
[0,833,1642]
[0,146,398,579,1093,1304,1599,1642]
[0,146,398,579,637,1245,1304,1642]
[0,398,833,1093,1304,1642]
[0,398,833,1642]
[0,146,398,579,1642]
[0,398,1304,1642]
[0,398,579,637,1642]
[0,278,1642]
[0,398,833,1246,1642]
[0,311,1642]
[0,146,398,579,833,1093,1246,1304,1642]
[0,278,579,1093,1304,1642]
[0,146,398,579,637,1246,1304,1642]
[0,579,1642]
[0,398,1093,1304,1642]
[0,398,579,833,1093,1304,1642]
[0,146,398,579,1093,1246,1304,1642]
[0,522,1246,1642]
[0,146,398,579,637,833,1093,1304,1642]
[0,146,398,579,1093,1642]
[0,146,398,579,833,1642]
[0,146,398,579,1304,1642]
[0,146,398,579,637,1642]
[0,146,398,579,637,1093,1246,1304,1642]
[0,398,579,1093,1304,1642]
[0,146,398,579,637,833,1093,1246,1304,1642]
[0,398,579,637,1245,1642]
[0,398,579,637,1245,1304,1642]
[0,146,316,579,1642]
[0,398,1642]
[0,146,278,579,1093,1304,1599,1642]
[0,1093,1642]
[0,146,398,579,1093,1304,1642]
[0,398,579,1245,1642]
[0,398,1245,1642]
[0,278,579,1304,1642]
[0,278,1093,1642]
[0,398,579,833,1642]
[0,146,278,579,1093,1304,1642]
[0,398,579,833,1246,1642]
[0,398,579,1304,1642]
[0,1304,1642]
[0,398,579,637,1246,1642]
[0,146,398,579,833,1246,1304,1642]
[0,146,398,579,833,1246,1642]
[0,398,579,1245,1304,1642]
[0,146,398,579,1245,1304,1642]
[0,316,579,1642]
