[0,481,1178,1427]
[0,109,173,279,1178,1427]
[0,493,1178,1427]
[0,976,1178,1427]
[0,173,1427]
[0,168,976,1178,1427]
[0,109,173,279,1178,1232,1427]
[0,109,168,1382,1427]
[0,168,279,929,1033,1178,1427]
[0,109,173,1178,1232,1382,1427]
[0,173,481,1382,1427]
[0,168,1178,1427]
[0,168,279,976,1178,1427]
[0,109,168,1178,1232,1427]
[0,481,1427]
[0,109,168,279,1427]
[0,173,481,1178,1382,1427]
[0,173,1178,1427]
[0,109,173,279,1382,1427]
[0,109,173,1178,1427]
[0,168,279,1024,1178,1427]
[0,168,279,1024,1178,1382,1427]
[0,168,279,1178,1382,1427]
[0,168,279,1178,1427]
[0,109,168,279,1178,1232,1382,1427]
[0,173,279,1178,1427]
[0,168,1427]
[0,1178,1427]
[0,109,168,279,1178,1427]
[0,173,1382,1427]
[0,168,1382,1427]
[0,109,173,1382,1427]
[0,109,168,279,1178,1382,1427]
[0,109,173,1427]
[0,168,279,1382,1427]
[0,173,279,1427]
[0,168,279,976,1178,1382,1427]
[0,109,173,279,1427]
[0,109,173,1178,1232,1427]
[0,168,1033,1178,1427]
[0,109,168,1178,1232,1382,1427]
[0,109,168,279,1178,1232,1427]
[0,168,279,929,1024,1178,1382,1427]
[0,168,279,1033,1178,1427]
[0,168,279,929,1033,1178,1382,1427]
[0,1178,1382,1427]
[0,168,279,1427]
[0,493,1427]
[0,1382,1427]
[0,109,168,279,1382,1427]
[0,168,279,1033,1178,1382,1427]
[0,173,481,1427]
[0,109,173,279,1178,1232,1382,1427]
[0,109,168,1178,1427]
[0,109,168,1427]
[0,173,481,1178,1427]
[0,173,493,1178,1427]
[0,168,279,929,1024,1178,1427]
[0,168,1024,1178,1427]
