[0,138,244,479,650,758,969]
[0,97,138,244,479,758,969]
[0,138,473,650,758,969]
[0,473,969]
[0,138,244,400,479,758,969]
[0,97,138,244,650,758,969]
[0,97,138,244,479,576,650,758,969]
[0,138,244,631,758,969]
[0,466,969]
[0,138,244,473,650,758,969]
[0,138,244,466,576,650,758,969]
[0,138,244,400,479,650,758,969]
[0,138,969]
[0,138,244,466,650,758,969]
[0,138,466,631,767,969]
[0,244,479,969]
[0,138,479,650,758,969]
[0,650,758,969]
[0,244,400,479,758,969]
[0,244,767,969]
[0,466,767,969]
[0,138,479,758,969]
[0,767,969]
[0,97,138,244,631,767,969]
[0,97,138,244,466,576,650,758,969]
[0,138,244,400,473,650,758,969]
[0,650,969]
[0,244,758,969]
[0,138,650,969]
[0,138,466,767,969]
[0,97,138,244,631,758,969]
[0,473,650,758,969]
[0,138,244,479,758,969]
[0,400,473,758,969]
[0,138,674,969]
[0,400,479,758,969]
[0,97,138,244,479,650,758,969]
[0,631,758,969]
[0,244,473,969]
[0,244,479,758,969]
[0,97,138,244,400,473,650,758,969]
[0,138,466,650,758,969]
[0,97,138,244,400,479,650,758,969]
[0,479,758,969]
[0,97,138,244,400,473,576,650,758,969]
[0,138,244,631,767,969]
[0,138,244,400,473,758,969]
[0,138,244,473,758,969]
[0,479,969]
[0,138,244,400,479,576,650,758,969]
[0,138,244,479,576,650,758,969]
[0,138,244,473,576,650,758,969]
[0,466,758,969]
[0,244,473,758,969]
[0,758,969]
[0,138,244,400,473,576,650,758,969]
[0,466,650,758,969]
[0,674,969]
[0,631,767,969]
[0,97,138,244,400,473,758,969]
[0,97,138,244,400,479,758,969]
[0,473,758,969]
[0,244,631,767,969]
[0,138,466,758,969]
[0,97,138,244,466,650,758,969]
[0,97,138,479,758,969]
[0,466,631,767,969]
[0,244,631,758,969]
[0,244,400,473,758,969]
[0,138,473,758,969]
[0,138,244,650,758,969]
[0,97,138,244,400,479,576,650,758,969]
[0,244,650,758,969]
[0,244,969]
