[0,370,558,920,974,1046]
[0,382,558,974,1046]
[0,558,1046]
[0,370,558,652,839,920,974,1046]
[0,558,839,974,1046]
[0,442,558,839,1046]
[0,442,558,652,839,920,974,1046]
[0,370,558,710,839,920,974,1046]
[0,370,558,652,839,1046]
[0,974,1046]
[0,372,561,1046]
[0,442,558,710,974,1046]
[0,382,558,652,1046]
[0,558,974,1046]
[0,442,558,652,839,974,1046]
[0,558,710,1046]
[0,382,558,839,1046]
[0,370,558,710,974,1046]
[0,558,710,839,974,1046]
[0,382,561,1046]
[0,370,558,710,920,974,1046]
[0,839,1046]
[0,370,558,710,1046]
[0,370,558,974,1046]
[0,558,710,839,1046]
[0,382,558,652,920,974,1046]
[0,442,558,710,839,1046]
[0,442,558,920,974,1046]
[0,442,558,652,920,974,1046]
[0,442,558,652,974,1046]
[0,442,558,710,1046]
[0,442,558,974,1046]
[0,558,652,1046]
[0,442,558,710,839,920,974,1046]
[0,442,558,1046]
[0,382,558,839,974,1046]
[0,839,974,1046]
[0,382,558,652,974,1046]
[0,558,920,974,1046]
[0,370,558,652,839,974,1046]
[0,370,558,710,839,1046]
[0,370,558,839,1046]
[0,370,558,652,1046]
[0,558,839,1046]
[0,442,558,710,839,974,1046]
[0,382,558,652,839,920,974,1046]
[0,370,558,1046]
[0,558,652,839,974,1046]
[0,370,558,710,839,974,1046]
[0,558,652,839,1046]
[0,382,558,920,974,1046]
[0,920,974,1046]
[0,370,558,652,974,1046]
[0,382,558,652,839,974,1046]
[0,370,558,652,920,974,1046]
[0,442,558,652,839,1046]
[0,442,558,652,1046]
[0,561,1046]
[0,382,558,1046]
[0,442,558,710,920,974,1046]
[0,382,558,652,839,1046]
