[0,66,456,2189]
[0,66,2189]
[0,66,456,604,1119,1470,2189]
[0,66,456,604,1119,1470,1700,2189]
[0,366,456,1006,1119,1470,2189]
[0,1006,1119,1470,2189]
[0,366,456,604,2189]
[0,366,1006,1119,1470,1700,2189]
[0,366,456,1119,2189]
[0,366,1119,2189]
[0,604,1119,2189]
[0,366,604,2189]
[0,604,1119,1470,1700,2189]
[0,456,604,1119,1470,2189]
[0,366,604,1119,2189]
[0,366,456,604,1119,2189]
[0,66,1119,1470,1700,2189]
[0,366,604,1119,1470,1700,2189]
[0,366,604,1119,1470,2189]
[0,366,456,1006,1119,1470,1700,2189]
[0,1006,1119,1470,1700,2189]
[0,1119,2189]
[0,366,604,1006,1119,1470,1700,2189]
[0,366,1119,1470,1700,2189]
[0,366,456,604,1119,1470,2189]
[0,366,2189]
[0,66,1119,2189]
[0,456,604,1119,1470,1700,2189]
[0,366,456,2189]
[0,66,366,456,1006,1119,1470,1700,2189]
[0,1006,1119,2189]
[0,366,1006,1119,1470,2189]
[0,66,366,456,604,1119,1470,1700,2189]
[0,456,604,2189]
[0,66,1119,1470,2189]
[0,456,604,1119,2189]
[0,66,366,456,604,1006,1119,1470,1700,2189]
[0,66,456,604,2189]
[0,604,1119,1470,2189]
[0,366,1006,1119,2189]
[0,456,2189]
[0,1119,1470,2189]
[0,366,456,604,1119,1470,1700,2189]
[0,366,456,1006,1119,2189]
[0,366,456,604,1006,1119,1470,1700,2189]
[0,1119,1470,1700,2189]
[0,366,1119,1470,2189]
[0,66,456,604,1119,2189]
