[0,180,754,1181,1621,1706,2020]
[0,221,754,1097,1181,1268,1621,2020]
[0,221,754,1097,1268,1621,2020]
[0,1181,1706,2020]
[0,1097,1181,1621,2020]
[0,754,1181,1621,1938,2020]
[0,1706,1765,2020]
[0,1706,2020]
[0,754,1181,1621,1706,1765,2020]
[0,1268,1706,2020]
[0,1181,1621,1765,2020]
[0,221,754,1097,1181,1621,2020]
[0,1181,1706,1765,2020]
[0,221,754,1268,1621,2020]
[0,754,1097,1181,1621,2020]
[0,221,754,1268,1621,1706,1765,1938,2020]
[0,1706,1938,2020]
[0,221,754,1268,1621,1765,2020]
[0,754,1097,1268,1621,2020]
[0,754,1268,1706,2020]
[0,1268,1621,1706,1765,2020]
[0,180,754,1181,1706,1938,2020]
[0,221,754,1268,1706,2020]
[0,180,754,1181,1621,1938,2020]
[0,754,1706,1938,2020]
[0,1268,1621,1765,2020]
[0,754,2020]
[0,221,754,1097,1181,1268,1621,1938,2020]
[0,180,754,1706,1938,2020]
[0,1268,1621,2020]
[0,754,1181,1706,2020]
[0,754,1706,2020]
[0,221,754,1181,1706,2020]
[0,221,754,1706,1938,2020]
[0,221,754,1268,1621,1938,2020]
[0,221,754,1181,1706,1938,2020]
[0,221,754,1268,1621,1706,1765,2020]
[0,1268,1621,1938,2020]
[0,221,754,1181,1621,1706,1765,1938,2020]
[0,180,754,1181,1621,1706,1938,2020]
[0,754,1268,1621,2020]
[0,221,754,1181,1621,1938,2020]
[0,221,754,1181,1621,1706,1765,2020]
[0,1268,2020]
[0,1268,1706,1765,2020]
[0,754,1181,2020]
[0,754,1097,1181,1621,1938,2020]
[0,221,754,1268,1706,1938,2020]
[0,180,754,1181,1621,2020]
[0,754,1268,1621,1765,2020]
[0,180,754,1706,2020]
[0,754,1621,2020]
[0,221,754,1181,1621,1706,1938,2020]
[0,1621,1765,2020]
[0,754,1181,1621,2020]
[0,1181,1621,1938,2020]
[0,1181,1621,1706,1765,2020]
[0,221,754,1181,1621,2020]
[0,1181,1621,2020]
[0,221,754,1706,2020]
[0,754,1268,1621,1938,2020]
[0,221,754,1181,1621,1706,2020]
[0,221,754,1097,1181,1621,1938,2020]
[0,1181,2020]
[0,754,1268,1621,1706,1765,2020]
[0,180,754,1181,1706,2020]
[0,754,1181,1621,1765,2020]
[0,1097,1181,1621,1938,2020]
[0,221,754,1181,1621,1765,2020]
[0,221,754,1181,1621,1765,1938,2020]
[0,1621,2020]
[0,754,1268,2020]
[0,221,754,1268,1621,1765,1938,2020]
