[0,420,687,884,1911]
[0,64,420,687,884,1005,1586,1705,1911]
[0,228,420,687,884,1705,1911]
[0,64,228,420,687,884,1005,1705,1911]
[0,228,420,884,1710,1911]
[0,420,687,884,1710,1911]
[0,64,420,687,884,1005,1705,1911]
[0,420,1911]
[0,420,546,687,884,1705,1911]
[0,420,884,1005,1586,1705,1911]
[0,64,420,687,884,1705,1911]
[0,420,884,1586,1705,1911]
[0,420,687,884,1705,1911]
[0,420,884,1911]
[0,64,420,546,687,884,1586,1710,1911]
[0,420,884,1005,1705,1911]
[0,420,546,687,884,1586,1710,1911]
[0,884,1911]
[0,228,420,687,884,1005,1705,1911]
[0,228,420,884,1705,1911]
[0,884,1705,1911]
[0,420,687,1911]
[0,228,420,884,1586,1710,1911]
[0,64,420,546,687,884,1710,1911]
[0,420,687,884,1005,1586,1705,1911]
[0,1705,1911]
[0,64,420,884,1005,1586,1705,1911]
[0,64,420,546,687,884,1005,1586,1705,1911]
[0,64,420,546,687,884,1586,1705,1911]
[0,420,546,1911]
[0,420,546,687,884,1586,1705,1911]
[0,420,884,1710,1911]
[0,228,420,687,884,1710,1911]
[0,64,420,884,1586,1710,1911]
[0,420,687,884,1005,1705,1911]
[0,64,420,884,1710,1911]
[0,64,420,687,884,1586,1710,1911]
[0,64,420,546,687,884,1705,1911]
[0,420,546,687,884,1005,1586,1705,1911]
[0,420,546,687,884,1911]
[0,420,687,884,1586,1710,1911]
[0,420,546,687,884,1005,1705,1911]
[0,228,420,687,884,1586,1710,1911]
[0,420,884,1586,1710,1911]
[0,228,420,884,1005,1705,1911]
[0,420,884,1705,1911]
[0,64,420,884,1586,1705,1911]
[0,420,546,687,1911]
[0,64,228,420,687,884,1586,1710,1911]
[0,64,420,884,1705,1911]
[0,420,546,687,884,1710,1911]
