[0,828,1454,1934,2094,2812]
[0,436,828,1454,2094,2578,2812]
[0,436,828,2094,2812]
[0,828,1113,1454,1934,2094,2578,2812]
[0,436,828,2094,2578,2812]
[0,436,828,1454,2578,2812]
[0,103,828,2094,2578,2812]
[0,103,828,1454,1934,2094,2578,2812]
[0,436,828,1529,1934,2094,2578,2812]
[0,103,828,2094,2812]
[0,1454,2812]
[0,828,1454,2812]
[0,103,828,1454,1934,2094,2812]
[0,436,828,1113,1454,2094,2812]
[0,828,1454,2094,2812]
[0,2094,2812]
[0,828,1454,2578,2812]
[0,828,1934,2094,2578,2812]
[0,436,828,1113,1454,2094,2578,2812]
[0,828,1529,2094,2812]
[0,436,828,1113,1454,2578,2812]
[0,436,828,1529,2094,2578,2812]
[0,828,1113,1454,2094,2578,2812]
[0,103,828,1113,1454,1934,2094,2578,2812]
[0,828,1454,1934,2094,2578,2812]
[0,828,2812]
[0,828,2094,2812]
[0,828,1454,2094,2578,2812]
[0,436,828,1113,1454,2812]
[0,828,1529,2094,2578,2812]
[0,828,1113,1454,2812]
[0,103,828,1529,1934,2094,2578,2812]
[0,1149,2094,2812]
[0,436,828,1934,2094,2578,2812]
[0,1149,2812]
[0,828,2094,2578,2812]
[0,436,828,1454,2812]
[0,436,828,1113,1454,1934,2094,2578,2812]
[0,436,828,1529,2094,2812]
[0,103,828,1934,2094,2578,2812]
[0,828,1529,1934,2094,2578,2812]
[0,828,1113,1454,2094,2812]
[0,828,1113,1454,2578,2812]
[0,436,828,1454,2094,2812]
