[0,464,1180]
[0,274,1030,1180]
[0,431,608,1088,1180]
[0,73,305,384,718,887,1088,1180]
[0,464,608,764,1180]
[0,718,1030,1180]
[0,384,608,718,887,1180]
[0,384,718,1088,1180]
[0,431,608,1059,1180]
[0,274,1180]
[0,73,608,1088,1180]
[0,384,464,608,1003,1088,1180]
[0,73,305,718,1030,1180]
[0,274,464,608,887,1003,1088,1180]
[0,262,305,384,608,1003,1088,1180]
[0,305,1180]
[0,305,384,608,1088,1180]
[0,305,1088,1180]
[0,431,608,764,1180]
[0,1088,1180]
[0,464,608,1180]
[0,431,718,1030,1180]
[0,274,608,764,1180]
[0,274,464,608,1088,1180]
[0,274,608,1030,1180]
[0,73,305,384,608,718,887,987,1088,1180]
[0,73,718,1030,1180]
[0,73,305,384,431,608,718,887,1088,1180]
[0,73,431,608,1088,1180]
[0,274,608,1180]
[0,887,1180]
[0,384,608,718,887,987,1180]
[0,305,608,1088,1180]
[0,305,384,608,718,887,1088,1180]
[0,73,1030,1180]
[0,384,608,718,887,987,1088,1180]
[0,274,464,608,887,1180]
[0,73,431,718,1030,1180]
[0,262,305,384,1180]
[0,384,718,1180]
[0,464,608,764,1088,1180]
[0,73,305,384,608,1088,1180]
[0,262,305,384,608,1088,1180]
[0,464,608,887,1088,1180]
[0,464,608,887,1003,1088,1180]
[0,431,608,764,1088,1180]
[0,384,608,1180]
[0,431,608,1180]
[0,73,464,608,887,1003,1088,1180]
[0,431,608,764,1059,1180]
[0,305,384,1180]
[0,384,718,887,1088,1180]
[0,73,464,608,1003,1088,1180]
[0,608,887,1180]
[0,73,274,464,608,764,1088,1180]
[0,262,305,1180]
[0,73,305,384,608,718,887,1088,1180]
[0,73,1088,1180]
[0,73,431,608,764,1059,1180]
[0,73,305,608,1088,1180]
[0,305,384,464,608,1003,1088,1180]
[0,305,608,1180]
[0,384,1180]
[0,305,718,1180]
[0,384,718,887,1180]
[0,305,384,608,1180]
[0,73,464,608,1088,1180]
[0,73,274,431,718,1030,1180]
[0,262,305,384,464,608,1003,1088,1180]
[0,274,608,887,1180]
[0,73,305,384,431,608,718,887,987,1088,1180]
[0,274,464,608,764,1088,1180]
[0,73,431,718,1180]
[0,73,274,464,608,887,1003,1088,1180]
[0,608,1180]
[0,274,431,718,1180]
[0,464,764,1180]
[0,305,384,608,1003,1088,1180]
[0,718,1180]
[0,305,1030,1180]
[0,464,608,1003,1088,1180]
[0,73,1180]
[0,305,384,718,887,1088,1180]
[0,73,431,608,764,1088,1180]
[0,262,1180]
[0,305,718,1030,1180]
[0,274,464,608,764,1180]
[0,464,608,1088,1180]
[0,274,464,608,887,1088,1180]
[0,464,887,1180]
[0,384,608,718,887,1088,1180]
[0,384,1088,1180]
[0,305,384,608,718,887,987,1088,1180]
[0,1030,1180]
[0,262,305,384,608,1180]
[0,384,608,1003,1088,1180]
[0,431,718,1180]
[0,73,464,608,764,1088,1180]
[0,274,464,608,1180]
[0,384,608,1088,1180]
[0,274,464,608,1003,1088,1180]
[0,608,1088,1180]
[0,274,431,718,1030,1180]
[0,464,608,887,1180]
[0,431,1180]
