[0,376,606,1307,1504,1810]
[0,540,1810]
[0,223,376,1810]
[0,476,1810]
[0,81,376,606,1049,1307,1504,1810]
[0,223,376,913,1049,1307,1810]
[0,376,913,1049,1307,1504,1810]
[0,376,606,913,1049,1307,1504,1810]
[0,223,376,1307,1810]
[0,376,606,1307,1545,1810]
[0,81,223,376,1307,1810]
[0,223,376,1049,1307,1504,1810]
[0,81,1810]
[0,81,223,376,1810]
[0,1307,1810]
[0,376,1810]
[0,476,1005,1810]
[0,81,376,1810]
[0,376,606,798,1049,1307,1504,1810]
[0,376,1307,1810]
[0,223,376,913,1049,1307,1504,1810]
[0,81,224,376,1049,1307,1504,1810]
[0,1005,1810]
[0,81,376,1049,1307,1810]
[0,376,1307,1504,1810]
[0,376,606,1049,1307,1810]
[0,376,606,1307,1810]
[0,376,913,1049,1307,1810]
[0,376,606,1049,1307,1504,1810]
[0,81,223,376,606,913,1049,1307,1504,1810]
[0,223,376,606,913,1049,1307,1504,1810]
[0,81,223,376,1049,1307,1810]
[0,81,223,376,913,1049,1307,1810]
[0,81,376,606,798,1049,1307,1504,1810]
[0,224,376,1049,1307,1504,1810]
[0,376,1049,1307,1504,1810]
[0,223,376,1049,1307,1810]
[0,376,1049,1307,1810]
[0,81,376,1049,1307,1504,1810]
[0,81,223,376,913,1049,1307,1504,1810]
[0,81,376,1307,1810]
[0,223,376,606,1049,1307,1504,1810]
[0,540,1349,1810]
[0,376,1307,1545,1810]
