[0,375,622,1467,1551,1642]
[0,375,622,1331,1551,1642]
[0,375,903,1642]
[0,375,622,729,948,1172,1331,1467,1551,1642]
[0,375,622,1467,1642]
[0,278,729,948,1331,1642]
[0,278,728,903,1172,1331,1467,1642]
[0,53,375,622,728,903,1172,1331,1467,1551,1642]
[0,278,729,948,1172,1331,1642]
[0,729,1331,1642]
[0,375,622,948,1331,1642]
[0,375,622,948,1172,1331,1506,1642]
[0,278,375,622,728,903,1172,1331,1467,1642]
[0,53,375,622,728,903,1172,1331,1467,1642]
[0,278,728,1642]
[0,622,1331,1642]
[0,375,622,729,948,1172,1331,1551,1642]
[0,278,729,1331,1506,1642]
[0,375,622,1172,1331,1467,1551,1642]
[0,278,728,1172,1331,1642]
[0,728,1642]
[0,278,728,903,1172,1331,1642]
[0,375,948,1642]
[0,622,1642]
[0,375,622,1172,1331,1506,1642]
[0,375,622,728,903,1172,1331,1551,1642]
[0,622,1467,1642]
[0,278,729,948,1172,1331,1506,1642]
[0,375,622,903,1172,1331,1642]
[0,278,622,728,1331,1642]
[0,278,622,1331,1506,1642]
[0,278,622,729,960,1331,1506,1642]
[0,375,622,1642]
[0,375,622,1331,1467,1551,1642]
[0,375,622,1172,1331,1642]
[0,278,622,1467,1642]
[0,278,728,903,1331,1642]
[0,278,1642]
[0,375,903,1331,1642]
[0,278,622,728,1097,1331,1467,1642]
[0,278,729,1642]
[0,375,622,729,948,1172,1331,1506,1642]
[0,903,1642]
[0,375,622,1331,1642]
[0,278,622,728,903,1172,1331,1642]
[0,729,1642]
[0,375,622,1172,1331,1551,1642]
[0,278,622,729,948,1172,1331,1506,1642]
[0,278,729,1331,1642]
[0,375,948,1331,1642]
[0,375,622,728,903,1172,1331,1467,1551,1642]
[0,375,622,903,1172,1331,1467,1551,1642]
[0,375,622,948,1172,1331,1467,1551,1642]
[0,278,622,728,1331,1467,1642]
[0,278,728,1331,1642]
[0,278,622,729,1331,1506,1642]
[0,375,622,1331,1506,1642]
[0,375,1331,1642]
[0,278,622,1097,1331,1467,1642]
[0,948,1642]
[0,278,622,1172,1331,1642]
[0,1331,1642]
[0,278,622,1331,1642]
[0,375,622,903,1172,1331,1551,1642]
[0,278,729,960,1331,1506,1642]
[0,375,622,903,1331,1642]
[0,278,622,1642]
[0,278,622,728,903,1172,1331,1467,1642]
[0,53,375,622,728,903,1172,1331,1642]
[0,1467,1642]
[0,278,729,960,1331,1642]
[0,278,728,1331,1467,1642]
[0,278,729,1172,1331,1642]
[0,728,1331,1642]
[0,375,622,728,903,1172,1331,1467,1642]
[0,375,622,903,1172,1331,1467,1642]
[0,375,622,729,948,1172,1331,1642]
[0,375,1642]
[0,375,622,728,903,1172,1331,1642]
[0,375,622,948,1172,1331,1551,1642]
[0,278,622,1097,1331,1642]
[0,375,622,948,1172,1331,1642]
