[0,114,577,1005,1046]
[0,114,676,836,1046]
[0,114,479,524,577,676,1005,1046]
[0,114,252,358,524,577,676,1046]
[0,114,252,358,570,676,1046]
[0,114,252,358,479,524,577,676,1046]
[0,114,536,1046]
[0,536,1046]
[0,114,252,1046]
[0,114,252,358,570,676,836,996,1046]
[0,252,1046]
[0,114,252,358,479,524,577,676,836,1046]
[0,114,570,676,836,1046]
[0,114,524,577,676,836,1046]
[0,114,551,1046]
[0,252,577,1046]
[0,551,1046]
[0,114,252,524,577,676,836,1005,1046]
[0,114,570,676,1046]
[0,114,252,358,570,676,836,931,1005,1046]
[0,252,570,1046]
[0,114,252,358,577,676,836,931,1046]
[0,114,252,358,577,676,836,1046]
[0,676,836,1046]
[0,114,577,1046]
[0,114,252,358,479,524,577,676,1005,1046]
[0,114,676,1046]
[0,114,524,577,676,1005,1046]
[0,676,1046]
[0,114,358,577,676,1046]
[0,114,252,358,524,577,676,836,1046]
[0,114,252,358,570,676,996,1046]
[0,114,524,577,676,836,931,1046]
[0,114,577,676,1005,1046]
[0,114,252,577,676,836,1046]
[0,114,570,676,836,931,1046]
[0,114,524,577,676,836,931,1005,1046]
[0,114,570,676,996,1046]
[0,114,252,358,577,676,1005,1046]
[0,114,252,358,577,1046]
[0,358,676,836,1046]
[0,114,524,577,676,1046]
[0,114,358,524,577,676,1046]
[0,384,676,1046]
[0,114,252,577,676,1005,1046]
[0,114,252,577,1046]
[0,114,524,577,676,836,1005,1046]
[0,114,252,358,479,524,577,676,836,931,1046]
[0,114,536,676,1046]
[0,114,252,358,577,676,836,1005,1046]
[0,114,252,524,577,676,1005,1046]
[0,384,676,836,1046]
[0,114,252,358,479,524,577,676,836,931,1005,1046]
[0,114,358,524,577,676,836,1046]
[0,114,1005,1046]
[0,114,252,676,836,1046]
[0,252,676,836,1046]
[0,114,577,676,836,931,1046]
[0,114,1046]
[0,114,358,577,676,836,1046]
[0,114,252,570,676,836,1046]
[0,358,1046]
[0,114,570,676,836,1005,1046]
[0,114,252,358,479,524,577,676,836,1005,1046]
[0,114,384,996,1046]
[0,114,536,676,996,1046]
[0,114,358,479,524,577,676,1046]
[0,114,570,676,836,931,1005,1046]
[0,114,384,1046]
[0,384,1046]
[0,114,252,836,1046]
[0,114,358,479,524,577,676,836,1046]
[0,114,252,358,577,676,1046]
[0,114,252,358,570,676,836,1046]
[0,114,252,524,577,676,836,931,1005,1046]
[0,577,836,1046]
[0,114,676,996,1046]
[0,114,252,577,676,836,931,1046]
[0,536,676,1046]
[0,114,252,570,676,836,931,1005,1046]
[0,358,836,1046]
[0,114,252,570,676,996,1046]
[0,114,384,676,836,996,1046]
[0,114,252,577,676,1046]
[0,114,252,570,676,836,931,1046]
[0,114,577,676,836,1046]
[0,577,1046]
[0,114,252,358,676,836,1046]
[0,114,252,524,577,676,1046]
[0,114,358,676,836,1046]
[0,114,479,524,577,676,1046]
[0,114,577,676,1046]
[0,114,384,676,1046]
[0,252,836,1046]
[0,114,536,676,836,996,1046]
[0,114,358,577,1046]
[0,570,1046]
[0,114,570,676,1005,1046]
[0,114,384,676,836,1046]
[0,114,358,479,524,577,676,1005,1046]
[0,114,396,1046]
[0,396,1046]
[0,114,252,524,577,676,836,1046]
[0,114,252,524,577,676,836,931,1046]
[0,114,577,836,1046]
[0,114,536,676,836,1046]
[0,536,676,836,1046]
[0,114,570,1046]
[0,114,252,358,570,676,836,931,1046]
[0,114,836,1046]
[0,114,252,570,676,1046]
[0,836,1046]
[0,358,577,1046]
[0,114,479,524,577,676,836,1046]
[0,114,252,358,524,577,676,836,931,1046]
[0,114,384,676,996,1046]
[0,114,996,1046]
[0,114,252,570,1046]
