[0,1054,1631,2368,3431,3683,4062,4624,4758]
[0,1631,2670,4301,4758]
[0,1054,1631,3431,3683,4062,4624,4758]
[0,1091,1724,2628,3683,4039,4758]
[0,1091,1724,4039,4758]
[0,1091,1724,2628,4039,4301,4758]
[0,1631,4301,4758]
[0,1054,1631,2368,2670,3431,4062,4758]
[0,1281,2628,4301,4758]
[0,1631,2670,4758]
[0,1091,1724,2628,4301,4758]
[0,1091,1724,2628,4039,4758]
[0,1054,1631,4758]
[0,1198,4301,4758]
[0,1091,1724,2628,4758]
[0,1198,4039,4758]
[0,1054,1631,2368,4062,4758]
[0,1091,1724,2368,4039,4758]
[0,3998,4758]
[0,1054,1631,3431,4062,4758]
[0,1054,1631,4062,4758]
[0,1054,1631,2368,2670,3431,3683,4062,4624,4758]
[0,1631,4062,4758]
[0,1724,2628,4301,4758]
[0,1631,2368,3431,4062,4758]
[0,1724,2628,4039,4758]
[0,1631,4758]
[0,4039,4758]
[0,1091,1724,2628,3431,3683,4039,4301,4758]
[0,1054,1631,2368,3431,4062,4758]
[0,1091,1724,2368,3683,4039,4758]
[0,1724,2628,4758]
[0,1054,1631,2368,3683,4062,4758]
[0,1631,3431,4062,4758]
[0,1091,1724,2368,2670,3431,3683,4039,4629,4758]
[0,1054,1631,2368,2670,3431,3683,4062,4758]
[0,1054,1631,4301,4758]
[0,1754,4758]
[0,1091,1724,3431,4039,4758]
[0,1091,1724,2368,3431,3683,4039,4758]
[0,4062,4758]
[0,1091,1724,2628,3683,4039,4301,4758]
[0,1198,2628,4301,4758]
[0,1198,2628,4758]
[0,1631,2368,4758]
[0,1724,2368,4039,4758]
[0,1091,1724,2628,3431,3683,4039,4758]
[0,1054,1631,3431,3683,4062,4758]
[0,1091,1724,2368,2670,3431,3683,4039,4758]
[0,1631,2368,4062,4758]
[0,1091,1724,2368,3431,4039,4758]
[0,1054,1631,2368,2670,4062,4758]
[0,1091,1724,3431,3683,4039,4629,4758]
[0,1198,4758]
[0,1724,4758]
[0,1281,4301,4758]
[0,1091,1724,3431,3683,4039,4758]
[0,1091,1724,2368,2670,3431,4039,4758]
[0,1091,1724,2368,2670,4039,4758]
[0,1091,1724,2368,3431,3683,4039,4629,4758]
[0,4301,4758]
[0,1754,3998,4758]
[0,1724,4301,4758]
[0,1724,4039,4758]
[0,2628,4758]
[0,1054,1631,2368,3431,3683,4062,4758]
[0,1281,4758]
[0,1091,1724,2628,3431,3683,4039,4629,4758]
[0,1281,2628,4758]
