[0,222,1100,1343]
[0,257,708,830,1146,1343]
[0,708,830,1100,1343]
[0,646,1100,1162,1343]
[0,830,1343]
[0,646,708,1343]
[0,222,708,830,1100,1162,1343]
[0,222,708,830,1015,1343]
[0,257,708,830,1100,1162,1247,1343]
[0,222,646,1100,1343]
[0,257,708,830,1019,1100,1162,1247,1343]
[0,1100,1247,1343]
[0,830,1100,1247,1343]
[0,257,1343]
[0,830,1015,1247,1343]
[0,257,646,708,830,1100,1162,1247,1343]
[0,708,830,1100,1162,1343]
[0,708,830,1100,1162,1247,1343]
[0,646,708,1146,1247,1343]
[0,257,646,708,830,1146,1247,1343]
[0,708,1343]
[0,222,830,1100,1162,1343]
[0,1247,1343]
[0,222,646,708,830,1019,1100,1162,1247,1343]
[0,646,708,830,1100,1162,1247,1343]
[0,257,708,830,1100,1247,1343]
[0,222,830,1343]
[0,222,708,830,1019,1100,1162,1247,1343]
[0,257,830,1343]
[0,257,708,830,1146,1247,1343]
[0,1146,1247,1343]
[0,222,708,830,1015,1247,1343]
[0,830,1146,1343]
[0,646,1100,1343]
[0,708,830,1100,1247,1343]
[0,257,708,830,1100,1343]
[0,708,1146,1343]
[0,222,830,1015,1343]
[0,222,1146,1343]
[0,830,1100,1162,1343]
[0,222,646,1100,1162,1343]
[0,646,1146,1343]
[0,708,830,1146,1343]
[0,222,646,708,830,1015,1247,1343]
[0,1015,1343]
[0,222,830,1015,1247,1343]
[0,708,830,1019,1100,1247,1343]
[0,646,708,830,1146,1247,1343]
[0,257,830,1100,1343]
[0,222,646,708,830,1100,1162,1343]
[0,222,646,1343]
[0,1162,1343]
[0,222,708,830,1100,1162,1247,1343]
[0,830,1015,1343]
[0,1100,1343]
[0,257,830,1146,1343]
[0,222,830,1100,1343]
[0,257,708,830,1019,1100,1247,1343]
[0,222,646,708,830,1100,1162,1247,1343]
[0,222,708,830,1100,1247,1343]
[0,222,1100,1162,1343]
[0,222,708,830,1100,1343]
[0,222,1343]
[0,1146,1343]
[0,708,830,1015,1343]
[0,646,708,830,1015,1247,1343]
[0,708,830,1019,1100,1162,1247,1343]
[0,830,1146,1247,1343]
[0,257,646,708,830,1019,1100,1162,1247,1343]
[0,708,830,1343]
[0,646,708,830,1100,1162,1343]
[0,222,708,830,1019,1100,1247,1343]
[0,646,708,830,1343]
[0,646,1343]
[0,830,1100,1343]
[0,1100,1162,1343]
[0,1015,1247,1343]
[0,708,830,1015,1247,1343]
[0,646,708,830,1015,1343]
[0,646,1146,1247,1343]
[0,646,708,1100,1162,1343]
[0,708,830,1146,1247,1343]
