[0,124,287,526,681,854,1046]
[0,124,287,364,526,608,681,854,1046]
[0,287,526,681,906,1046]
[0,287,681,854,1046]
[0,123,287,526,681,906,1046]
[0,124,287,526,681,1046]
[0,287,1046]
[0,287,906,1046]
[0,124,287,526,681,906,1046]
[0,124,287,364,526,681,854,1046]
[0,124,287,364,526,681,1046]
[0,124,287,364,526,1046]
[0,287,526,681,1046]
[0,124,287,364,526,608,681,906,1046]
[0,287,364,1046]
[0,124,287,526,1046]
[0,287,526,681,854,1046]
[0,123,287,364,526,681,906,1046]
[0,287,364,526,1046]
[0,124,287,1046]
[0,123,287,364,526,608,681,906,1046]
[0,287,364,526,681,906,1046]
[0,124,287,364,526,681,906,1046]
[0,287,854,1046]
[0,124,287,906,1046]
[0,287,364,526,681,1046]
[0,287,526,1046]
