[0,987,1465]
[0,154,417,1275,1324,1465]
[0,284,861,1010,1324,1465]
[0,861,1465]
[0,414,861,1010,1465]
[0,154,417,861,1010,1465]
[0,414,645,1465]
[0,154,417,861,1275,1324,1465]
[0,598,861,1324,1465]
[0,417,861,1010,1465]
[0,414,861,1010,1324,1465]
[0,414,990,1324,1465]
[0,154,417,1324,1465]
[0,414,1465]
[0,284,1465]
[0,417,861,1010,1324,1392,1465]
[0,1010,1465]
[0,154,417,861,1010,1324,1465]
[0,284,861,1010,1465]
[0,154,417,861,1010,1324,1392,1465]
[0,417,1324,1465]
[0,417,861,1275,1324,1465]
[0,414,990,1465]
[0,414,645,990,1465]
[0,414,861,1010,1324,1392,1465]
[0,417,861,1010,1324,1465]
[0,417,861,1324,1465]
[0,990,1465]
[0,598,1324,1465]
[0,154,417,861,1324,1465]
[0,598,1465]
[0,417,1275,1324,1465]
[0,414,1324,1465]
[0,284,861,1010,1324,1392,1465]
[0,414,645,990,1324,1465]
[0,414,645,987,1265,1465]
[0,154,417,1465]
[0,154,417,861,1465]
[0,417,1465]
[0,414,987,1465]
[0,598,861,1465]
[0,417,861,1465]
[0,284,1010,1465]
[0,414,645,987,1465]
[0,414,861,1465]
