[0,474,1046,1428,1875]
[0,140,799,1428,1561,1673,1875]
[0,474,799,1046,1428,1561,1875]
[0,397,799,1046,1428,1875]
[0,419,799,1428,1875]
[0,1428,1875]
[0,1428,1561,1673,1875]
[0,419,799,1875]
[0,397,799,1046,1428,1561,1673,1875]
[0,45,397,799,1875]
[0,45,474,799,1428,1875]
[0,419,474,799,1428,1561,1700,1875]
[0,140,799,1428,1875]
[0,419,799,1428,1561,1875]
[0,140,419,799,1428,1561,1700,1875]
[0,140,397,799,1046,1428,1561,1673,1875]
[0,45,140,397,799,1428,1561,1673,1875]
[0,45,397,799,1046,1428,1561,1875]
[0,45,799,1046,1428,1561,1875]
[0,419,799,1561,1700,1875]
[0,474,799,1561,1700,1875]
[0,45,397,799,1428,1875]
[0,45,1046,1428,1561,1875]
[0,799,1046,1428,1561,1875]
[0,1673,1875]
[0,45,799,1428,1561,1700,1875]
[0,474,799,1449,1875]
[0,45,419,474,799,1428,1561,1875]
[0,799,1428,1561,1875]
[0,419,474,799,1428,1561,1875]
[0,799,1428,1561,1673,1875]
[0,45,1046,1428,1561,1673,1875]
[0,45,1046,1428,1875]
[0,397,799,1046,1428,1561,1875]
[0,1561,1673,1875]
[0,140,419,799,1700,1875]
[0,397,799,1428,1561,1875]
[0,799,1561,1700,1875]
[0,45,799,1428,1561,1673,1875]
[0,45,419,474,799,1428,1561,1700,1875]
[0,45,474,799,1428,1561,1700,1875]
[0,140,397,799,1428,1875]
[0,45,474,799,1875]
[0,474,799,1046,1428,1561,1673,1875]
[0,799,1700,1875]
[0,799,1449,1875]
[0,140,799,1428,1561,1875]
[0,45,474,799,1428,1561,1875]
[0,45,799,1046,1428,1875]
[0,474,799,1046,1428,1875]
[0,45,140,397,799,1046,1428,1561,1673,1875]
[0,45,474,799,1046,1428,1875]
[0,474,799,1875]
[0,45,799,1428,1561,1875]
[0,474,799,1428,1875]
[0,474,799,1428,1561,1700,1875]
[0,397,799,1428,1875]
[0,397,799,1428,1561,1673,1875]
[0,140,397,799,1428,1561,1875]
[0,45,140,419,474,799,1428,1561,1700,1875]
[0,45,397,799,1428,1561,1875]
[0,799,1046,1428,1875]
[0,45,474,799,1046,1428,1561,1673,1875]
[0,474,799,1428,1561,1875]
[0,140,419,799,1561,1700,1875]
[0,45,140,799,1428,1561,1673,1875]
[0,1046,1875]
[0,140,419,474,799,1428,1561,1700,1875]
[0,45,799,1046,1428,1561,1673,1875]
[0,474,799,1700,1875]
[0,799,1428,1875]
[0,140,397,799,1428,1561,1673,1875]
[0,419,799,1700,1875]
[0,1561,1875]
[0,1046,1428,1561,1673,1875]
[0,799,1428,1561,1700,1875]
[0,45,474,799,1449,1875]
[0,45,799,1875]
[0,1046,1428,1561,1875]
[0,419,799,1428,1561,1700,1875]
[0,45,474,799,1046,1428,1561,1875]
[0,1428,1561,1875]
[0,140,397,799,1046,1428,1875]
[0,140,397,799,1046,1428,1561,1875]
[0,799,1046,1428,1561,1673,1875]
[0,45,799,1428,1875]
[0,799,1875]
[0,397,799,1875]
[0,474,1046,1875]
[0,1046,1428,1875]
