[0,141,411,981,1267,1662,1911]
[0,141,877,981,1267,1662,1911]
[0,141,411,981,1267,1455,1662,1911]
[0,1401,1660,1911]
[0,411,981,1267,1455,1662,1911]
[0,141,877,981,1267,1911]
[0,1017,1660,1911]
[0,334,573,1911]
[0,1017,1911]
[0,411,1911]
[0,141,411,1401,1660,1911]
[0,411,1267,1455,1662,1911]
[0,334,972,1267,1662,1911]
[0,282,1267,1911]
[0,411,981,1267,1911]
[0,334,972,1267,1911]
[0,334,573,972,1267,1665,1911]
[0,411,1455,1911]
[0,334,573,972,1267,1662,1911]
[0,981,1911]
[0,334,411,1455,1911]
[0,141,334,573,1267,1662,1911]
[0,411,1267,1662,1911]
[0,981,1455,1662,1911]
[0,1401,1911]
[0,334,1267,1662,1911]
[0,141,1455,1662,1911]
[0,141,411,877,981,1455,1662,1911]
[0,282,411,1267,1911]
[0,141,334,411,1455,1662,1911]
[0,877,1267,1662,1911]
[0,141,334,573,972,1267,1662,1911]
[0,141,334,573,1267,1911]
[0,411,1401,1660,1911]
[0,141,334,411,1267,1911]
[0,141,334,411,1401,1911]
[0,1229,1911]
[0,141,334,411,1401,1660,1911]
[0,334,573,1267,1665,1911]
[0,334,1267,1911]
[0,411,1401,1911]
[0,141,334,411,981,1267,1662,1911]
[0,1455,1911]
[0,141,1455,1911]
[0,411,981,1455,1662,1911]
[0,334,573,1267,1911]
[0,141,411,1267,1660,1911]
[0,141,1911]
[0,141,877,1267,1911]
[0,334,1267,1665,1911]
[0,1455,1662,1911]
[0,141,411,877,1455,1662,1911]
[0,334,1017,1665,1911]
[0,981,1455,1911]
[0,334,1229,1911]
[0,282,411,1911]
[0,1267,1660,1911]
[0,141,411,1267,1662,1911]
[0,334,1455,1662,1911]
[0,411,981,1267,1662,1911]
[0,141,877,1267,1662,1911]
[0,334,1267,1660,1911]
[0,334,573,1267,1662,1911]
[0,411,877,1455,1911]
[0,141,334,573,1911]
[0,141,334,411,877,981,1267,1662,1911]
[0,1267,1662,1911]
[0,334,411,1455,1662,1911]
[0,141,334,411,877,981,1455,1662,1911]
[0,141,334,573,972,1267,1665,1911]
[0,334,1911]
[0,141,411,1911]
[0,411,877,1455,1662,1911]
[0,1267,1911]
[0,141,1267,1911]
[0,334,1017,1911]
[0,877,1455,1911]
[0,877,1455,1662,1911]
[0,334,1455,1911]
[0,411,1267,1660,1911]
[0,334,411,1267,1660,1911]
[0,981,1267,1911]
[0,141,334,411,877,1455,1662,1911]
[0,141,1401,1911]
[0,141,411,1267,1911]
[0,141,411,877,981,1267,1662,1911]
[0,411,1455,1662,1911]
[0,877,1911]
[0,141,573,1911]
[0,282,411,1267,1665,1911]
[0,411,1267,1911]
[0,334,411,1911]
[0,981,1267,1662,1911]
[0,141,334,411,877,981,1267,1455,1662,1911]
[0,141,411,1455,1662,1911]
[0,141,1267,1662,1911]
[0,141,877,981,1455,1662,1911]
[0,282,1267,1665,1911]
[0,411,981,1455,1911]
[0,981,1267,1455,1662,1911]
[0,334,411,1267,1911]
[0,141,411,1401,1911]
[0,141,411,877,981,1267,1455,1662,1911]
[0,141,334,411,1267,1662,1911]
[0,334,972,1267,1665,1911]
[0,573,1911]
[0,877,1267,1911]
[0,1267,1455,1662,1911]
[0,141,411,1267,1455,1662,1911]
[0,141,334,411,1267,1660,1911]
[0,141,1401,1660,1911]
[0,141,334,411,1911]
[0,141,334,573,1267,1665,1911]
[0,282,1911]
[0,141,877,1455,1662,1911]
