[0,313,1810]
[0,880,1062,1498,1579,1810]
[0,585,880,1062,1810]
[0,383,1810]
[0,383,880,1062,1498,1579,1810]
[0,880,1810]
[0,880,1062,1677,1810]
[0,266,585,1062,1810]
[0,383,1062,1810]
[0,266,383,880,1062,1810]
[0,383,880,1062,1810]
[0,266,585,1810]
[0,383,1062,1498,1810]
[0,880,1062,1498,1579,1765,1810]
[0,585,880,1062,1498,1637,1810]
[0,383,880,1062,1498,1579,1765,1810]
[0,266,585,880,1062,1810]
[0,585,1810]
[0,383,880,1062,1677,1810]
[0,266,383,880,1062,1677,1810]
[0,585,880,1062,1677,1810]
[0,908,1810]
[0,313,908,1810]
[0,880,1062,1498,1810]
[0,585,1062,1498,1810]
[0,41,383,880,1062,1498,1637,1810]
[0,266,383,880,1062,1498,1810]
[0,880,1498,1810]
[0,1062,1810]
[0,880,1062,1810]
[0,585,1062,1810]
[0,880,1062,1498,1637,1810]
[0,266,383,880,1062,1498,1579,1810]
[0,383,880,1062,1498,1637,1810]
[0,383,880,1062,1498,1810]
[0,585,880,1062,1498,1810]
