[0,3079,3872,4758]
[0,2225,3872,4758]
[0,3079,4758]
[0,603,1305,2311,3079,3872,4758]
[0,241,603,1305,2311,2445,3872,4758]
[0,3083,4758]
[0,1732,3079,3872,4758]
[0,415,1732,3094,3872,4504,4758]
[0,603,2225,2582,4758]
[0,1732,3094,3872,4758]
[0,241,603,1305,3872,4758]
[0,241,603,1305,2311,2445,4758]
[0,241,603,1305,2311,2445,3872,4504,4758]
[0,603,1305,3872,4758]
[0,603,1732,2582,4758]
[0,415,1732,3094,3872,4758]
[0,603,1732,2225,3079,3872,4504,4758]
[0,603,1732,2225,2582,3094,3872,4758]
[0,1305,2311,3079,4758]
[0,241,603,1732,4758]
[0,1218,1732,2445,3094,3909,4758]
[0,603,1732,2225,2582,3872,4504,4758]
[0,1732,2445,3909,4758]
[0,241,603,1732,3094,3872,4504,4758]
[0,241,603,1305,3079,4758]
[0,566,3094,3909,4758]
[0,241,1732,3079,3872,4758]
[0,241,603,1305,2445,4758]
[0,603,1732,2225,2582,3079,3872,4504,4758]
[0,603,1305,3079,4758]
[0,241,603,1732,3079,3872,4504,4758]
[0,603,1305,2445,4758]
[0,241,603,1305,2311,3079,3872,4758]
[0,603,1305,4758]
[0,3909,4758]
[0,603,1732,2225,2582,3079,3872,4758]
[0,241,603,2225,2582,3872,4504,4758]
[0,241,603,1305,2445,3872,4504,4758]
[0,241,3079,3872,4758]
[0,241,603,1305,2445,3318,4758]
[0,1218,1732,2445,3909,4758]
[0,1732,3872,4758]
[0,2311,3079,4758]
[0,415,1732,2445,3094,3909,4758]
[0,1305,3079,4758]
[0,241,603,1305,2311,3079,4758]
[0,3094,3909,4758]
[0,1305,2445,4758]
[0,241,603,4758]
[0,241,603,2225,2582,4758]
[0,241,603,1305,3079,3872,4758]
[0,603,1732,2225,2582,3872,4758]
[0,241,603,1305,2311,2445,3079,3318,3872,4758]
[0,415,1732,2445,4758]
[0,241,603,2311,4758]
[0,603,1305,3079,3872,4504,4758]
[0,241,603,1305,4758]
[0,3079,3872,4504,4758]
[0,1732,3079,4758]
[0,2311,3079,3872,4504,4758]
[0,1732,2445,4758]
[0,566,1647,3094,3909,4758]
[0,603,1305,3079,3872,4758]
[0,415,1732,2445,3094,3872,4504,4758]
[0,702,3083,4758]
[0,241,2311,3079,3872,4504,4758]
[0,603,2225,4758]
[0,603,1305,2311,3079,4758]
[0,241,603,1305,2311,2445,3079,3318,3872,4504,4758]
[0,603,1732,3094,3872,4758]
[0,241,603,1732,2225,3079,3872,4504,4758]
[0,241,603,1732,3872,4758]
[0,241,3079,3872,4504,4758]
[0,2311,4758]
[0,1732,3094,3872,4504,4758]
[0,2582,4758]
[0,1305,2445,3318,4758]
[0,1732,4758]
[0,2225,4758]
[0,702,4758]
[0,241,603,1305,3079,3872,4504,4758]
[0,1732,2445,3094,3872,4758]
[0,603,1732,2225,3094,3872,4758]
[0,603,1732,3872,4758]
[0,603,1732,3079,3872,4758]
[0,241,603,1305,2311,3079,3872,4504,4758]
[0,1305,3079,3872,4758]
[0,1732,2582,4758]
[0,2311,3079,3872,4758]
[0,241,603,1305,2445,3872,4758]
[0,1732,3909,4758]
[0,1647,3094,3909,4758]
[0,603,1305,2445,3318,4758]
[0,241,603,1732,3079,3872,4758]
[0,603,3872,4758]
[0,241,4758]
[0,1647,4758]
[0,241,603,1305,2311,2445,3079,3872,4504,4758]
[0,603,1732,4758]
[0,241,603,2225,2582,3872,4758]
[0,241,603,1305,2311,3079,3318,3872,4504,4758]
[0,3094,3872,4758]
[0,3872,4758]
[0,241,603,1305,3079,3318,4758]
[0,415,1218,1732,2445,3094,3909,4758]
[0,603,4758]
[0,603,1732,3079,3872,4504,4758]
[0,603,1305,2311,3079,3872,4504,4758]
[0,241,603,1305,3079,3318,3872,4504,4758]
[0,241,603,1305,2311,2445,3318,4758]
[0,2445,4758]
[0,1305,4758]
[0,603,1732,3094,3872,4504,4758]
[0,2582,3872,4758]
[0,1732,3079,3903,4758]
[0,241,603,1732,2225,2582,3094,3872,4504,4758]
[0,1305,2445,3872,4758]
[0,241,603,1305,3079,3318,3872,4758]
[0,1647,3909,4758]
[0,415,1732,2445,3909,4758]
[0,1732,2445,3094,3909,4758]
[0,241,603,1732,2225,2582,3079,3872,4504,4758]
[0,603,1305,2445,3872,4504,4758]
[0,603,3432,4758]
[0,603,2225,3872,4758]
[0,241,603,2311,2445,4758]
[0,603,1732,2225,3079,3872,4758]
[0,241,603,1305,2311,2445,3079,3318,4758]
[0,603,1732,3079,4758]
[0,1732,2582,3872,4758]
[0,2445,3872,4758]
[0,603,1732,2582,3872,4758]
[0,241,603,2225,4758]
[0,241,603,1305,2311,3079,3318,4758]
[0,241,603,1732,2225,2582,3872,4504,4758]
[0,3432,4758]
[0,603,1305,2445,3872,4758]
[0,603,1732,2225,2582,3094,3872,4504,4758]
[0,241,2311,3079,3872,4758]
[0,603,2225,2582,3872,4758]
[0,603,2311,4758]
[0,1305,3872,4758]
[0,241,3872,4758]
[0,1305,2311,3079,3872,4758]
[0,241,603,1305,2311,3079,3318,3872,4758]
[0,241,603,1732,3094,3872,4758]
[0,415,1732,2445,3094,3872,4758]
[0,603,1732,3079,3903,4758]
[0,603,2225,2582,3872,4504,4758]
