[0,841,1980,2246,2554]
[0,841,1774,2554]
[0,127,437,841,1774,1980,2174,2246,2554]
[0,1774,1980,2273,2554]
[0,127,437,841,1291,1787,1980,2246,2554]
[0,127,2246,2554]
[0,127,1774,1980,2246,2554]
[0,841,1787,1980,2246,2554]
[0,127,437,841,1291,1676,1787,1980,2246,2554]
[0,437,841,1787,1980,2246,2554]
[0,841,1787,2273,2554]
[0,437,841,1291,1787,2554]
[0,437,841,1774,1980,2410,2554]
[0,437,841,1787,2273,2554]
[0,437,841,1291,1787,1980,2246,2554]
[0,1774,2554]
[0,437,841,1291,1787,2273,2554]
[0,1787,2273,2554]
[0,127,437,841,1774,1980,2246,2554]
[0,437,841,1774,2554]
[0,127,2554]
[0,127,1774,2554]
[0,437,1833,2554]
[0,127,437,841,1700,1774,1980,2410,2554]
[0,127,437,841,1676,1787,1980,2246,2554]
[0,437,1787,1980,2246,2554]
[0,437,841,1774,2273,2554]
[0,127,841,1774,1980,2554]
[0,437,841,1291,1980,2246,2554]
[0,127,437,841,1676,1787,1980,2174,2273,2554]
[0,1774,2174,2554]
[0,127,1787,2554]
[0,437,1774,1980,2554]
[0,437,1980,2554]
[0,437,1291,2554]
[0,437,1980,2273,2554]
[0,841,1774,1980,2554]
[0,127,1774,2174,2246,2554]
[0,127,1774,1980,2273,2554]
[0,1291,2554]
[0,437,841,1787,1980,2273,2554]
[0,437,1833,2246,2554]
[0,127,437,841,1291,1676,1787,1980,2174,2273,2554]
[0,127,841,1774,1980,2174,2246,2554]
[0,437,1980,2246,2554]
[0,437,841,1291,2554]
[0,127,437,841,1700,1774,1980,2246,2554]
[0,437,841,2246,2554]
[0,841,1787,2554]
[0,841,1787,1980,2273,2554]
[0,127,437,841,1291,1676,1787,1980,2273,2554]
[0,437,841,1980,2246,2554]
[0,127,1774,2174,2554]
[0,841,1774,1980,2273,2554]
[0,127,2174,2246,2554]
[0,841,2554]
[0,127,437,841,1774,1980,2554]
[0,1980,2246,2554]
[0,437,841,1291,1787,1980,2273,2554]
[0,1774,1980,2246,2554]
[0,437,1291,1787,2554]
[0,437,841,2554]
[0,1291,1787,2554]
[0,437,1774,2554]
[0,127,437,841,1787,1980,2174,2273,2554]
[0,127,841,1787,1980,2273,2554]
[0,127,437,841,1774,1980,2273,2554]
[0,127,437,841,1700,1774,1980,2174,2246,2554]
[0,127,1774,1980,2554]
[0,127,841,1774,1980,2273,2554]
[0,1787,1980,2273,2554]
[0,1787,2554]
[0,841,1774,1980,2246,2554]
[0,127,1787,1980,2554]
[0,127,437,841,1676,1787,1980,2273,2554]
[0,437,1787,1980,2273,2554]
[0,127,437,841,1787,1980,2273,2554]
[0,437,1787,2554]
[0,1787,1980,2554]
[0,841,1774,2273,2554]
[0,841,2246,2554]
[0,437,841,1787,2554]
[0,127,841,1787,1980,2246,2554]
[0,1774,2273,2554]
[0,2174,2246,2554]
[0,1833,2554]
[0,437,841,1774,1980,2273,2554]
[0,127,841,1774,1980,2246,2554]
[0,1787,1980,2246,2554]
[0,437,2273,2554]
[0,437,841,1774,1980,2554]
[0,437,1774,1980,2273,2554]
[0,437,2554]
[0,127,1787,1980,2273,2554]
[0,1774,1980,2554]
[0,1980,2554]
[0,437,841,1291,2246,2554]
[0,437,1787,1980,2554]
[0,2246,2554]
[0,437,841,1774,1980,2246,2554]
[0,127,1774,1980,2174,2246,2554]
[0,127,437,841,1291,1787,1980,2273,2554]
[0,2083,2554]
[0,127,437,841,1787,1980,2246,2554]
[0,437,2246,2554]
[0,437,1774,1980,2246,2554]
[0,127,437,841,1774,1980,2410,2554]
[0,437,2083,2554]
[0,127,1787,1980,2246,2554]
