[0,332,672,862,979,1180]
[0,332,543,622,862,979,1180]
[0,332,383,805,862,979,1180]
[0,332,672,862,979,1026,1110,1180]
[0,332,672,1180]
[0,332,622,862,1180]
[0,332,383,543,622,805,862,979,1110,1180]
[0,97,332,622,1026,1180]
[0,97,332,622,862,1026,1180]
[0,317,672,1180]
[0,332,383,543,622,805,862,979,1026,1110,1180]
[0,332,423,672,862,979,1110,1180]
[0,332,543,622,805,862,979,1180]
[0,332,543,805,862,979,1180]
[0,332,543,805,862,979,1026,1180]
[0,332,672,862,1180]
[0,332,543,979,1180]
[0,332,622,1026,1180]
[0,672,1180]
[0,332,423,672,862,979,1026,1110,1180]
[0,332,543,622,805,862,979,1110,1180]
[0,332,862,979,1180]
[0,332,622,862,1026,1180]
[0,332,979,1180]
[0,332,543,1180]
[0,332,805,862,979,1180]
[0,332,622,1180]
[0,317,1180]
[0,332,423,672,862,979,1180]
[0,332,543,622,805,862,979,1026,1110,1180]
[0,332,543,622,805,862,979,1026,1180]
[0,332,1180]
[0,97,332,622,1180]
[0,332,672,862,979,1110,1180]
[0,332,383,543,622,805,862,979,1180]
[0,332,543,622,862,979,1110,1180]
[0,332,543,862,979,1180]
[0,332,672,862,979,1026,1180]
[0,332,805,862,979,1026,1180]
