[0,1122,2211]
[0,43,507,900,1330,1671,1763,2149,2211]
[0,507,902,1122,1671,2211]
[0,507,2149,2211]
[0,507,1330,1898,2211]
[0,43,507,1763,2211]
[0,507,1898,2211]
[0,507,1671,2211]
[0,43,507,902,1540,1671,2149,2211]
[0,900,1122,1330,1671,1763,2149,2211]
[0,507,1330,2211]
[0,78,507,902,1122,1540,1671,2149,2211]
[0,43,507,1671,2149,2211]
[0,902,1122,1540,1671,2149,2211]
[0,78,507,902,2071,2211]
[0,43,900,1122,2149,2211]
[0,507,1422,2211]
[0,507,1330,1898,2104,2211]
[0,507,2071,2211]
[0,902,1122,1671,2071,2211]
[0,78,507,902,1122,1330,1898,2104,2211]
[0,507,900,1122,1330,1671,1926,2211]
[0,900,1122,1330,1671,1926,2211]
[0,1671,2149,2211]
[0,43,507,900,1122,1330,1671,1763,2149,2211]
[0,900,1122,2149,2211]
[0,43,507,900,1330,1671,1926,2211]
[0,507,1540,1671,2149,2211]
[0,1422,2211]
[0,902,1122,2071,2211]
[0,507,1122,2211]
[0,902,1540,1671,2149,2211]
[0,78,507,1671,2149,2211]
[0,1926,2211]
[0,507,902,1330,1898,2211]
[0,507,1507,2211]
[0,78,507,902,1122,1671,2071,2211]
[0,507,900,1330,1671,1926,2211]
[0,507,902,1122,1330,1898,2104,2211]
[0,507,902,1330,2211]
[0,1507,2211]
[0,78,507,2071,2211]
[0,237,1422,2211]
[0,900,1330,1671,1926,2211]
[0,900,2149,2211]
[0,507,902,1122,1540,1671,2149,2211]
[0,507,902,1122,1671,2071,2211]
[0,900,1122,1540,1671,2149,2211]
[0,507,900,1122,1330,1671,2211]
[0,43,900,1926,2211]
[0,902,1122,2211]
[0,507,1763,2211]
[0,1122,1671,2211]
[0,507,902,1122,2211]
[0,78,507,1330,1898,2104,2211]
[0,78,507,1540,1671,2149,2211]
[0,507,900,1122,1330,1671,1763,2211]
[0,507,1330,1926,2211]
[0,1671,2211]
[0,78,507,902,1330,1898,2104,2211]
[0,900,1330,2149,2211]
[0,900,1330,1671,2211]
[0,507,1122,2015,2211]
[0,1104,1422,2211]
[0,78,507,2211]
[0,43,900,1330,2149,2211]
[0,507,900,1122,1540,1671,2149,2211]
[0,78,507,1330,1671,2071,2211]
[0,43,507,902,1122,1540,1671,2149,2211]
[0,43,900,1330,1926,2211]
[0,2071,2211]
[0,43,900,1330,1671,2149,2211]
[0,507,1671,2149,2211]
[0,507,900,1330,1671,2211]
[0,78,507,1671,2211]
[0,43,507,1330,1671,1926,2211]
[0,507,900,1330,1926,2211]
[0,900,1330,1926,2211]
[0,237,1422,2015,2211]
[0,43,900,1330,1671,1763,2149,2211]
[0,902,1898,2211]
[0,902,1330,1898,2104,2211]
[0,43,900,1122,1671,2149,2211]
[0,902,1330,2211]
[0,507,902,1671,2211]
[0,902,1330,1898,2211]
[0,507,900,1330,1671,1763,2211]
[0,78,507,1898,2104,2211]
[0,507,900,1330,1671,1763,2149,2211]
[0,902,1122,1540,1671,2211]
[0,507,1122,1422,2211]
[0,43,507,2211]
[0,78,507,1671,2071,2211]
[0,507,902,1540,1671,2149,2211]
[0,902,2071,2211]
[0,507,900,1122,1540,1671,2211]
[0,507,1330,1671,2211]
[0,507,902,2071,2211]
[0,900,1330,2211]
[0,902,1122,1671,2211]
[0,1540,1671,2211]
[0,507,1330,1763,2211]
[0,900,1122,1330,1671,1763,2211]
[0,507,902,2211]
[0,900,1122,1540,1671,2211]
[0,900,1926,2211]
[0,78,507,1122,1422,2015,2211]
[0,78,507,902,1540,1671,2149,2211]
[0,1422,2015,2211]
[0,900,1122,2211]
[0,507,1898,2104,2211]
[0,900,1122,1671,2211]
[0,43,507,2149,2211]
[0,900,2211]
[0,507,900,1330,2211]
[0,507,900,1122,1671,2211]
[0,902,2211]
[0,78,507,902,1122,1540,1671,2211]
[0,900,1122,1330,1671,2211]
[0,507,1122,1671,2211]
[0,902,1671,2211]
[0,78,507,2104,2211]
[0,43,507,1330,1926,2211]
[0,43,507,1926,2211]
[0,237,1104,1422,2211]
[0,43,507,1540,1671,2149,2211]
[0,900,1330,1671,1763,2211]
[0,78,507,1122,2015,2211]
[0,43,900,1330,1671,1926,2211]
[0,2015,2211]
[0,2149,2211]
[0,507,1671,2071,2211]
[0,507,902,1122,2071,2211]
[0,507,1330,1671,2071,2211]
[0,507,1330,1671,1926,2211]
[0,900,1330,1671,1763,2149,2211]
[0,1898,2211]
[0,507,1540,1671,2211]
[0,507,1926,2211]
[0,507,2211]
[0,43,900,1122,1540,1671,2149,2211]
[0,1330,2211]
[0,900,1671,2211]
[0,78,507,2015,2211]
[0,900,1122,1671,2149,2211]
[0,507,900,2211]
[0,507,902,1540,1671,2211]
[0,237,1104,1422,2015,2211]
[0,507,902,1330,1898,2104,2211]
[0,507,2104,2211]
[0,43,507,900,1122,1330,1671,1926,2211]
[0,507,902,1122,1330,1898,2211]
[0,78,507,2149,2211]
[0,507,900,1122,1330,1671,1763,2149,2211]
[0,900,1330,1671,2149,2211]
[0,78,507,902,1122,2071,2211]
[0,78,507,902,1540,1671,2211]
[0,507,1122,1422,2015,2211]
[0,902,1540,1671,2211]
[0,2104,2211]
[0,1540,1671,2149,2211]
[0,78,507,1540,1671,2211]
[0,43,507,900,1122,1540,1671,2149,2211]
[0,43,900,2149,2211]
[0,507,902,1122,1540,1671,2211]
[0,507,900,1671,2211]
[0,507,2015,2211]
