[0,469,897,2024,2374,2956]
[0,469,897,1690,1920,2516,2956]
[0,225,469,897,2516,2956]
[0,469,1920,2516,2956]
[0,1920,2956]
[0,469,897,1920,2516,2956]
[0,469,897,2024,2956]
[0,469,1690,2956]
[0,469,2374,2956]
[0,225,469,897,2024,2374,2956]
[0,469,897,2956]
[0,225,469,897,1920,2374,2516,2956]
[0,469,897,2374,2516,2956]
[0,2516,2956]
[0,469,1690,2516,2956]
[0,469,2024,2956]
[0,225,469,897,1034,2374,2516,2956]
[0,469,2024,2516,2956]
[0,225,469,897,1920,2516,2956]
[0,469,1920,2956]
[0,469,897,1690,2516,2956]
[0,225,469,897,1690,1920,2516,2956]
[0,469,897,2024,2516,2956]
[0,225,469,897,1034,1920,2374,2516,2956]
[0,469,2956]
[0,225,469,897,2374,2516,2956]
[0,1690,2956]
[0,225,469,897,1690,2516,2956]
[0,225,469,897,2024,2956]
[0,225,469,897,1690,1920,2374,2516,2956]
[0,225,469,897,1034,1690,1920,2374,2516,2956]
[0,469,897,1034,2374,2516,2956]
[0,469,897,2516,2956]
[0,469,2516,2956]
[0,225,469,897,2024,2374,2516,2956]
[0,469,2374,2516,2956]
[0,225,469,897,2024,2516,2956]
[0,2374,2956]
[0,2024,2956]
[0,469,897,1920,2374,2516,2956]
[0,225,469,897,2956]
[0,2374,2516,2956]
