[0,1340,2211]
[0,1493,2070,2211]
[0,177,809,1397,2070,2211]
[0,1397,2211]
[0,2070,2119,2211]
[0,1397,1504,1583,1962,2070,2211]
[0,1264,1504,2070,2211]
[0,809,1264,1504,2211]
[0,177,809,1397,1504,2070,2211]
[0,177,1493,2070,2211]
[0,177,1340,1532,2070,2211]
[0,1397,1504,2070,2119,2211]
[0,177,809,1264,1504,2070,2211]
[0,1397,1504,1962,2070,2211]
[0,1397,1504,1583,1962,2070,2119,2211]
[0,1264,2070,2211]
[0,177,809,1264,1397,1504,1583,2070,2211]
[0,1340,1532,2070,2211]
[0,2070,2211]
[0,177,809,1264,2211]
[0,1484,2070,2211]
[0,177,1397,1504,1583,2070,2211]
[0,177,2211]
[0,1264,2211]
[0,177,809,1264,1504,1583,2070,2211]
[0,1493,2211]
[0,1397,2070,2119,2211]
[0,177,1264,2070,2211]
[0,177,1264,1504,2070,2211]
[0,177,1340,2211]
[0,177,1264,1504,1583,2070,2211]
[0,809,1264,2211]
[0,177,1397,2211]
[0,1340,2070,2211]
[0,1264,1504,2211]
[0,1397,1504,2070,2211]
[0,1484,2211]
[0,177,1264,1504,2211]
[0,177,1397,2070,2211]
[0,177,1340,1532,2211]
[0,1264,1504,1583,2070,2211]
[0,177,809,1264,2070,2211]
[0,177,2070,2211]
[0,1340,1532,2211]
[0,1397,1504,1583,2070,2211]
[0,1397,1504,1583,2070,2119,2211]
[0,177,809,1264,1504,2211]
[0,177,809,1397,2211]
[0,1397,1962,2070,2211]
[0,177,809,1397,1504,1583,2070,2211]
[0,177,1493,2211]
[0,809,1397,2211]
[0,177,809,1264,1397,1504,2070,2211]
[0,177,1264,2211]
[0,1397,2070,2211]
[0,177,1397,1504,2070,2211]
