[0,335,1456,1683,1911]
[0,335,548,1504,1683,1911]
[0,335,548,1203,1281,1504,1683,1911]
[0,335,1504,1683,1911]
[0,1504,1683,1911]
[0,1281,1911]
[0,335,923,1504,1911]
[0,680,1911]
[0,335,548,1683,1911]
[0,335,923,1281,1504,1911]
[0,548,1911]
[0,335,548,1203,1281,1504,1683,1852,1911]
[0,335,1281,1911]
[0,335,548,1911]
[0,335,680,1911]
[0,923,1504,1911]
[0,335,548,923,1683,1911]
[0,548,1683,1911]
[0,1456,1683,1911]
[0,335,548,680,923,1504,1683,1852,1911]
[0,335,1281,1683,1911]
[0,335,548,680,923,1504,1683,1911]
[0,335,548,680,923,1203,1281,1504,1683,1852,1911]
[0,548,1281,1683,1911]
[0,335,548,680,1504,1683,1911]
[0,335,1683,1911]
[0,335,680,1281,1911]
[0,335,923,1504,1683,1911]
[0,335,923,1203,1281,1504,1683,1911]
[0,548,1504,1911]
[0,335,923,1281,1504,1683,1911]
[0,335,1456,1911]
[0,335,680,1281,1683,1911]
[0,335,923,1203,1281,1504,1683,1852,1911]
[0,335,548,1281,1504,1911]
[0,335,548,1504,1911]
[0,335,1281,1504,1911]
[0,680,1281,1911]
[0,1456,1911]
[0,335,548,923,1504,1683,1911]
[0,335,548,680,923,1203,1281,1504,1683,1911]
[0,335,548,923,1281,1504,1683,1911]
[0,335,548,680,1504,1683,1852,1911]
[0,923,1911]
[0,335,548,1504,1683,1852,1911]
[0,335,923,1456,1683,1911]
[0,335,923,1911]
[0,335,923,1251,1456,1683,1911]
[0,335,680,1683,1911]
[0,335,923,1281,1504,1683,1852,1911]
[0,1504,1911]
[0,548,1281,1911]
[0,335,548,923,1281,1504,1683,1852,1911]
[0,335,923,1683,1911]
[0,335,548,923,1281,1504,1911]
[0,335,1911]
[0,335,1504,1911]
[0,335,548,1281,1504,1683,1852,1911]
[0,335,548,1281,1504,1683,1911]
[0,335,548,680,923,1281,1504,1683,1911]
[0,335,923,1504,1683,1852,1911]
[0,335,548,680,923,1281,1504,1683,1852,1911]
[0,335,923,1251,1456,1683,1852,1911]
