[0,421,532,1249]
[0,532,920,1010,1105,1249]
[0,211,421,654,1010,1105,1249]
[0,60,211,421,654,920,1010,1105,1249]
[0,421,532,1105,1249]
[0,211,1249]
[0,211,421,654,920,1105,1249]
[0,211,1010,1105,1249]
[0,532,1249]
[0,60,211,1105,1249]
[0,211,421,654,920,1010,1105,1249]
[0,654,1010,1105,1249]
[0,60,1105,1249]
[0,211,654,1010,1105,1249]
[0,211,920,1010,1105,1249]
[0,60,421,1105,1249]
[0,211,654,1249]
[0,211,421,654,1105,1249]
[0,60,211,421,532,920,1010,1105,1150,1249]
[0,421,532,1010,1105,1249]
[0,211,532,1105,1249]
[0,60,211,421,532,920,1010,1105,1249]
[0,211,421,654,920,1249]
[0,654,1105,1249]
[0,211,421,654,1249]
[0,654,920,1249]
[0,211,421,532,1105,1249]
[0,421,654,1010,1105,1249]
[0,60,421,532,920,1010,1105,1150,1249]
[0,60,421,532,1249]
[0,60,211,421,654,1105,1249]
[0,60,1010,1105,1249]
[0,60,421,1249]
[0,532,1010,1105,1249]
[0,60,211,421,654,920,1105,1249]
[0,421,654,920,1249]
[0,421,654,920,1010,1105,1249]
[0,920,1249]
[0,1010,1249]
[0,60,421,532,920,1010,1105,1249]
[0,211,654,1105,1249]
[0,421,532,920,1010,1105,1249]
[0,60,920,1010,1105,1249]
[0,60,211,654,920,1010,1105,1249]
[0,532,1105,1249]
[0,421,654,1249]
[0,421,1105,1249]
[0,60,211,532,1105,1249]
[0,60,421,532,1010,1105,1249]
[0,60,421,532,1105,1249]
[0,211,1105,1249]
[0,60,211,654,1105,1249]
[0,211,654,920,1010,1105,1249]
[0,211,421,532,920,1010,1105,1249]
[0,60,211,920,1010,1105,1249]
[0,211,421,532,1010,1105,1249]
[0,1010,1105,1249]
[0,654,920,1010,1105,1249]
[0,421,654,1105,1249]
[0,421,654,920,1105,1249]
[0,920,1010,1105,1249]
[0,421,1249]
[0,60,1249]
[0,211,532,1249]
[0,654,1249]
[0,1105,1249]
