[0,342,1041,1651]
[0,812,1273,1651]
[0,342,812,1273,1651]
[0,127,342,506,670,812,940,1041,1273,1350,1651]
[0,342,506,1651]
[0,945,1651]
[0,342,812,1041,1273,1651]
[0,342,506,940,1041,1651]
[0,342,506,812,1651]
[0,342,564,1603,1651]
[0,127,342,506,670,812,940,1041,1273,1350,1603,1651]
[0,342,506,940,1041,1273,1350,1651]
[0,127,342,506,940,1651]
[0,342,506,812,940,1041,1651]
[0,342,506,812,940,1041,1273,1350,1603,1651]
[0,342,506,670,812,1041,1651]
[0,940,1651]
[0,127,342,506,940,1350,1651]
[0,127,342,670,940,1651]
[0,812,1651]
[0,342,506,670,812,1041,1350,1651]
[0,342,564,945,1603,1651]
[0,342,1041,1350,1651]
[0,127,342,506,940,1041,1273,1350,1651]
[0,342,506,812,1041,1651]
[0,342,670,812,1041,1273,1651]
[0,812,1041,1651]
[0,127,342,670,812,1041,1651]
[0,342,670,940,1041,1603,1651]
[0,127,342,545,670,812,1041,1651]
[0,342,670,940,1273,1651]
[0,127,342,506,940,1041,1350,1651]
[0,342,670,1651]
[0,127,342,545,670,940,1041,1273,1603,1651]
[0,945,1293,1651]
[0,127,342,670,812,940,1041,1603,1651]
[0,342,564,1651]
[0,342,670,940,1651]
[0,342,506,940,1350,1651]
[0,127,342,545,670,940,1041,1603,1651]
[0,342,940,1273,1651]
[0,127,342,670,812,940,1041,1651]
[0,342,940,1350,1651]
[0,127,342,545,670,940,1273,1651]
[0,342,506,670,812,940,1041,1273,1350,1651]
[0,1273,1651]
[0,127,342,545,670,812,940,1041,1273,1651]
[0,342,527,940,1041,1651]
[0,342,670,940,1041,1651]
[0,342,670,812,940,1041,1651]
[0,670,812,1651]
[0,342,564,940,1041,1603,1651]
[0,127,342,545,670,812,940,1041,1651]
[0,342,506,670,812,940,1041,1651]
[0,127,342,506,670,812,940,1041,1350,1651]
[0,342,812,1041,1350,1651]
[0,127,342,545,670,940,1041,1651]
[0,127,342,545,670,812,940,1041,1273,1603,1651]
[0,127,342,670,812,1041,1273,1651]
[0,342,564,945,1651]
[0,342,812,1651]
[0,342,564,945,1293,1651]
[0,342,945,1293,1651]
[0,342,527,940,1041,1603,1651]
[0,127,342,506,940,1041,1273,1350,1603,1651]
[0,127,342,506,670,812,1041,1350,1651]
[0,127,342,670,940,1041,1651]
[0,342,940,1041,1651]
[0,342,564,940,1041,1651]
[0,342,527,940,1651]
[0,342,812,1041,1651]
[0,342,506,670,812,940,1041,1273,1350,1603,1651]
[0,1041,1651]
[0,342,564,940,1651]
[0,342,1273,1651]
[0,342,527,1651]
[0,342,506,940,1041,1273,1350,1603,1651]
[0,342,670,812,940,1041,1603,1651]
[0,342,670,812,1041,1651]
[0,342,506,670,812,940,1041,1350,1651]
[0,127,342,545,670,812,1041,1273,1651]
[0,127,342,545,670,940,1651]
[0,342,1603,1651]
[0,940,1041,1651]
[0,342,945,1651]
[0,342,506,812,1041,1350,1651]
[0,342,506,812,940,1041,1350,1651]
[0,127,342,545,670,940,1041,1273,1651]
[0,127,342,670,940,1041,1603,1651]
[0,342,564,945,1293,1603,1651]
[0,342,506,940,1041,1350,1651]
[0,1260,1651]
[0,342,506,940,1651]
[0,342,670,812,1651]
[0,342,1651]
[0,342,1273,1603,1651]
[0,127,342,545,670,812,940,1041,1603,1651]
[0,127,342,670,940,1273,1651]
[0,342,506,812,940,1041,1273,1350,1651]
[0,342,940,1651]
