[0,56,462,796,897,1327]
[0,462,631,696,796,897,1327]
[0,84,462,796,897,1327]
[0,631,897,1327]
[0,56,351,462,631,796,897,1327]
[0,462,631,1327]
[0,56,462,696,897,1327]
[0,84,462,696,1327]
[0,351,462,796,1327]
[0,351,462,631,1327]
[0,796,897,1327]
[0,462,631,796,897,1327]
[0,84,462,896,1327]
[0,56,351,462,796,897,1327]
[0,896,1327]
[0,462,796,897,1327]
[0,84,1327]
[0,351,462,631,897,1327]
[0,462,696,1327]
[0,195,462,796,1327]
[0,56,462,1327]
[0,56,195,462,796,897,1327]
[0,351,462,631,796,897,1327]
[0,56,462,696,1327]
[0,462,1327]
[0,462,896,1327]
[0,462,696,897,1327]
[0,462,631,897,1327]
[0,462,696,897,1072,1327]
[0,56,351,462,631,696,796,897,1327]
[0,195,462,796,897,1327]
[0,796,1327]
[0,631,1327]
[0,351,462,631,696,796,897,1327]
[0,56,462,696,897,1072,1327]
[0,84,896,1327]
[0,84,462,696,897,1327]
[0,462,796,1327]
[0,56,1327]
[0,351,462,796,897,1327]
