[0,156,214,312,385,773,1046]
[0,156,773,1046]
[0,156,312,385,773,841,1046]
[0,385,556,1046]
[0,156,385,641,773,1046]
[0,385,773,818,1046]
[0,156,385,1046]
[0,76,156,214,312,385,773,1046]
[0,76,156,385,641,773,818,1046]
[0,76,156,385,641,818,1046]
[0,76,156,214,385,641,773,818,1046]
[0,156,385,773,841,1046]
[0,76,156,385,773,1046]
[0,76,156,312,385,773,841,1046]
[0,76,156,312,385,657,1046]
[0,76,156,312,385,641,841,1046]
[0,385,773,1046]
[0,385,641,818,1046]
[0,76,156,385,773,841,1046]
[0,156,385,657,1046]
[0,156,214,312,385,657,1046]
[0,156,312,385,641,1046]
[0,76,156,312,385,641,1046]
[0,156,312,385,773,1046]
[0,156,385,773,818,1046]
[0,156,385,641,818,1046]
[0,156,809,1046]
[0,76,156,312,385,641,818,1046]
[0,76,156,312,385,556,773,841,1046]
[0,156,385,641,1046]
[0,76,156,385,556,773,841,1046]
[0,385,773,841,1046]
[0,156,214,312,385,641,1046]
[0,156,1046]
[0,76,156,214,312,385,657,1046]
[0,76,156,385,641,841,1046]
[0,76,156,214,385,641,773,841,1046]
[0,156,385,773,1046]
[0,76,156,214,385,641,1046]
[0,76,156,385,556,1046]
[0,809,1046]
[0,385,657,1046]
[0,156,214,312,385,773,841,1046]
[0,76,156,214,312,385,556,773,841,1046]
[0,76,156,312,385,556,773,1046]
[0,76,156,214,312,385,641,1046]
[0,76,156,214,312,385,641,773,841,1046]
[0,76,156,214,312,385,773,818,1046]
[0,76,156,385,657,1046]
[0,385,641,841,1046]
[0,156,385,641,841,1046]
[0,76,156,214,385,641,818,1046]
[0,156,214,312,385,773,818,1046]
[0,76,156,385,641,1046]
[0,773,1046]
[0,385,641,1046]
[0,156,385,556,1046]
[0,156,312,385,657,1046]
[0,385,556,773,1046]
[0,76,156,214,312,385,641,773,818,1046]
[0,76,156,312,385,641,773,841,1046]
[0,76,156,312,385,556,1046]
[0,156,312,385,773,818,1046]
[0,76,156,214,312,385,773,841,1046]
[0,76,156,214,385,641,773,1046]
[0,385,1046]
[0,773,818,1046]
[0,76,156,385,641,773,841,1046]
[0,156,385,556,773,1046]
[0,76,156,214,312,385,641,818,1046]
[0,76,156,385,641,773,1046]
[0,76,156,312,385,773,1046]
[0,76,156,385,556,773,1046]
[0,76,156,385,773,818,1046]
