[0,423,626,1046]
[0,340,1046]
[0,423,711,896,1046]
[0,95,423,626,711,936,1046]
[0,340,423,626,711,1046]
[0,95,749,1046]
[0,95,271,340,423,626,711,998,1046]
[0,95,340,423,626,711,936,1046]
[0,95,271,340,423,626,711,1046]
[0,789,1046]
[0,855,1046]
[0,95,340,711,1046]
[0,423,626,711,1046]
[0,95,271,340,423,626,711,936,1046]
[0,711,896,1046]
[0,95,423,711,896,1046]
[0,95,626,711,1046]
[0,95,423,1046]
[0,95,423,626,1046]
[0,95,423,789,1046]
[0,95,711,1046]
[0,626,711,1046]
[0,749,1046]
[0,936,1046]
[0,423,1046]
[0,95,1046]
[0,95,423,855,1046]
[0,423,711,1046]
[0,340,423,1046]
[0,95,423,626,936,1046]
[0,340,711,1046]
[0,711,1046]
[0,340,423,711,1046]
[0,95,423,789,936,1046]
[0,423,789,936,1046]
[0,95,340,711,855,1046]
[0,340,711,855,1046]
[0,95,340,423,626,711,1046]
[0,95,423,711,1046]
[0,95,271,340,423,626,711,936,998,1046]
[0,95,340,423,855,1046]
[0,789,936,1046]
[0,95,423,626,711,1046]
[0,423,626,936,1046]
[0,423,789,1046]
[0,423,855,1046]
[0,95,340,423,1046]
