[0,819,1454,1851,1960,2108,2303,2812]
[0,819,2108,2303,2812]
[0,1934,2812]
[0,819,1454,1851,1960,2108,2303,2750,2812]
[0,819,1934,2303,2812]
[0,326,400,819,1454,1851,1960,2108,2303,2812]
[0,819,1454,1851,2303,2812]
[0,819,2303,2750,2812]
[0,1851,1960,2108,2303,2812]
[0,1851,1960,2303,2812]
[0,819,2108,2303,2750,2812]
[0,1934,2303,2812]
[0,2750,2812]
[0,1960,2812]
[0,819,1149,1454,1960,2108,2303,2812]
[0,819,1960,2108,2303,2812]
[0,819,1454,1960,2108,2303,2750,2812]
[0,819,1454,2812]
[0,2303,2812]
[0,819,1149,1454,2303,2750,2812]
[0,819,1960,2108,2303,2750,2812]
[0,819,1454,1960,2108,2303,2812]
[0,819,2750,2812]
[0,819,1454,1851,2108,2303,2812]
[0,819,1960,2812]
[0,819,1454,1934,2303,2750,2812]
[0,1851,1960,2108,2303,2750,2812]
[0,819,1454,1934,2303,2812]
[0,819,1149,1454,2108,2303,2812]
[0,2303,2750,2812]
[0,819,1851,1960,2108,2303,2812]
[0,819,1454,2750,2812]
[0,819,1149,1454,1960,2108,2303,2750,2812]
[0,819,1454,2303,2812]
[0,819,1851,2303,2812]
[0,819,1454,2108,2303,2812]
[0,400,819,1454,1851,2303,2812]
[0,400,819,1851,2303,2812]
[0,819,2303,2812]
[0,1934,2303,2750,2812]
[0,400,819,1454,1851,2108,2303,2812]
[0,819,2812]
[0,1851,1960,2812]
[0,1851,2303,2812]
[0,1149,2812]
[0,1851,2108,2303,2812]
[0,819,1934,2303,2750,2812]
[0,326,400,819,1454,1851,1960,2108,2303,2750,2812]
[0,1851,2812]
[0,819,1960,2750,2812]
[0,400,819,1454,1851,1960,2108,2303,2812]
[0,1851,1960,2303,2750,2812]
[0,819,1454,2303,2750,2812]
[0,1851,1960,2750,2812]
[0,819,1149,1454,2303,2812]
[0,400,819,1454,1851,1960,2108,2303,2750,2812]
[0,819,1851,1960,2108,2303,2750,2812]
