[0,336,997]
[0,336,409,695,906,997]
[0,203,336,695,899,997]
[0,695,899,997]
[0,159,214,336,409,695,899,997]
[0,203,336,409,695,899,997]
[0,214,336,695,906,997]
[0,336,695,906,997]
[0,214,336,409,695,899,997]
[0,899,997]
[0,203,336,695,997]
[0,336,409,695,899,997]
[0,336,695,899,997]
[0,224,695,997]
[0,224,695,906,997]
[0,695,997]
[0,203,336,695,906,997]
[0,159,214,336,409,695,906,997]
[0,214,336,695,899,997]
[0,695,906,997]
[0,203,336,409,695,906,997]
[0,336,695,997]
[0,214,336,695,997]
[0,214,336,409,695,906,997]
