[0,289,371,618,839,1406,1852,1911]
[0,290,371,618,738,1406,1852,1911]
[0,289,371,618,704,874,1203,1311,1406,1852,1911]
[0,826,1406,1911]
[0,290,371,618,738,1911]
[0,618,704,874,1203,1311,1406,1911]
[0,290,371,1852,1911]
[0,618,839,1406,1852,1911]
[0,618,968,1204,1406,1852,1911]
[0,289,371,618,738,968,1204,1406,1852,1911]
[0,623,1911]
[0,618,968,1406,1852,1911]
[0,289,371,618,968,1204,1406,1911]
[0,623,1406,1911]
[0,618,874,1204,1406,1852,1911]
[0,618,704,874,1406,1911]
[0,290,371,618,826,1406,1852,1911]
[0,1406,1911]
[0,618,874,1204,1406,1911]
[0,618,826,1262,1406,1911]
[0,290,371,618,826,1262,1406,1852,1911]
[0,618,738,1911]
[0,289,371,618,839,1204,1406,1911]
[0,618,826,1911]
[0,371,618,1406,1911]
[0,618,1406,1852,1911]
[0,618,704,874,1311,1406,1852,1911]
[0,618,1911]
[0,371,618,704,874,1203,1311,1406,1911]
[0,371,839,1406,1911]
[0,371,618,968,1406,1911]
[0,623,1203,1406,1852,1911]
[0,290,371,618,826,1203,1262,1406,1911]
[0,371,1406,1911]
[0,371,618,1852,1911]
[0,618,1203,1406,1852,1911]
[0,289,371,618,738,968,1204,1406,1911]
[0,371,618,874,1204,1406,1911]
[0,371,618,826,1203,1262,1406,1911]
[0,371,618,1203,1406,1911]
[0,623,1852,1911]
[0,371,826,1406,1911]
[0,290,371,1406,1911]
[0,623,1406,1852,1911]
[0,618,1406,1911]
[0,290,371,738,1406,1911]
[0,618,704,874,1203,1311,1406,1852,1911]
[0,618,738,1406,1911]
[0,618,1203,1406,1911]
[0,371,618,1203,1406,1852,1911]
[0,371,618,738,968,1204,1406,1911]
[0,618,738,968,1204,1406,1911]
[0,371,618,874,1203,1406,1911]
[0,290,371,618,1852,1911]
[0,826,1911]
[0,371,618,704,874,1203,1311,1406,1852,1911]
[0,371,618,968,1204,1406,1852,1911]
[0,290,371,618,1911]
[0,371,618,826,1406,1911]
[0,290,371,618,738,1852,1911]
[0,618,839,1204,1406,1911]
[0,618,826,1203,1262,1406,1911]
[0,289,371,618,874,1204,1406,1852,1911]
[0,618,968,1204,1406,1911]
[0,289,371,618,874,1204,1406,1911]
[0,618,874,1406,1852,1911]
[0,289,371,618,839,1204,1406,1852,1911]
[0,618,968,1406,1911]
[0,290,371,618,826,1262,1406,1911]
[0,618,874,1203,1406,1911]
[0,618,839,1406,1911]
[0,618,1852,1911]
[0,290,371,618,693,874,1406,1852,1911]
[0,618,839,1911]
[0,371,618,839,1204,1406,1911]
[0,618,874,1406,1911]
[0,618,826,1406,1852,1911]
[0,290,371,618,693,874,1406,1911]
[0,371,618,839,1406,1911]
[0,371,1911]
[0,290,371,1911]
[0,371,618,839,1406,1852,1911]
[0,618,874,1911]
[0,371,618,826,1262,1406,1911]
[0,371,618,874,1406,1911]
[0,290,371,618,874,1406,1911]
[0,289,371,618,839,1406,1911]
[0,290,371,618,738,1406,1911]
[0,371,618,1911]
[0,371,618,968,1204,1406,1911]
[0,1852,1911]
[0,289,371,618,968,1204,1406,1852,1911]
[0,618,704,874,1406,1852,1911]
[0,371,618,874,1204,1406,1852,1911]
[0,290,371,618,826,1406,1911]
[0,371,618,874,1203,1311,1406,1911]
[0,618,704,874,1311,1406,1911]
[0,839,1406,1911]
[0,618,874,1203,1311,1406,1911]
[0,371,618,738,1911]
[0,290,371,618,874,1406,1852,1911]
[0,618,826,1406,1911]
[0,618,874,1311,1406,1911]
[0,623,1203,1406,1911]
[0,289,371,618,704,874,1203,1311,1406,1911]
[0,371,618,738,1406,1911]
[0,290,371,618,826,1203,1262,1406,1852,1911]
[0,839,1911]
[0,371,738,1406,1911]
[0,371,1852,1911]
