[0,160,308,383,441,533,662,827,922]
[0,383,662,922]
[0,218,827,922]
[0,160,441,827,922]
[0,108,160,383,441,533,643,827,922]
[0,108,308,383,533,643,827,922]
[0,108,160,308,383,533,662,827,922]
[0,160,441,533,827,922]
[0,160,383,533,662,827,922]
[0,108,383,533,643,922]
[0,108,922]
[0,108,160,383,533,643,827,922]
[0,383,533,662,827,922]
[0,160,441,533,662,827,922]
[0,383,922]
[0,160,383,533,922]
[0,108,160,383,533,662,827,922]
[0,308,383,533,662,827,922]
[0,108,308,383,643,827,922]
[0,383,533,662,922]
[0,662,827,922]
[0,160,383,533,643,827,922]
[0,108,383,533,643,827,922]
[0,108,383,662,922]
[0,108,160,441,533,662,827,922]
[0,108,383,533,662,827,922]
[0,160,441,533,922]
[0,108,383,533,662,922]
[0,160,922]
[0,108,383,827,922]
[0,160,441,662,827,922]
[0,160,383,533,662,922]
[0,108,383,922]
[0,160,383,662,922]
[0,383,662,827,922]
[0,108,160,308,383,533,643,827,922]
[0,160,441,662,922]
[0,160,383,643,827,922]
[0,108,160,308,383,441,533,662,827,922]
[0,160,441,922]
[0,160,441,643,827,922]
[0,441,643,922]
[0,160,441,533,643,827,922]
[0,108,160,441,533,643,827,922]
[0,108,383,662,827,922]
[0,160,308,441,662,827,922]
[0,108,827,922]
[0,308,383,662,827,922]
[0,383,533,643,922]
[0,160,308,441,922]
[0,160,383,441,533,662,827,922]
[0,160,308,441,533,643,827,922]
[0,160,308,383,533,662,827,922]
[0,108,383,533,922]
[0,108,160,308,383,441,533,643,827,922]
[0,160,308,441,643,922]
[0,383,827,922]
[0,108,383,643,922]
[0,108,383,643,827,922]
[0,218,922]
[0,108,308,383,533,662,827,922]
[0,160,383,922]
[0,160,383,533,643,922]
[0,662,922]
[0,441,662,922]
[0,160,308,383,441,533,643,827,922]
[0,160,383,643,922]
[0,827,922]
[0,160,383,662,827,922]
[0,160,441,643,922]
[0,160,383,441,533,643,827,922]
[0,160,308,441,662,922]
[0,160,308,441,827,922]
[0,160,308,441,533,662,827,922]
[0,383,533,922]
[0,383,643,922]
[0,108,160,383,441,533,662,827,922]
[0,160,383,827,922]
[0,308,383,922]
[0,108,308,383,827,922]
[0,308,383,827,922]
[0,441,922]
[0,160,308,383,533,643,827,922]
[0,160,308,441,643,827,922]
