[0,759,969]
[0,83,196,329,543,740,862,969]
[0,329,543,969]
[0,459,742,969]
[0,196,329,543,759,969]
[0,83,329,543,740,969]
[0,196,329,759,969]
[0,459,543,740,811,969]
[0,329,629,759,969]
[0,329,759,915,969]
[0,83,329,543,740,811,921,969]
[0,196,489,742,819,969]
[0,329,543,740,811,969]
[0,83,196,742,969]
[0,489,742,819,969]
[0,196,459,742,969]
[0,196,742,969]
[0,196,459,543,742,969]
[0,329,969]
[0,690,969]
[0,196,489,742,969]
[0,459,543,742,969]
[0,83,329,543,759,969]
[0,83,196,329,543,759,915,969]
[0,83,329,543,740,862,969]
[0,83,329,543,759,915,969]
[0,83,196,329,629,759,969]
[0,543,596,740,969]
[0,83,196,459,543,742,819,969]
[0,83,329,543,740,811,969]
[0,740,969]
[0,489,969]
[0,83,196,489,543,742,819,969]
[0,596,740,969]
[0,196,329,543,740,969]
[0,740,811,969]
[0,196,329,543,740,862,969]
[0,329,629,759,915,969]
[0,83,196,459,543,742,969]
[0,196,489,543,742,819,969]
[0,83,196,329,629,759,915,969]
[0,459,740,969]
[0,196,459,543,740,811,969]
[0,329,543,740,862,969]
[0,329,543,740,969]
[0,83,329,629,759,969]
[0,196,329,629,759,969]
[0,329,543,759,915,969]
[0,543,969]
[0,83,196,329,543,740,811,969]
[0,83,196,459,543,740,811,921,969]
[0,742,819,969]
[0,83,329,629,759,915,969]
[0,83,196,459,543,596,740,811,969]
[0,196,459,740,969]
[0,83,196,489,742,819,969]
[0,196,742,819,969]
[0,196,740,969]
[0,196,459,543,596,740,811,969]
[0,83,196,742,819,969]
[0,196,459,543,740,969]
[0,459,543,596,740,811,969]
[0,459,969]
[0,459,543,740,969]
[0,83,196,459,543,596,740,811,921,969]
[0,83,196,489,742,969]
[0,196,459,543,742,819,969]
[0,489,742,969]
[0,83,196,329,543,759,969]
[0,329,543,759,969]
[0,329,740,969]
[0,459,742,819,969]
[0,83,196,459,543,740,811,969]
[0,489,543,742,819,969]
[0,459,543,742,819,969]
[0,83,196,459,543,740,969]
[0,329,543,740,811,921,969]
[0,742,969]
[0,83,196,329,543,740,811,921,969]
[0,196,543,969]
[0,329,759,969]
[0,329,740,811,969]
[0,459,740,811,969]
[0,196,690,969]
[0,329,543,596,740,969]
[0,83,196,329,543,740,969]
