[0,100,3353]
[0,100,3237,3353]
[0,1023,1578,1864,2525,3353]
[0,100,2041,3229,3353]
[0,1603,2041,3353]
[0,1603,2041,3178,3353]
[0,1864,3178,3353]
[0,100,1023,1578,3237,3353]
[0,1603,1864,2041,3353]
[0,2041,3237,3353]
[0,1603,3353]
[0,2041,3353]
[0,1420,1603,1864,2666,3237,3353]
[0,1578,1864,3353]
[0,1023,1578,3353]
[0,100,1420,1603,1864,2666,3237,3353]
[0,1603,1864,2666,3353]
[0,1023,1578,1864,2525,3237,3353]
[0,1023,1578,2525,3353]
[0,100,2041,3237,3353]
[0,1603,3178,3353]
[0,1603,1864,3353]
[0,3229,3353]
[0,100,1578,1864,3353]
[0,100,1023,1578,1864,2525,3237,3353]
[0,1578,3353]
[0,1023,1578,1864,3237,3353]
[0,100,1603,2041,3178,3353]
[0,100,3229,3353]
[0,100,1603,3178,3353]
[0,100,1578,3237,3353]
[0,1578,3237,3353]
[0,100,1603,1864,2041,3353]
[0,3178,3353]
[0,1864,3353]
[0,100,1023,1578,1864,3237,3353]
[0,100,1023,1578,1864,3353]
[0,100,1420,1603,1864,2666,3353]
[0,3237,3353]
[0,1420,1603,1864,2041,3353]
[0,1023,1578,1864,3353]
[0,1864,2666,3353]
[0,1023,3353]
[0,100,1420,1603,1864,3353]
[0,100,3178,3353]
[0,1420,1603,1864,2666,3353]
[0,2041,3229,3353]
[0,1023,1578,3237,3353]
[0,1578,2525,3353]
[0,1420,1603,1864,3353]
