[0,689,1624,2278,4758]
[0,1624,4758]
[0,689,1624,2628,4030,4758]
[0,2232,3836,4758]
[0,689,1624,2278,4158,4758]
[0,1624,2278,2635,3600,4158,4758]
[0,800,1624,4758]
[0,800,1624,2387,4758]
[0,335,689,1624,2278,4158,4758]
[0,335,800,1624,2278,2635,4120,4758]
[0,1624,2387,4310,4758]
[0,689,1624,2278,3600,4158,4758]
[0,335,689,1624,2278,2635,4120,4758]
[0,1624,2244,4758]
[0,689,1309,2244,4367,4758]
[0,800,1624,2278,2635,4120,4758]
[0,335,689,1309,2244,4030,4688,4758]
[0,335,800,1624,2387,4310,4758]
[0,689,1624,2244,4758]
[0,335,689,1624,2278,4120,4758]
[0,335,800,1624,2278,4120,4758]
[0,1624,2278,2635,4310,4758]
[0,1309,2244,4367,4758]
[0,335,689,1309,1624,2244,4030,4688,4758]
[0,689,1624,2278,2635,4158,4758]
[0,335,1624,2244,4367,4758]
[0,335,689,1624,2278,2635,3306,3600,4158,4688,4758]
[0,335,689,1624,2628,4030,4758]
[0,335,1624,4030,4758]
[0,1309,2244,4030,4758]
[0,1624,2278,3600,4158,4758]
[0,4158,4758]
[0,689,1624,2244,4367,4758]
[0,335,689,1309,2244,4758]
[0,335,689,1309,1624,2244,4030,4758]
[0,1605,4758]
[0,2232,4758]
[0,335,1624,2278,4158,4758]
[0,335,689,1624,2278,4158,4688,4758]
[0,1624,2278,4758]
[0,335,689,1624,2244,4030,4758]
[0,756,2232,3836,4758]
[0,689,1624,4758]
[0,689,1624,2244,4030,4758]
[0,335,1624,2387,4310,4758]
[0,800,1624,2278,2635,4310,4758]
[0,1624,2278,4310,4758]
[0,4120,4758]
[0,335,800,1624,2278,2635,4310,4758]
[0,1309,2244,4758]
[0,3836,4758]
[0,335,689,1624,2278,2635,4158,4758]
[0,1624,2278,4158,4758]
[0,800,1624,2387,4310,4758]
[0,335,689,1624,2278,2635,3306,3600,4158,4758]
[0,1624,2628,4030,4758]
[0,689,1309,2244,4758]
[0,1624,2244,4030,4758]
[0,1624,4158,4688,4758]
[0,335,1624,2278,4120,4758]
[0,1309,4758]
[0,800,1624,2278,4120,4758]
[0,335,689,1309,2244,4367,4758]
[0,689,1624,2278,2635,3600,4158,4758]
[0,1624,2278,4120,4758]
[0,1309,2244,4030,4688,4758]
[0,335,800,1624,2278,4310,4758]
[0,1624,2387,4758]
[0,335,689,1309,2244,4030,4758]
[0,756,3836,4758]
[0,335,689,1624,2278,2635,4158,4688,4758]
[0,689,1309,2244,4030,4758]
[0,335,689,1624,2278,2635,3600,4158,4688,4758]
[0,689,1624,2278,4120,4758]
[0,335,689,1309,1624,2244,4367,4758]
[0,1605,3600,4758]
[0,335,1624,2628,4030,4758]
[0,335,1624,2244,4030,4758]
[0,335,689,1624,2244,4367,4758]
[0,1624,2278,2635,4158,4758]
[0,1624,4158,4758]
[0,335,1624,2278,4158,4688,4758]
[0,800,1624,2278,4758]
[0,800,1624,2278,4310,4758]
[0,1624,2628,4758]
[0,1624,2278,4158,4688,4758]
[0,335,1624,2278,4310,4758]
[0,689,1309,2244,4030,4688,4758]
[0,689,1624,2278,2635,4120,4758]
[0,4030,4758]
[0,1624,2278,2635,4120,4758]
[0,1624,4030,4758]
[0,1624,4120,4758]
[0,335,689,1624,2278,2635,3600,4158,4758]
[0,689,1624,4030,4758]
[0,1624,2244,4367,4758]
