[0,598,1180]
[0,560,638,945,1180]
[0,276,352,773,846,945,1001,1114,1180]
[0,276,352,560,773,846,945,1180]
[0,352,638,945,1180]
[0,560,945,1032,1180]
[0,276,352,638,846,945,1180]
[0,773,846,945,1114,1180]
[0,560,638,773,846,945,1114,1180]
[0,276,560,1180]
[0,638,945,1180]
[0,560,773,846,945,1001,1114,1180]
[0,276,352,560,773,846,945,1114,1180]
[0,598,945,1180]
[0,560,638,945,1114,1180]
[0,877,1180]
[0,560,1180]
[0,276,1180]
[0,560,945,1180]
[0,276,560,945,1180]
[0,352,773,846,945,1180]
[0,560,638,773,846,945,1180]
[0,276,945,1180]
[0,685,945,1180]
[0,945,1114,1180]
[0,276,560,846,945,1180]
[0,276,352,560,773,846,945,1001,1114,1180]
[0,560,846,945,1180]
[0,276,352,846,945,1180]
[0,945,1180]
[0,352,846,945,1180]
[0,638,846,945,1180]
[0,352,638,1180]
[0,773,846,945,1180]
[0,276,352,560,638,846,945,1180]
[0,560,773,846,945,1180]
[0,685,1180]
[0,846,945,1180]
[0,276,846,945,1180]
[0,276,352,560,638,773,846,945,1001,1114,1180]
[0,276,352,773,846,945,1114,1180]
[0,945,1032,1180]
[0,276,352,560,638,773,846,945,1114,1180]
[0,846,945,1114,1180]
[0,352,638,846,945,1180]
[0,276,560,638,846,945,1180]
[0,560,945,1114,1180]
[0,276,352,773,846,945,1180]
[0,352,1180]
[0,638,1180]
[0,276,352,560,846,945,1180]
[0,773,846,945,1001,1114,1180]
[0,276,352,560,638,773,846,945,1180]
[0,560,638,846,945,1180]
[0,352,945,1180]
[0,352,877,1180]
[0,560,638,773,846,945,1001,1114,1180]
[0,352,773,846,945,1114,1180]
[0,560,773,846,945,1114,1180]
