[0,212,380,2554]
[0,212,1513,2554]
[0,561,2120,2554]
[0,908,1513,2554]
[0,1513,2554]
[0,212,380,908,1513,2200,2554]
[0,380,908,1513,2200,2554]
[0,212,380,1513,2554]
[0,212,380,455,724,908,1513,2200,2554]
[0,212,380,908,1513,2554]
[0,380,908,1513,2554]
[0,212,908,1513,2200,2554]
[0,212,380,724,908,1513,2554]
[0,380,908,1513,2215,2554]
[0,212,380,494,724,908,1513,2200,2554]
[0,212,380,455,908,1513,2554]
[0,212,724,908,1513,2554]
[0,212,380,455,908,1513,2200,2554]
[0,561,2554]
[0,212,908,1513,2215,2554]
[0,212,380,455,1513,2554]
[0,212,724,908,1513,2200,2554]
[0,1513,2200,2554]
[0,1513,2215,2554]
[0,212,908,1513,2554]
[0,908,1513,2200,2554]
[0,212,380,724,908,1513,2200,2554]
[0,212,2554]
[0,212,380,455,2554]
[0,908,1513,2215,2554]
