[0,163,209,567,661,997]
[0,209,638,881,997]
[0,163,209,277,567,661,780,881,997]
[0,163,277,661,881,997]
[0,163,638,997]
[0,163,661,997]
[0,163,881,997]
[0,163,638,881,997]
[0,209,757,997]
[0,163,661,881,997]
[0,163,277,567,661,780,881,997]
[0,163,997]
[0,209,881,997]
[0,757,997]
[0,638,997]
[0,209,997]
[0,163,567,661,881,997]
[0,163,567,661,997]
[0,163,209,567,661,881,997]
[0,163,567,661,780,881,997]
[0,881,997]
[0,163,661,780,881,997]
[0,209,638,997]
[0,567,661,997]
[0,163,209,567,661,780,881,997]
[0,661,997]
[0,163,277,661,780,881,997]
