[0,175,557,693,1458,1519,1736,1815,1911]
[0,175,557,693,1458,1519,1571,1736,1815,1911]
[0,175,557,693,1736,1911]
[0,557,693,1244,1911]
[0,557,693,1458,1736,1815,1911]
[0,557,1458,1911]
[0,390,1736,1911]
[0,557,693,1458,1736,1819,1911]
[0,175,557,693,1458,1911]
[0,175,390,693,1244,1815,1911]
[0,1571,1911]
[0,1736,1911]
[0,175,693,1736,1911]
[0,175,557,693,1911]
[0,175,557,693,1244,1819,1911]
[0,175,557,693,1244,1911]
[0,557,693,1736,1911]
[0,175,557,693,1458,1815,1911]
[0,175,693,1911]
[0,175,1911]
[0,1458,1815,1911]
[0,175,693,1458,1911]
[0,175,557,693,1244,1736,1819,1911]
[0,557,693,1458,1519,1736,1815,1911]
[0,557,693,1736,1819,1911]
[0,175,557,693,1736,1815,1911]
[0,390,1911]
[0,693,1458,1911]
[0,175,557,693,1736,1819,1911]
[0,390,693,1458,1911]
[0,557,693,1458,1911]
[0,1244,1911]
[0,175,557,693,1458,1736,1819,1911]
[0,557,1571,1911]
[0,693,1244,1911]
[0,390,693,1244,1911]
[0,557,1911]
[0,557,693,1458,1519,1911]
[0,693,1911]
[0,390,693,1911]
[0,175,557,693,1458,1519,1571,1736,1819,1911]
[0,175,557,693,1458,1519,1736,1819,1911]
[0,175,557,693,1244,1815,1911]
[0,175,557,693,1244,1736,1815,1911]
[0,693,1736,1911]
[0,1458,1911]
[0,557,693,1458,1815,1911]
[0,557,1458,1815,1911]
[0,175,557,693,1458,1736,1815,1911]
[0,557,693,1736,1815,1911]
[0,175,390,693,1244,1911]
[0,557,693,1458,1819,1911]
[0,557,693,1911]
[0,175,557,693,1458,1819,1911]
[0,557,693,1458,1519,1815,1911]
[0,175,693,1244,1911]
[0,390,693,1458,1815,1911]
[0,557,693,1458,1519,1736,1819,1911]
