[0,125,257,562,806,1109,1404,1555,1762,2077,2554]
[0,751,1873,2554]
[0,125,257,562,806,1109,1404,1555,2077,2554]
[0,1109,1404,1612,2554]
[0,125,257,1109,1404,1555,1762,2077,2554]
[0,1572,2554]
[0,562,806,1109,1404,1555,1762,2077,2554]
[0,257,1109,1404,1555,1762,2077,2554]
[0,562,806,1109,1404,1555,2077,2554]
[0,562,806,1109,1404,1762,2077,2554]
[0,806,1109,1404,1612,2554]
[0,278,562,806,1109,1404,1612,2554]
[0,874,1404,1762,2554]
[0,2025,2554]
[0,806,1109,1404,1555,1762,2077,2554]
[0,562,1109,1404,2554]
[0,1873,2554]
[0,1109,2077,2554]
[0,125,257,562,806,1109,1404,1555,2554]
[0,806,1404,1762,2554]
[0,125,257,1109,1404,1555,2077,2554]
[0,1404,2077,2554]
[0,125,278,562,806,1109,1404,1612,2554]
[0,806,1109,1404,1762,2077,2554]
[0,1404,2554]
[0,278,1109,1404,1762,2554]
[0,125,257,1109,1404,1555,2554]
[0,278,1109,1404,1762,2077,2554]
[0,278,1109,1404,1612,2077,2554]
[0,257,562,806,1109,1404,1555,2077,2554]
[0,257,806,1109,1404,2077,2554]
[0,1404,1762,2554]
[0,278,562,1109,1404,2077,2554]
[0,1109,1404,1555,1762,2077,2554]
[0,562,806,1109,1404,1555,2554]
[0,257,1109,2025,2554]
[0,1404,1555,2554]
[0,562,806,1109,1404,1612,2077,2554]
[0,806,1109,1404,1612,2077,2554]
[0,1109,1404,1555,2554]
[0,257,806,1109,1404,2554]
[0,2077,2554]
[0,278,562,1109,1404,2554]
[0,1404,1612,2554]
[0,1109,1404,1762,2554]
[0,125,1109,1404,1555,2554]
[0,257,806,1109,1404,1762,2077,2554]
[0,278,562,806,1109,1404,2554]
[0,257,1109,1404,2077,2554]
[0,257,1572,2077,2554]
[0,562,1109,1404,2077,2554]
[0,257,2025,2554]
[0,1109,1404,1612,2077,2554]
[0,806,1109,2077,2554]
[0,278,562,806,1109,1404,1612,2077,2554]
[0,125,257,1109,1404,1762,2077,2554]
[0,257,562,806,1109,1404,2077,2554]
[0,125,278,1109,1404,1762,2554]
[0,125,278,1109,1404,1612,2554]
[0,278,562,806,1109,1404,2077,2554]
[0,751,2554]
[0,257,1109,1404,1555,2554]
[0,1109,1404,2554]
[0,806,1109,1404,1555,2077,2554]
[0,257,562,806,1109,1404,2554]
[0,257,562,806,1109,1404,1555,2554]
[0,1109,2025,2554]
[0,257,806,1109,1404,1555,1762,2077,2554]
[0,1572,2077,2554]
[0,257,1109,1404,1762,2077,2554]
[0,125,257,806,1109,1404,1555,1762,2077,2554]
[0,562,1404,2554]
[0,1109,2554]
[0,562,806,1109,1404,2077,2554]
[0,278,1109,1404,2554]
[0,278,1109,1404,2077,2554]
[0,257,2554]
[0,125,257,806,1109,1404,1762,2077,2554]
[0,125,278,1109,1404,1612,2077,2554]
[0,125,278,562,806,1109,1404,1612,2077,2554]
[0,257,562,806,1109,1404,1762,2077,2554]
[0,806,1404,2554]
[0,874,1404,1762,2077,2554]
[0,1109,1404,2077,2554]
[0,125,278,1109,1404,1762,2077,2554]
[0,562,1404,2077,2554]
[0,562,806,1109,1404,1612,2554]
[0,278,1109,1404,1612,2554]
[0,257,1109,1404,2554]
[0,1762,2077,2554]
[0,125,1109,1404,1762,2077,2554]
[0,1109,1404,1555,2077,2554]
[0,806,1109,1404,2077,2554]
[0,806,1109,1404,2554]
[0,1404,1762,2077,2554]
[0,806,1109,1404,1555,2554]
[0,257,1109,1404,1555,2077,2554]
[0,806,1404,1762,2077,2554]
[0,1109,1404,1762,2077,2554]
[0,874,1404,2554]
[0,562,806,1109,1404,2554]
[0,257,562,806,1109,1404,1555,1762,2077,2554]
