[0,160,485,562,700,789,873,969]
[0,57,160,336,440,485,700,873,925,969]
[0,160,485,562,700,969]
[0,57,160,336,440,485,700,873,969]
[0,57,160,336,440,485,562,700,857,925,969]
[0,440,969]
[0,57,160,336,485,700,969]
[0,485,700,925,969]
[0,160,336,485,562,700,871,969]
[0,57,160,336,485,700,871,969]
[0,57,160,336,440,485,562,700,925,969]
[0,57,160,336,440,485,700,789,873,969]
[0,57,160,336,440,485,700,871,925,969]
[0,57,160,336,440,485,700,925,969]
[0,57,160,336,440,485,562,700,789,873,925,969]
[0,160,336,485,700,789,873,969]
[0,57,160,336,440,485,562,700,789,873,969]
[0,57,160,336,440,485,562,700,871,925,969]
[0,160,485,700,925,969]
[0,160,336,485,700,873,969]
[0,160,485,700,789,873,969]
[0,57,160,485,700,873,925,969]
[0,705,969]
[0,57,160,336,440,485,700,969]
[0,57,160,485,700,969]
[0,485,700,871,969]
[0,57,160,336,485,562,700,925,969]
[0,160,336,485,700,857,969]
[0,57,160,485,562,700,969]
[0,57,160,336,440,485,562,700,871,969]
[0,700,969]
[0,57,160,485,700,871,969]
[0,57,160,336,440,485,562,700,969]
[0,485,705,969]
[0,57,160,485,700,789,873,969]
[0,57,160,485,700,871,925,969]
[0,57,485,700,969]
[0,485,700,873,969]
[0,57,160,336,440,485,700,871,969]
[0,160,336,485,700,925,969]
[0,57,160,440,485,700,871,969]
[0,160,485,700,871,969]
[0,57,160,485,700,873,969]
[0,57,160,336,485,700,873,969]
[0,485,562,700,789,873,969]
[0,485,700,969]
[0,57,160,336,485,562,700,969]
[0,160,485,700,873,969]
[0,57,160,485,700,925,969]
[0,57,160,336,440,485,562,700,857,969]
[0,57,160,336,485,562,700,871,969]
[0,57,160,336,485,562,700,789,873,969]
[0,57,160,440,485,700,969]
[0,57,160,336,485,700,789,873,969]
[0,57,160,440,485,700,871,925,969]
[0,57,160,485,562,700,789,873,969]
[0,160,485,562,700,857,969]
[0,440,705,969]
[0,160,336,485,562,700,969]
[0,160,485,700,857,969]
[0,160,336,485,700,871,969]
[0,485,562,700,969]
[0,57,160,440,485,700,873,925,969]
[0,57,160,485,562,700,857,925,969]
[0,160,336,485,562,700,857,969]
[0,485,700,789,873,969]
[0,57,160,336,485,700,925,969]
[0,57,160,336,485,562,700,857,969]
[0,57,160,485,562,700,857,969]
[0,160,485,700,969]
[0,57,160,336,485,562,700,857,925,969]
[0,160,336,485,562,700,789,873,969]
[0,57,160,336,440,485,700,789,873,925,969]
[0,57,160,485,562,700,925,969]
[0,160,336,485,700,969]
[0,57,160,440,485,700,873,969]
