[0,265,899,1197]
[0,74,159,265,406,626,820,1112,1197]
[0,159,625,730,879,1112,1197]
[0,265,691,866,1197]
[0,74,626,866,1112,1197]
[0,159,265,625,866,1197]
[0,159,265,406,626,691,866,1112,1197]
[0,159,265,626,820,1197]
[0,159,626,820,1197]
[0,265,626,866,1197]
[0,159,265,406,626,866,949,1112,1197]
[0,74,159,265,406,626,820,866,949,1112,1197]
[0,159,265,406,625,730,879,949,1112,1197]
[0,406,626,866,1197]
[0,159,265,625,879,1197]
[0,265,648,866,1197]
[0,265,648,899,1197]
[0,74,159,265,406,626,820,866,1112,1197]
[0,265,406,625,879,1197]
[0,159,265,406,626,820,1197]
[0,74,265,866,1112,1197]
[0,74,1197]
[0,159,265,406,626,820,949,1197]
[0,626,820,1112,1197]
[0,265,648,866,1112,1197]
[0,74,899,1112,1197]
[0,265,406,648,866,1197]
[0,74,284,1197]
[0,899,1197]
[0,265,625,730,866,1112,1197]
[0,74,265,406,626,866,1112,1197]
[0,625,730,879,1197]
[0,265,730,1197]
[0,265,626,866,1112,1197]
[0,159,265,406,625,866,1197]
[0,284,913,1197]
[0,74,159,265,406,625,730,879,949,1112,1197]
[0,159,913,1197]
[0,74,265,406,648,866,949,1112,1197]
[0,406,820,1197]
[0,74,265,406,625,730,866,949,1112,1197]
[0,265,406,866,1197]
[0,159,265,406,625,730,866,949,1112,1197]
[0,265,406,626,866,949,1112,1197]
[0,74,265,406,626,691,866,1112,1197]
[0,74,284,899,1197]
[0,406,625,879,1197]
[0,265,879,1197]
[0,284,899,1197]
[0,265,406,866,1112,1197]
[0,74,265,648,866,1112,1197]
[0,74,265,406,626,866,949,1112,1197]
[0,74,159,265,406,626,691,866,949,1112,1197]
[0,406,626,820,1197]
[0,74,284,899,1112,1197]
[0,74,159,265,406,626,820,949,1112,1197]
[0,74,265,406,648,866,1112,1197]
[0,159,265,406,626,820,949,1112,1197]
[0,899,1112,1197]
[0,626,866,1197]
[0,648,866,1112,1197]
[0,74,265,406,691,866,1112,1197]
[0,866,1112,1197]
[0,159,265,625,730,866,1197]
[0,265,406,626,866,1197]
[0,265,625,866,1197]
[0,730,1197]
[0,159,265,406,625,730,879,1112,1197]
[0,625,730,879,1112,1197]
[0,159,626,866,1112,1197]
[0,159,265,625,730,879,1197]
[0,265,406,648,866,949,1112,1197]
[0,159,265,406,625,730,1197]
[0,406,626,866,1112,1197]
[0,866,1197]
[0,74,265,406,626,691,866,949,1112,1197]
[0,74,159,265,406,625,730,866,949,1112,1197]
[0,625,866,1197]
[0,265,406,730,1197]
[0,265,406,625,730,866,949,1112,1197]
[0,159,265,866,1197]
[0,406,1197]
[0,265,866,1112,1197]
[0,879,1197]
[0,265,406,691,866,949,1112,1197]
[0,406,625,730,1197]
[0,159,265,626,820,1112,1197]
[0,159,265,406,625,879,1197]
[0,159,625,730,866,1112,1197]
[0,74,265,899,1112,1197]
[0,265,406,626,866,1112,1197]
[0,625,879,1197]
[0,159,265,879,1197]
[0,406,625,730,866,1197]
[0,159,265,626,866,1112,1197]
[0,626,913,1197]
[0,159,730,1197]
[0,159,265,406,625,730,866,1197]
[0,265,406,691,866,1197]
[0,265,866,1197]
[0,265,406,648,899,1112,1197]
[0,74,265,625,730,866,1112,1197]
[0,159,265,406,626,866,1112,1197]
[0,74,265,626,866,1112,1197]
[0,284,899,1112,1197]
[0,74,866,1197]
[0,265,406,625,730,866,1197]
[0,913,1197]
[0,265,406,626,820,1197]
[0,159,625,730,866,1197]
[0,159,626,820,1112,1197]
[0,74,159,265,406,626,691,866,1112,1197]
[0,159,625,866,1197]
[0,159,265,406,626,866,1197]
[0,74,265,406,648,899,1112,1197]
[0,74,284,913,1197]
[0,159,625,730,879,1197]
[0,625,730,1197]
[0,265,406,899,1112,1197]
[0,74,265,406,866,1112,1197]
[0,159,265,730,1197]
[0,74,159,265,406,625,730,866,1112,1197]
[0,265,406,648,899,1197]
[0,625,730,866,1112,1197]
[0,159,625,879,1197]
[0,406,730,1197]
[0,74,866,1112,1197]
[0,626,1197]
[0,265,406,626,820,949,1197]
[0,625,730,1112,1197]
[0,159,265,625,730,1197]
[0,74,159,265,406,626,866,949,1112,1197]
[0,265,406,625,730,1197]
[0,265,406,899,1197]
[0,74,265,406,625,730,866,1112,1197]
[0,159,265,406,625,730,879,1197]
[0,74,159,265,406,626,866,1112,1197]
[0,406,625,730,866,1112,1197]
[0,265,899,1112,1197]
[0,159,265,626,866,1197]
[0,159,626,866,1197]
[0,284,1197]
[0,74,625,730,866,1112,1197]
[0,74,159,265,406,625,730,879,1112,1197]
[0,626,820,1197]
[0,648,866,1197]
[0,265,406,625,866,1197]
[0,159,625,730,1197]
[0,159,265,406,626,820,1112,1197]
[0,159,265,406,730,1197]
[0,265,406,648,866,1112,1197]
[0,265,406,625,730,866,1112,1197]
[0,820,1197]
[0,625,730,866,1197]
[0,159,265,406,625,730,866,1112,1197]
[0,159,265,625,730,866,1112,1197]
[0,626,866,1112,1197]
[0,265,625,730,866,1197]
[0,159,265,625,730,879,1112,1197]
[0,159,626,913,1197]
[0,74,265,406,691,866,949,1112,1197]
[0,265,406,691,866,1112,1197]
[0,74,265,866,1197]
[0,74,265,406,899,1112,1197]
[0,406,625,866,1197]
