[0,492,1073,1312,1510,2019]
[0,492,847,1066,1312,1508,2019]
[0,1073,1312,1510,1799,2019]
[0,492,1066,2019]
[0,1073,1312,2019]
[0,1073,2019]
[0,630,1312,2019]
[0,492,630,2019]
[0,630,847,1508,2019]
[0,492,1066,1312,1508,2019]
[0,1011,1312,2019]
[0,1799,2019]
[0,562,1011,2019]
[0,527,2019]
[0,492,847,1066,1312,2019]
[0,492,632,1312,2019]
[0,492,630,847,1073,1312,1510,1799,2019]
[0,492,1073,1510,2019]
[0,492,630,1073,1312,1510,2019]
[0,847,1510,2019]
[0,195,492,630,1066,1312,1508,2019]
[0,562,1011,1312,2019]
[0,195,492,847,1073,1312,1510,1799,2019]
[0,492,1510,2019]
[0,1312,1553,2019]
[0,630,847,1066,1312,2019]
[0,562,1508,2019]
[0,630,847,1066,1312,1508,1799,2019]
[0,195,492,630,847,1066,1312,1508,2019]
[0,195,492,1066,1312,1508,2019]
[0,1510,2019]
[0,492,847,1073,1312,2019]
[0,195,492,1312,1510,2019]
[0,195,492,847,1066,1312,1508,2019]
[0,195,492,1066,1312,1508,1799,2019]
[0,492,630,847,1066,1312,1508,2019]
[0,847,1066,1508,1799,2019]
[0,492,630,1066,1312,1508,2019]
[0,492,847,1073,1312,1510,2019]
[0,630,847,1066,1312,1508,2019]
[0,847,1066,1312,1508,2019]
[0,630,1312,1508,2019]
[0,195,492,1073,1312,1510,2019]
[0,1312,2019]
[0,1066,1312,1508,2019]
[0,195,492,1510,2019]
[0,1312,1508,2019]
[0,195,492,632,1312,1510,2019]
[0,492,630,1312,1510,2019]
[0,195,492,2019]
[0,1073,1312,1553,2019]
[0,492,1508,1799,2019]
[0,847,1073,1312,2019]
[0,492,1312,1508,2019]
[0,195,492,847,1073,1312,1510,2019]
[0,492,1073,2019]
[0,1312,1510,2019]
[0,492,630,847,1066,1312,1508,1799,2019]
[0,527,1508,2019]
[0,1073,1510,1799,2019]
[0,492,1510,1799,2019]
[0,630,1387,2019]
[0,492,630,847,1073,1312,1510,2019]
[0,847,1073,1510,1799,2019]
[0,492,1312,1510,2019]
[0,195,492,1073,1312,1510,1799,2019]
[0,847,1508,1799,2019]
[0,492,847,1066,1508,1799,2019]
[0,492,1073,1312,1510,1799,2019]
[0,492,2019]
[0,492,847,1066,1312,1508,1799,2019]
[0,847,1073,1312,1553,2019]
[0,492,630,1312,2019]
[0,630,847,1312,2019]
[0,847,1510,1799,2019]
[0,492,632,2019]
[0,562,2019]
[0,847,1508,2019]
[0,195,492,1312,1508,2019]
[0,630,847,2019]
[0,492,1066,1508,1799,2019]
[0,492,1073,1312,2019]
[0,847,1073,1312,1510,1799,2019]
[0,1073,1510,2019]
[0,492,1508,2019]
[0,1066,1312,1508,1799,2019]
[0,1066,2019]
[0,195,492,847,1066,1312,1508,1799,2019]
[0,492,1312,2019]
[0,1508,1799,2019]
[0,1387,2019]
[0,1508,2019]
[0,1073,1312,1510,2019]
[0,195,492,632,847,1073,1312,1510,2019]
[0,492,847,1073,1510,2019]
[0,195,492,630,1312,1508,2019]
[0,630,847,1312,1508,2019]
[0,492,847,1073,1312,1510,1799,2019]
[0,1066,1508,2019]
[0,195,492,630,847,1066,1312,1508,1799,2019]
[0,1312,1510,1799,2019]
[0,1066,1312,2019]
[0,1510,1799,2019]
[0,492,847,1073,1510,1799,2019]
[0,630,847,1066,1508,1799,2019]
[0,630,847,1508,1799,2019]
[0,195,492,1508,2019]
[0,492,1066,1508,2019]
[0,1066,1508,1799,2019]
[0,195,492,632,1073,1312,1510,2019]
[0,492,630,1312,1508,2019]
[0,492,1066,1312,2019]
[0,847,1066,1312,2019]
[0,847,2019]
[0,195,492,632,847,1073,1312,1510,1799,2019]
[0,492,1066,1312,1508,1799,2019]
[0,847,1073,1510,2019]
[0,492,632,1312,1510,2019]
[0,492,1073,1510,1799,2019]
[0,1312,1508,1799,2019]
[0,847,1066,1312,1508,1799,2019]
