[0,210,697,901,1273,1629,1875]
[0,169,1875]
[0,823,1273,1682,1875]
[0,169,823,1273,1432,1629,1875]
[0,901,1273,1875]
[0,901,1273,1629,1875]
[0,618,1629,1875]
[0,169,823,1273,1629,1875]
[0,823,1875]
[0,210,901,1273,1432,1875]
[0,823,1273,1875]
[0,210,697,901,1273,1875]
[0,618,1875]
[0,823,1273,1629,1875]
[0,823,1357,1875]
[0,75,823,1273,1432,1629,1875]
[0,697,901,1273,1875]
[0,691,1357,1875]
[0,75,210,697,901,1273,1432,1629,1875]
[0,210,618,1273,1875]
[0,901,1273,1432,1705,1875]
[0,691,1458,1875]
[0,618,1446,1875]
[0,84,823,1273,1682,1875]
[0,1357,1875]
[0,1273,1875]
[0,75,901,1273,1432,1705,1875]
[0,84,823,1273,1629,1682,1875]
[0,169,691,1357,1875]
[0,169,823,1357,1875]
[0,901,1273,1432,1875]
[0,210,901,1273,1629,1875]
[0,169,823,1273,1432,1875]
[0,210,901,1273,1875]
[0,210,697,901,1273,1432,1629,1875]
[0,210,618,1629,1875]
[0,75,823,1273,1432,1875]
[0,901,1273,1705,1875]
[0,169,691,1875]
[0,823,1273,1432,1875]
[0,75,697,901,1273,1432,1629,1875]
[0,169,691,1458,1875]
[0,823,1273,1432,1629,1875]
[0,169,823,1273,1875]
[0,901,1273,1432,1629,1875]
[0,1629,1875]
[0,210,901,1273,1432,1629,1875]
[0,75,823,1273,1875]
[0,75,901,1273,1432,1875]
[0,84,823,1273,1875]
[0,618,1273,1875]
[0,210,1629,1875]
[0,210,823,1273,1875]
[0,691,1875]
[0,1446,1875]
[0,697,901,1273,1629,1875]
[0,75,901,1273,1432,1629,1875]
[0,697,901,1273,1432,1629,1875]
