[0,762,1465]
[0,122,643,785,874,958,1465]
[0,122,253,450,643,798,1465]
[0,643,1465]
[0,450,762,1465]
[0,122,643,798,1043,1465]
[0,785,1043,1465]
[0,122,643,798,884,1043,1465]
[0,253,450,643,798,1465]
[0,122,785,874,958,1043,1465]
[0,823,1465]
[0,557,884,1465]
[0,122,762,1465]
[0,798,1043,1465]
[0,122,785,874,1465]
[0,122,643,785,874,958,1043,1465]
[0,122,394,643,785,1465]
[0,122,643,1465]
[0,122,643,798,1465]
[0,122,798,884,958,1465]
[0,274,823,1465]
[0,785,1465]
[0,884,1465]
[0,122,643,785,874,1465]
[0,122,394,643,785,874,958,1465]
[0,122,450,762,1465]
[0,122,798,884,1043,1465]
[0,798,1465]
[0,122,785,1043,1465]
[0,122,557,884,1465]
[0,122,874,958,1043,1465]
[0,122,798,884,958,1043,1465]
[0,122,785,1465]
[0,122,884,1465]
[0,643,785,1465]
[0,122,253,643,798,1465]
[0,450,643,798,1465]
[0,643,958,1465]
[0,253,450,798,1465]
[0,253,643,1465]
[0,122,798,1043,1465]
[0,1043,1465]
[0,394,643,1465]
[0,122,643,785,1465]
[0,253,643,798,1465]
[0,122,643,785,958,1043,1465]
[0,643,785,1043,1465]
[0,122,394,643,798,1465]
[0,122,643,798,884,958,1043,1465]
[0,122,643,798,884,1465]
[0,122,785,958,1043,1465]
[0,122,798,884,1465]
[0,122,1043,1465]
[0,394,643,798,1465]
[0,122,643,958,1465]
[0,122,643,785,1043,1465]
[0,274,1465]
[0,394,643,785,1465]
[0,122,394,643,785,874,1465]
[0,450,798,1465]
[0,450,1465]
[0,122,643,798,884,958,1465]
[0,122,1465]
[0,122,798,1465]
[0,122,958,1043,1465]
[0,643,798,1465]
[0,643,798,1043,1465]
