[0,1453,1820,1935,2600,2812]
[0,481,1453,1690,1820,1935,2600,2812]
[0,481,1453,1690,1935,2600,2812]
[0,481,971,1150,1453,1690,1935,2600,2812]
[0,481,971,1251,1453,1820,1935,2600,2812]
[0,481,1150,1453,1690,1820,1935,2600,2812]
[0,481,1453,1820,1935,2600,2812]
[0,481,971,1150,1319,1453,1690,1820,1935,2600,2812]
[0,481,971,1150,1453,1690,1820,1935,2600,2812]
[0,1453,1935,2600,2812]
[0,1453,1820,1935,2812]
[0,481,971,1150,1453,1935,2600,2812]
[0,481,1150,1453,1935,2812]
[0,481,1150,1453,1690,1935,2600,2812]
[0,481,1150,1453,1690,1935,2812]
[0,1453,1690,1820,1935,2600,2812]
[0,481,1251,1453,1820,1935,2600,2812]
[0,1453,1935,2812]
[0,481,971,1453,1935,2600,2812]
[0,481,1150,1453,1935,2600,2812]
[0,481,1453,1935,2600,2812]
[0,971,1453,1935,2812]
[0,481,1150,1453,1820,1935,2600,2812]
[0,481,1453,1690,1935,2812]
[0,481,1453,1935,2812]
[0,1453,1690,2812]
[0,1453,1690,1935,2600,2812]
[0,481,971,1150,1319,1453,1690,1935,2600,2812]
[0,1935,2812]
[0,1453,1690,1935,2812]
[0,1690,2812]
[0,481,971,1251,1453,1935,2600,2812]
[0,481,971,1453,1935,2812]
[0,1453,1690,1820,1935,2812]
[0,481,1251,1453,1935,2600,2812]
[0,481,971,1150,1453,1820,1935,2600,2812]
