[0,90,278,375,622,728,1017,1331,1642]
[0,90,278,375,622,728,1017,1245,1331,1642]
[0,278,375,728,1245,1331,1642]
[0,233,728,1642]
[0,90,278,728,1140,1331,1642]
[0,90,278,375,622,728,1331,1642]
[0,278,375,728,1017,1245,1331,1642]
[0,375,622,728,1017,1331,1642]
[0,278,375,622,728,1331,1642]
[0,278,375,622,728,1140,1331,1642]
[0,375,728,1140,1331,1642]
[0,278,375,622,728,1017,1331,1642]
[0,90,278,728,1331,1642]
[0,375,728,1017,1331,1642]
[0,375,622,728,1017,1642]
[0,233,1642]
[0,278,375,622,728,1017,1140,1331,1642]
[0,90,278,375,622,728,1140,1331,1642]
[0,278,728,1331,1642]
[0,278,375,622,728,1642]
[0,90,278,375,622,728,1017,1140,1245,1331,1642]
[0,278,728,1642]
[0,278,684,1642]
[0,278,375,728,1017,1331,1642]
[0,375,728,1245,1331,1642]
[0,375,728,1642]
[0,684,1642]
[0,728,1642]
[0,278,375,622,728,1017,1245,1331,1642]
[0,278,375,728,1017,1140,1331,1642]
[0,375,728,1017,1642]
[0,90,278,375,622,728,1017,1140,1331,1642]
[0,375,728,1017,1140,1331,1642]
[0,428,1245,1642]
[0,375,622,728,1331,1642]
[0,278,375,622,728,1017,1642]
[0,278,375,728,1331,1642]
[0,278,728,1140,1331,1642]
[0,728,1331,1642]
[0,428,1642]
[0,278,375,728,1642]
[0,375,1642]
[0,90,278,375,622,728,1017,1642]
[0,278,1642]
[0,375,622,728,1642]
[0,375,622,728,1017,1140,1331,1642]
[0,375,728,1331,1642]
[0,233,684,1642]
[0,375,622,728,1140,1331,1642]
