[0,672,1208,1860,2019]
[0,92,2019]
[0,114,2019]
[0,672,1208,1543,2019]
[0,92,268,672,1208,1860,2019]
[0,46,534,1208,1334,1632,1860,2019]
[0,92,534,2019]
[0,114,534,1208,1860,2019]
[0,268,672,1208,1632,1860,2019]
[0,672,1166,2019]
[0,114,534,1165,2019]
[0,92,534,1208,2019]
[0,92,534,1208,1860,2019]
[0,1632,1860,2019]
[0,92,672,1166,1297,2019]
[0,672,1208,1543,1860,2019]
[0,114,534,1160,1860,2019]
[0,672,1166,1297,1632,1860,2019]
[0,534,963,2019]
[0,268,672,1208,1632,2019]
[0,92,672,1166,1297,1632,2019]
[0,672,1208,1470,1632,2019]
[0,114,534,1160,2019]
[0,268,672,1208,1470,1632,2019]
[0,534,1632,2019]
[0,672,2019]
[0,534,1165,2019]
[0,92,672,1166,1297,1632,1860,2019]
[0,672,1166,1632,1860,2019]
[0,534,1208,1860,2019]
[0,534,1208,1543,2019]
[0,92,268,672,1208,1543,1860,2019]
[0,534,1860,2019]
[0,534,1160,2019]
[0,92,268,672,1208,1470,1632,1860,2019]
[0,268,672,1208,1470,1632,1860,2019]
[0,46,534,1632,1860,2019]
[0,672,1208,1632,1860,2019]
[0,46,534,1632,2019]
[0,534,1208,1632,1860,2019]
[0,534,1208,1334,1632,1860,2019]
[0,534,1208,1632,2019]
[0,92,672,1208,1632,1860,2019]
[0,114,534,1208,1543,1860,2019]
[0,1208,2019]
[0,534,963,1860,2019]
[0,534,1632,1860,2019]
[0,534,1160,1860,2019]
[0,268,672,1208,2019]
[0,114,534,2019]
[0,534,2019]
[0,672,1166,1632,2019]
[0,672,1208,2019]
[0,672,1166,1297,2019]
[0,1632,2019]
[0,92,672,2019]
[0,672,1166,1860,2019]
[0,1165,2019]
[0,46,534,1208,1334,1632,2019]
[0,534,1208,1334,1632,2019]
[0,534,1208,1334,2019]
[0,46,534,1208,2019]
[0,46,534,2019]
[0,672,1208,1470,1632,1860,2019]
[0,92,268,672,1208,1632,1860,2019]
[0,114,534,1208,2019]
[0,672,1166,1297,1632,2019]
[0,672,1208,1632,2019]
[0,1160,2019]
[0,268,672,1208,1860,2019]
[0,268,672,1208,1543,2019]
[0,92,672,1208,1860,2019]
[0,1470,2019]
[0,92,672,1208,2019]
[0,46,2019]
[0,534,1208,1543,1860,2019]
[0,268,672,1208,1543,1860,2019]
[0,360,1470,2019]
[0,1165,1741,2019]
[0,46,534,1208,1334,2019]
[0,92,672,1166,2019]
[0,534,1208,2019]
[0,1166,2019]
