[0,268,376,666,854,1212,1407,1711,1840,2189]
[0,376,666,854,1212,1407,1705,1840,2189]
[0,268,376,666,854,1212,1407,1522,1840,2189]
[0,666,854,1212,1407,1711,1840,2189]
[0,376,1840,2189]
[0,854,1212,1407,2189]
[0,1212,1407,2189]
[0,376,666,854,1212,1407,1840,2189]
[0,854,1407,2189]
[0,666,854,1212,1407,2189]
[0,854,1212,1840,2189]
[0,854,1212,1407,1711,2189]
[0,268,376,666,854,1212,1407,2189]
[0,376,854,1407,2189]
[0,811,1212,1407,2189]
[0,268,376,666,854,1212,1407,1705,1840,2189]
[0,376,2189]
[0,376,854,1212,1705,2189]
[0,268,854,1407,2020,2189]
[0,376,854,1407,2064,2189]
[0,376,854,1212,1407,1705,2189]
[0,666,854,1212,1407,1711,2189]
[0,376,1212,1705,2189]
[0,376,1212,2189]
[0,376,854,1840,2189]
[0,854,1717,2189]
[0,1212,2189]
[0,376,666,854,1212,1407,1705,2189]
[0,376,854,1840,2064,2189]
[0,376,1212,1711,2189]
[0,811,2189]
[0,426,2189]
[0,854,1212,1407,1711,1840,2189]
[0,854,1212,1705,2189]
[0,376,854,1212,2189]
[0,854,1212,1407,1705,1840,2189]
[0,376,666,854,1212,1407,1711,1840,2189]
[0,666,854,1212,1407,1705,1840,2189]
[0,376,854,1212,1407,1711,2189]
[0,1407,1717,2189]
[0,376,854,1212,1711,2189]
[0,376,854,1212,1407,2189]
[0,376,666,854,1212,1407,1522,2189]
[0,854,1212,2189]
[0,268,376,666,854,1212,1407,1522,2189]
[0,1212,1705,2189]
[0,1407,2189]
[0,268,854,1407,2189]
[0,1407,1717,2064,2189]
[0,854,1407,1717,2189]
[0,376,1407,2020,2189]
[0,376,1407,2189]
[0,376,1407,2064,2189]
[0,376,666,854,1212,1407,1711,2189]
[0,854,1705,2189]
[0,376,854,1212,1407,1840,2189]
[0,854,2189]
[0,376,666,854,1212,1407,1522,1840,2189]
[0,811,1212,2189]
[0,376,666,854,1212,1407,2189]
[0,854,1212,1711,2189]
[0,854,1711,2189]
[0,666,854,1212,1407,1705,2189]
[0,376,854,1212,1840,2189]
[0,376,854,2189]
[0,854,1212,1407,1705,2189]
[0,1212,1711,2189]
[0,854,1407,1717,2064,2189]
