[0,363,443,628,852,909,1264]
[0,363,628,1003,1182,1264]
[0,363,443,628,852,1264]
[0,363,443,628,679,852,909,1003,1182,1264]
[0,363,628,852,1003,1264]
[0,628,852,1264]
[0,628,1003,1182,1264]
[0,283,363,443,628,852,909,1003,1182,1264]
[0,363,628,852,1264]
[0,283,363,443,628,852,1264]
[0,363,488,628,852,1182,1264]
[0,628,1003,1264]
[0,852,1264]
[0,628,852,1182,1264]
[0,363,852,1264]
[0,363,488,628,852,1264]
[0,363,1264]
[0,363,443,628,852,1003,1264]
[0,363,443,628,852,1003,1182,1264]
[0,488,628,852,1264]
[0,363,488,628,852,909,1264]
[0,363,628,852,1003,1182,1264]
[0,363,443,628,1003,1264]
[0,363,628,1003,1264]
[0,363,443,628,1264]
[0,363,443,628,852,909,1182,1264]
[0,488,1264]
[0,363,488,1264]
[0,283,363,443,628,852,1003,1182,1264]
[0,363,628,852,1182,1264]
[0,363,443,628,852,909,1003,1182,1264]
[0,363,443,628,679,852,909,1264]
[0,488,628,1264]
[0,628,1264]
[0,363,488,628,1264]
[0,363,628,1264]
[0,363,443,628,1003,1182,1264]
[0,283,363,443,628,852,1182,1264]
[0,363,443,628,852,1182,1264]
[0,363,443,628,679,852,909,1003,1264]
[0,363,443,628,852,909,1003,1264]
[0,443,1264]
[0,363,443,1264]
[0,363,488,628,852,909,1182,1264]
