[0,392,839,1046]
[0,405,839,1046]
[0,324,405,746,839,908,1046]
[0,324,405,653,839,1046]
[0,405,653,839,990,1046]
[0,839,990,1046]
[0,324,405,734,839,1046]
[0,324,405,746,839,1046]
[0,405,839,990,1046]
[0,405,734,839,990,1046]
[0,405,746,839,990,1046]
[0,324,405,746,839,908,990,1046]
[0,839,1046]
[0,324,405,653,839,990,1046]
[0,392,1046]
[0,392,653,839,1046]
[0,405,746,839,908,1046]
[0,405,746,839,908,990,1046]
[0,734,839,1046]
[0,405,575,839,1046]
[0,392,839,990,1046]
[0,324,405,575,734,839,1046]
[0,405,734,839,908,1046]
[0,324,405,734,839,908,990,1046]
[0,405,1046]
[0,746,839,1046]
[0,324,405,746,839,990,1046]
[0,405,734,839,908,990,1046]
[0,405,734,839,1046]
[0,405,746,839,1046]
[0,324,405,575,734,839,908,1046]
[0,324,405,734,839,990,1046]
[0,392,653,839,990,1046]
[0,324,405,575,734,839,908,990,1046]
[0,324,405,734,839,908,1046]
[0,405,575,734,839,1046]
[0,405,653,839,1046]
