[0,820,1270,1793,2020]
[0,107,603,660,2020]
[0,603,820,1270,1398,1580,1793,2020]
[0,1270,1758,2020]
[0,820,1224,1580,2020]
[0,820,1270,2020]
[0,603,820,1224,2020]
[0,107,603,2020]
[0,820,1224,1580,1793,2020]
[0,603,1580,1793,2020]
[0,107,603,820,1270,1398,1580,1793,2020]
[0,603,1270,1793,2020]
[0,107,603,820,2020]
[0,107,603,660,820,1224,1398,1793,1865,2020]
[0,820,1580,1793,2020]
[0,820,1793,2020]
[0,1224,1580,1793,2020]
[0,603,820,1758,2020]
[0,603,895,2020]
[0,603,820,1224,1398,2020]
[0,1580,2020]
[0,603,895,1793,2020]
[0,1224,1398,2020]
[0,820,1224,1398,1793,2020]
[0,1793,2020]
[0,107,603,820,1224,1398,1793,1865,2020]
[0,603,820,1224,1398,1580,1793,2020]
[0,895,2020]
[0,1224,1398,1793,2020]
[0,895,1224,1398,2020]
[0,603,1270,2020]
[0,107,603,820,1224,1398,1580,1793,1865,2020]
[0,660,1224,2020]
[0,107,603,1580,1793,2020]
[0,895,1224,2020]
[0,107,603,660,820,1224,1398,1793,2020]
[0,107,603,1270,1793,2020]
[0,107,603,660,820,1224,1398,1580,1793,2020]
[0,603,895,1270,2020]
[0,1270,2020]
[0,660,1224,1398,2020]
[0,107,603,660,820,1224,1398,1580,1793,1865,2020]
[0,603,895,1224,1398,1793,2020]
[0,107,603,895,2020]
[0,603,820,1270,1580,1793,2020]
[0,107,1758,2020]
[0,820,1224,1793,2020]
[0,107,1224,1398,1793,1865,2020]
[0,603,1793,2020]
[0,107,603,660,1224,1398,1793,2020]
[0,107,603,820,1224,1398,1580,1793,2020]
[0,603,895,1580,1793,2020]
[0,660,1224,1398,1793,2020]
[0,107,1224,1398,1793,2020]
[0,107,603,895,1270,1580,1793,2020]
[0,107,2020]
[0,107,603,1580,1793,1865,2020]
[0,603,820,1224,1398,1793,2020]
[0,603,1398,2020]
[0,107,603,660,1224,1398,1793,1865,2020]
[0,107,820,1224,1398,2020]
[0,107,603,895,1580,1793,2020]
[0,107,1270,1793,2020]
[0,107,603,820,1224,1398,2020]
[0,1224,1580,2020]
[0,660,1398,1793,2020]
[0,820,1224,2020]
[0,107,1580,1793,2020]
[0,107,1224,1398,2020]
[0,1398,2020]
[0,603,895,1224,2020]
[0,603,660,1224,1398,2020]
[0,1580,1793,2020]
[0,895,1224,1580,2020]
[0,603,2020]
[0,107,603,660,1580,1793,2020]
[0,603,660,2020]
[0,1270,1793,2020]
[0,107,603,820,1793,2020]
[0,107,603,820,1758,2020]
[0,107,660,1224,1398,1793,1865,2020]
[0,107,603,1793,2020]
[0,107,603,660,1793,2020]
[0,660,2020]
[0,107,603,660,1224,1398,2020]
[0,603,895,1224,1398,1580,1793,2020]
[0,107,820,1758,2020]
[0,603,895,1224,1580,2020]
[0,107,603,895,1793,2020]
[0,603,820,1224,1580,1793,2020]
[0,107,1793,2020]
[0,603,895,1270,1580,1793,2020]
[0,820,1758,2020]
[0,1758,2020]
[0,603,820,1793,2020]
[0,603,895,1224,1793,2020]
[0,895,1793,2020]
[0,107,1580,1793,1865,2020]
[0,603,895,1270,1793,2020]
[0,107,660,1224,1398,1793,2020]
[0,603,820,1224,1580,2020]
[0,820,1224,1398,2020]
[0,603,895,1224,1398,2020]
[0,603,820,1224,1793,2020]
[0,107,603,895,1224,1398,1580,1793,2020]
[0,1398,1793,2020]
[0,603,820,1580,1793,2020]
[0,107,603,895,1224,1398,1793,2020]
[0,603,820,1270,1793,2020]
[0,107,660,1224,1398,2020]
[0,107,603,820,1270,1580,1793,2020]
[0,895,1270,2020]
[0,107,603,895,1224,1398,2020]
[0,603,895,1224,1580,1793,2020]
[0,895,1224,1580,1793,2020]
[0,895,1224,1793,2020]
[0,603,820,2020]
[0,107,603,820,1224,1398,1793,2020]
[0,107,603,660,1580,1793,1865,2020]
[0,107,603,820,1580,1793,2020]
[0,107,1270,1758,2020]
[0,660,1398,2020]
[0,820,2020]
[0,895,1224,1398,1793,2020]
