[0,1310,1620,2053]
[0,1015,1236,1293,1359,1556,1620,2053]
[0,633,1310,1620,2053]
[0,1293,2053]
[0,633,811,1015,1236,1556,1620,2053]
[0,1236,1556,2053]
[0,1359,2053]
[0,1293,1359,2053]
[0,811,1359,1556,2053]
[0,1015,1236,1556,2053]
[0,1236,1327,2053]
[0,83,1310,1620,2053]
[0,859,2053]
[0,1236,1556,1620,2053]
[0,1293,1359,1556,1620,2053]
[0,633,811,1015,1293,1359,1556,1620,2053]
[0,811,1556,2053]
[0,1015,1236,1310,1556,1620,2053]
[0,1015,1359,2053]
[0,83,633,1236,1327,1620,2053]
[0,633,1236,1327,1620,2053]
[0,51,633,1236,2053]
[0,1556,1620,2053]
[0,1359,1556,2053]
[0,859,1620,2053]
[0,1343,2053]
[0,1015,2053]
[0,633,811,1015,1293,1359,1556,2053]
[0,633,811,1015,1359,1556,2053]
[0,1015,1293,1359,1556,1620,2053]
[0,859,1015,1236,1327,1620,2053]
[0,633,859,1015,1236,2053]
[0,83,1015,1236,1327,1620,2053]
[0,1015,1236,1310,1359,1556,1620,2053]
[0,1556,2053]
[0,688,1293,1620,2053]
[0,811,1015,1293,1359,1556,2053]
[0,633,811,1015,1236,1556,2053]
[0,859,1310,1620,2053]
[0,1236,1310,1359,1556,1620,2053]
[0,811,1293,1359,1556,2053]
[0,859,1015,1236,2053]
[0,1236,1293,1359,1556,2053]
[0,688,1293,2053]
[0,633,1620,2053]
[0,51,633,811,1015,1236,1556,1620,2053]
[0,633,859,1015,1236,1327,1620,2053]
[0,83,2053]
[0,633,1015,1236,1620,2053]
[0,633,2053]
[0,633,811,1293,1359,1556,1620,2053]
[0,1236,1310,1620,2053]
[0,633,811,1359,1556,2053]
[0,1236,2053]
[0,633,1015,1236,2053]
[0,633,1015,1236,1327,1620,2053]
[0,1015,1236,1620,2053]
[0,1015,1236,1327,2053]
[0,83,688,1293,1620,2053]
[0,1236,1293,1359,1556,1620,2053]
[0,811,2053]
[0,83,633,1015,1236,1327,1620,2053]
[0,1015,1236,2053]
[0,633,811,1015,1236,1293,1359,1556,1620,2053]
[0,51,1015,1236,2053]
[0,859,1015,1236,1620,2053]
[0,1015,1236,1327,1620,2053]
[0,633,859,1310,1620,2053]
[0,83,633,859,1015,1236,1327,1620,2053]
[0,811,1293,1359,1556,1620,2053]
[0,1015,1293,1359,1556,2053]
[0,83,633,1236,2053]
[0,633,1236,2053]
[0,51,2053]
[0,1236,1327,1620,2053]
[0,811,1015,1293,1359,1556,1620,2053]
[0,83,633,1310,1620,2053]
[0,1015,1359,1556,2053]
[0,83,633,859,1310,1620,2053]
[0,1236,1310,1556,1620,2053]
[0,633,859,1015,1236,1620,2053]
[0,1620,2053]
[0,1327,1620,2053]
[0,633,1359,2053]
[0,51,633,811,1015,1236,1293,1359,1556,1620,2053]
[0,811,1015,1359,1556,2053]
[0,1293,1620,2053]
[0,1293,1359,1556,2053]
[0,1236,1293,2053]
[0,811,1015,1236,2053]
[0,633,811,1015,1236,2053]
[0,633,1343,2053]
[0,1015,1236,1310,1620,2053]
[0,1015,1620,2053]
[0,633,811,1293,1359,1556,2053]
[0,51,633,811,1015,1236,2053]
[0,811,1015,1359,2053]
[0,1310,1359,1556,1620,2053]
[0,811,1015,1236,1556,2053]
[0,633,1236,1620,2053]
[0,811,1015,1236,1556,1620,2053]
[0,1359,1556,1620,2053]
[0,83,1359,2053]
[0,1015,1236,1310,2053]
[0,1236,1310,2053]
[0,811,1015,1236,1293,1359,1556,1620,2053]
[0,51,633,2053]
[0,633,1359,1556,2053]
[0,811,1015,2053]
[0,1236,1293,1359,2053]
[0,1015,1236,1556,1620,2053]
