[0,44,142,915,1000,1245,1343]
[0,915,1000,1245,1343]
[0,44,142,915,1090,1245,1343]
[0,540,1343]
[0,44,142,250,915,1000,1118,1245,1343]
[0,121,915,1343]
[0,142,1000,1245,1343]
[0,194,1343]
[0,142,250,915,1090,1343]
[0,44,142,250,915,1000,1090,1245,1343]
[0,121,583,915,1118,1343]
[0,44,1343]
[0,540,915,1343]
[0,142,1118,1343]
[0,142,915,1000,1245,1343]
[0,142,250,915,1090,1245,1343]
[0,121,1245,1343]
[0,915,1015,1245,1343]
[0,915,1015,1343]
[0,44,915,1090,1245,1343]
[0,44,915,1343]
[0,121,915,1000,1118,1245,1343]
[0,142,915,1343]
[0,915,1090,1245,1343]
[0,915,1343]
[0,194,1245,1343]
[0,121,1000,1343]
[0,44,915,1000,1245,1343]
[0,142,1245,1343]
[0,583,915,1118,1343]
[0,142,1343]
[0,142,250,1245,1343]
[0,915,1245,1343]
[0,121,1118,1343]
[0,44,142,250,915,1090,1245,1343]
[0,583,915,1343]
[0,142,915,1000,1343]
[0,121,583,915,1118,1245,1343]
[0,142,915,1090,1245,1343]
[0,540,915,1245,1343]
[0,121,1118,1245,1343]
[0,121,915,1000,1245,1343]
[0,194,915,1015,1245,1343]
[0,121,1000,1245,1343]
[0,915,1000,1343]
[0,142,915,1090,1343]
[0,121,583,915,1000,1118,1245,1343]
[0,142,250,915,1000,1245,1343]
[0,1118,1343]
[0,540,1245,1343]
[0,915,1090,1343]
[0,121,1343]
[0,121,915,1118,1245,1343]
[0,44,915,1000,1343]
[0,142,915,1118,1343]
[0,44,142,250,915,1000,1245,1343]
[0,194,915,1343]
[0,142,250,915,1118,1343]
[0,121,915,1015,1343]
[0,1245,1343]
[0,915,1118,1343]
[0,250,1343]
[0,142,250,915,1000,1118,1245,1343]
[0,142,1118,1245,1343]
[0,142,250,915,1118,1245,1343]
[0,121,915,1015,1245,1343]
[0,142,250,915,1245,1343]
[0,121,915,1118,1343]
[0,142,250,915,1000,1090,1245,1343]
[0,142,250,1343]
[0,194,915,1015,1343]
[0,142,915,1118,1245,1343]
[0,142,1000,1343]
[0,142,250,915,1343]
[0,1000,1343]
