[0,340,1046]
[0,122,185,340,521,1046]
[0,52,122,185,340,566,773,946,1046]
[0,52,122,185,340,566,1003,1046]
[0,185,340,521,946,1046]
[0,185,340,521,773,946,1046]
[0,52,122,185,340,521,773,1046]
[0,52,122,185,340,566,1046]
[0,185,340,521,1003,1046]
[0,340,566,773,1046]
[0,185,340,566,946,1046]
[0,140,521,1046]
[0,185,340,521,1046]
[0,122,185,340,566,773,819,1046]
[0,52,122,185,340,566,773,819,946,1046]
[0,52,122,185,340,566,773,819,946,1003,1046]
[0,122,185,340,521,946,1046]
[0,122,185,340,521,1003,1046]
[0,122,185,340,566,773,1046]
[0,340,521,1003,1046]
[0,52,122,185,340,566,773,819,1003,1046]
[0,122,185,340,566,773,946,1046]
[0,52,122,185,340,521,773,946,1003,1046]
[0,140,1003,1046]
[0,122,185,340,521,773,946,1003,1046]
[0,52,122,185,340,566,946,1003,1046]
[0,340,566,1046]
[0,122,185,340,1046]
[0,340,773,1046]
[0,52,122,185,340,566,773,946,1003,1046]
[0,185,340,1046]
[0,122,185,340,521,773,819,1046]
[0,52,122,185,340,521,946,1046]
[0,122,185,340,566,1046]
[0,52,122,185,340,521,1003,1046]
[0,52,122,185,340,521,1046]
[0,52,122,185,340,566,773,1046]
[0,140,521,1003,1046]
[0,52,122,185,340,521,773,819,1046]
[0,122,185,340,566,946,1046]
[0,122,185,340,521,773,1046]
[0,185,340,521,773,1046]
[0,185,340,566,773,1046]
[0,52,122,185,340,521,773,819,946,1003,1046]
[0,52,122,185,340,521,773,819,946,1046]
[0,340,521,773,1046]
[0,52,122,185,340,521,946,1003,1046]
[0,122,185,340,521,773,946,1046]
[0,185,340,566,773,946,1046]
[0,52,122,185,340,566,773,819,1046]
[0,52,122,185,340,521,773,946,1046]
[0,185,340,566,1046]
[0,52,122,185,340,566,946,1046]
[0,52,122,185,340,521,773,819,1003,1046]
[0,340,1003,1046]
[0,1003,1046]
[0,340,521,1046]
[0,521,1046]
[0,122,185,340,521,946,1003,1046]
[0,140,1046]
