[0,766,1911]
[0,170,378,537,820,916,1155,1489,1666,1911]
[0,378,820,1666,1911]
[0,820,1666,1911]
[0,170,820,1173,1489,1666,1911]
[0,170,378,537,820,1155,1489,1666,1911]
[0,820,1173,1911]
[0,916,1911]
[0,537,820,1155,1666,1911]
[0,170,537,820,1155,1489,1666,1911]
[0,820,1155,1911]
[0,170,820,916,1173,1911]
[0,1155,1911]
[0,170,820,1155,1666,1911]
[0,170,820,1155,1489,1666,1911]
[0,378,1911]
[0,331,857,1911]
[0,820,1173,1489,1911]
[0,378,820,1155,1911]
[0,378,1155,1911]
[0,820,1155,1666,1911]
[0,537,820,1155,1911]
[0,170,537,820,1155,1666,1911]
[0,378,820,1911]
[0,170,820,916,1911]
[0,820,1155,1489,1666,1911]
[0,170,820,916,1155,1911]
[0,331,857,1666,1911]
[0,170,378,537,820,1155,1666,1911]
[0,378,820,1155,1666,1911]
[0,170,820,1173,1911]
[0,170,820,916,1173,1489,1666,1830,1911]
[0,537,820,1155,1489,1911]
[0,170,378,537,820,1155,1911]
[0,820,1911]
[0,170,378,537,820,916,1155,1911]
[0,170,820,916,1830,1911]
[0,170,820,916,1173,1830,1911]
[0,170,378,537,820,916,1155,1489,1666,1760,1911]
[0,170,820,916,1173,1489,1666,1911]
[0,170,820,1155,1911]
[0,170,820,1155,1830,1911]
[0,331,1666,1911]
[0,820,916,1911]
[0,820,1173,1489,1666,1911]
[0,170,378,537,820,916,1155,1489,1666,1830,1911]
[0,820,1155,1489,1911]
[0,170,916,1911]
[0,170,378,537,820,916,1155,1760,1911]
[0,857,1911]
[0,331,1911]
[0,170,378,537,820,1155,1760,1911]
[0,537,820,1155,1489,1666,1911]
[0,378,1666,1911]
[0,170,537,820,916,1155,1911]
[0,170,537,820,1155,1911]
[0,170,1911]
[0,170,820,916,1155,1489,1666,1911]
[0,170,537,820,916,1155,1489,1666,1911]
