[0,1189,2006,2189]
[0,64,2189]
[0,920,2189]
[0,64,943,1189,2006,2189]
[0,468,943,1189,2189]
[0,1044,1189,1508,1574,2006,2189]
[0,468,1135,1542,2189]
[0,64,1135,2006,2189]
[0,943,1508,2189]
[0,253,1574,2189]
[0,920,1542,2189]
[0,920,1135,2006,2189]
[0,64,468,975,2006,2189]
[0,1508,1574,2006,2189]
[0,1044,1508,1574,2006,2189]
[0,1135,2006,2189]
[0,920,2006,2189]
[0,468,2189]
[0,488,1542,2189]
[0,920,1135,2189]
[0,1044,1508,2006,2189]
[0,943,1189,2189]
[0,64,920,1135,1542,2189]
[0,64,2006,2189]
[0,64,468,920,1135,1542,1930,2189]
[0,1189,2189]
[0,64,920,1135,2006,2189]
[0,468,2006,2189]
[0,975,2189]
[0,1044,1508,2189]
[0,468,1044,1189,2006,2189]
[0,943,1508,2006,2189]
[0,1508,1574,2189]
[0,207,1826,2189]
[0,207,1542,2189]
[0,207,1542,1930,2189]
[0,488,1542,1930,2189]
[0,468,975,1044,2006,2189]
[0,468,1189,2189]
[0,920,1135,1542,2189]
[0,64,468,975,1044,2006,2189]
[0,1044,1189,1508,2006,2189]
[0,1135,2189]
[0,468,975,2189]
[0,64,468,920,1135,1542,2189]
[0,64,1508,1574,2006,2189]
[0,468,920,1135,1542,2189]
[0,64,1044,1508,1574,2006,2189]
[0,468,920,1135,1542,1930,2189]
[0,1826,2189]
[0,1542,2189]
[0,64,1542,2189]
[0,468,1135,1542,1930,2189]
[0,1044,1189,2006,2189]
[0,468,975,2006,2189]
[0,468,1542,2189]
[0,2006,2189]
[0,1542,1930,2189]
[0,64,1044,1189,2006,2189]
[0,1508,2006,2189]
[0,488,975,1542,1930,2189]
[0,64,1189,2006,2189]
[0,64,468,1044,1189,2006,2189]
[0,64,943,1508,1574,2006,2189]
[0,64,1044,1189,1508,1574,2006,2189]
[0,64,468,2006,2189]
[0,1508,2189]
[0,943,1189,2006,2189]
[0,1574,2189]
[0,488,975,1542,2189]
[0,468,1189,2006,2189]
[0,468,943,1189,2006,2189]
[0,64,920,1542,2189]
[0,943,1508,1574,2006,2189]
[0,64,468,943,1189,2006,2189]
