[0,53,144,227,282,357,546,652,732,997]
[0,144,227,326,546,652,732,997]
[0,144,282,546,652,732,997]
[0,144,227,357,499,546,997]
[0,144,282,652,997]
[0,732,997]
[0,53,144,227,282,326,499,546,652,732,997]
[0,282,357,499,546,652,997]
[0,227,326,499,546,652,732,997]
[0,282,326,546,997]
[0,227,357,546,997]
[0,282,499,652,997]
[0,282,546,997]
[0,227,652,997]
[0,227,326,652,732,997]
[0,227,357,997]
[0,282,357,732,997]
[0,227,282,357,546,652,732,997]
[0,144,282,546,652,997]
[0,282,997]
[0,144,227,326,546,997]
[0,227,326,997]
[0,144,227,326,652,732,997]
[0,282,499,546,997]
[0,53,144,227,357,499,546,997]
[0,282,357,546,652,732,997]
[0,227,997]
[0,227,282,357,499,546,652,732,997]
[0,282,499,997]
[0,227,546,652,997]
[0,282,357,499,546,652,732,997]
[0,144,227,326,997]
[0,227,326,546,652,997]
[0,227,326,499,546,997]
[0,144,227,282,357,499,546,652,732,997]
[0,282,326,499,546,652,732,997]
[0,282,499,546,652,732,997]
[0,227,732,997]
[0,282,652,732,997]
[0,227,326,546,652,732,997]
[0,227,325,997]
[0,227,326,732,997]
[0,282,326,499,546,997]
[0,144,282,652,732,997]
[0,53,144,227,326,499,546,652,732,997]
[0,144,227,326,732,997]
[0,282,546,652,732,997]
[0,227,357,499,546,997]
[0,227,282,326,499,546,652,732,997]
[0,282,499,732,997]
[0,53,144,227,326,546,997]
[0,53,144,227,357,997]
[0,282,357,546,997]
[0,282,499,652,732,997]
[0,144,227,326,546,652,997]
[0,282,652,997]
[0,53,144,227,326,546,652,732,997]
[0,144,227,282,357,546,652,732,997]
[0,282,357,997]
[0,53,144,227,326,997]
[0,53,144,227,326,652,732,997]
[0,53,144,227,326,499,546,997]
[0,282,326,997]
[0,282,326,499,546,652,997]
[0,282,357,546,652,997]
[0,282,357,499,546,997]
[0,652,997]
[0,282,546,652,997]
[0,546,997]
[0,144,227,326,499,546,997]
[0,227,546,997]
[0,144,227,326,499,546,652,732,997]
[0,227,326,499,546,652,997]
[0,227,326,546,997]
[0,282,357,652,732,997]
[0,144,227,282,326,499,546,652,732,997]
[0,53,144,227,282,357,499,546,652,732,997]
[0,282,499,546,652,997]
[0,144,227,357,546,997]
[0,53,144,227,357,546,997]
[0,144,227,357,997]
[0,282,732,997]
[0,144,282,357,546,652,732,997]
[0,227,327,997]
