[0,611,745,944,1237,1371,1670,1836,2020]
[0,284,1371,1702,2020]
[0,386,745,1371,1670,2020]
[0,257,944,1237,1371,1670,2020]
[0,386,745,1670,2020]
[0,257,745,944,1237,1670,2020]
[0,257,1670,2020]
[0,611,944,1670,2020]
[0,386,745,944,1237,1371,1670,1836,1957,2020]
[0,611,944,1237,1670,1836,2020]
[0,257,944,1237,1371,1670,1836,1957,2020]
[0,632,745,944,1237,1371,1670,1836,2020]
[0,745,944,1237,1670,1836,2020]
[0,745,944,1237,1371,1670,2020]
[0,944,2020]
[0,745,944,1237,1670,2020]
[0,386,745,944,1670,2020]
[0,386,745,944,1237,1670,1836,2020]
[0,284,1371,1670,2020]
[0,1371,1702,2020]
[0,386,632,745,944,1237,1371,1670,1836,1957,2020]
[0,611,944,1237,1670,2020]
[0,386,745,944,1237,1670,2020]
[0,745,1371,2020]
[0,692,1371,1670,2020]
[0,386,745,944,1371,1670,2020]
[0,611,745,944,1237,1371,1670,1836,1957,2020]
[0,944,1237,1371,1670,2020]
[0,1702,2020]
[0,257,611,745,944,1237,1371,1670,1836,2020]
[0,386,944,2020]
[0,944,1237,1371,1670,1836,2020]
[0,257,745,944,1237,1670,1836,2020]
[0,386,1670,2020]
[0,1371,1670,2020]
[0,692,1670,2020]
[0,611,745,944,1237,1371,1670,2020]
[0,386,944,1670,2020]
[0,745,944,1237,1371,1670,1836,2020]
[0,257,944,1237,1670,1836,2020]
[0,386,745,944,1237,1371,1670,1836,2020]
[0,386,944,1237,1371,1670,2020]
[0,386,745,944,1237,1371,1670,2020]
[0,611,944,1237,1371,1670,1836,2020]
[0,386,632,745,944,1237,1371,1670,1836,2020]
[0,944,1237,1670,2020]
[0,386,745,2020]
[0,632,745,944,1237,1371,1670,1836,1957,2020]
[0,944,1670,2020]
[0,257,745,944,1237,1371,1670,1836,2020]
[0,257,611,745,944,1237,1371,1670,1836,1957,2020]
[0,386,1371,1670,2020]
[0,257,745,944,1237,1371,1670,2020]
[0,1371,2020]
[0,257,944,1237,1371,1670,1836,2020]
[0,1670,2020]
[0,386,1702,2020]
[0,611,944,1237,1371,1670,2020]
[0,745,2020]
[0,386,944,1237,1670,2020]
[0,1237,1371,1670,2020]
[0,632,745,944,1237,1371,1670,2020]
[0,257,944,1237,1670,2020]
[0,944,1237,1670,1836,2020]
[0,692,2020]
[0,386,2020]
[0,408,2020]
[0,257,944,1670,2020]
