[0,637,985,1406,1651]
[0,168,1510,1651]
[0,149,254,637,1111,1406,1651]
[0,685,1111,1406,1651]
[0,55,1111,1406,1578,1651]
[0,168,687,949,1651]
[0,685,949,1111,1406,1651]
[0,637,1111,1406,1578,1651]
[0,949,1651]
[0,168,320,1406,1651]
[0,687,949,1651]
[0,382,1111,1651]
[0,178,874,1510,1651]
[0,254,637,1111,1406,1651]
[0,168,320,687,949,1510,1651]
[0,168,355,637,985,1111,1406,1651]
[0,168,1406,1651]
[0,637,874,949,1111,1406,1651]
[0,168,985,1111,1651]
[0,168,637,985,1111,1406,1578,1651]
[0,637,685,874,949,1111,1406,1578,1651]
[0,168,1406,1578,1651]
[0,637,949,1651]
[0,685,874,949,1111,1406,1651]
[0,985,1111,1651]
[0,168,355,637,695,916,1111,1406,1578,1651]
[0,55,382,637,685,1111,1406,1578,1651]
[0,685,1111,1651]
[0,55,637,685,1111,1406,1578,1651]
[0,55,874,949,1111,1406,1578,1651]
[0,637,874,1406,1651]
[0,55,382,1111,1406,1578,1651]
[0,1111,1651]
[0,55,382,1406,1578,1651]
[0,149,254,637,1111,1651]
[0,168,355,637,1651]
[0,376,1111,1651]
[0,382,1651]
[0,874,949,1651]
[0,637,949,1406,1651]
[0,355,637,1651]
[0,637,949,1111,1651]
[0,874,949,1406,1651]
[0,949,1111,1651]
[0,168,355,1651]
[0,168,320,949,1651]
[0,355,637,916,1406,1651]
[0,168,949,1651]
[0,254,376,1111,1651]
[0,355,637,916,1111,1406,1651]
[0,168,687,1651]
[0,254,376,916,1111,1406,1651]
[0,874,949,1111,1406,1651]
[0,1406,1578,1651]
[0,168,637,985,1111,1651]
[0,355,637,916,1651]
[0,254,376,1406,1578,1651]
[0,168,637,1406,1578,1651]
[0,55,382,685,1111,1406,1578,1651]
[0,949,1111,1406,1651]
[0,376,916,1651]
[0,254,376,1111,1406,1578,1651]
[0,168,355,637,916,1111,1406,1651]
[0,168,637,916,1111,1406,1651]
[0,874,1406,1651]
[0,168,637,916,1651]
[0,355,637,985,1406,1651]
[0,149,254,637,1651]
[0,916,1651]
[0,254,1578,1651]
[0,916,1111,1406,1578,1651]
[0,178,1510,1651]
[0,382,685,1111,1406,1578,1651]
[0,254,376,1651]
[0,168,637,695,916,1111,1406,1578,1651]
[0,178,1651]
[0,254,376,916,1651]
[0,168,320,687,949,1651]
[0,149,254,637,1406,1578,1651]
[0,168,637,695,985,1111,1406,1578,1651]
[0,376,1651]
[0,254,1111,1406,1651]
[0,254,637,1406,1578,1651]
[0,168,355,637,695,985,1111,1406,1578,1651]
[0,985,1111,1406,1578,1651]
[0,637,949,1111,1406,1651]
[0,382,1406,1578,1651]
[0,168,355,637,985,1406,1651]
[0,637,1111,1651]
[0,168,355,637,916,1111,1406,1578,1651]
[0,382,1111,1406,1578,1651]
[0,254,382,1578,1651]
[0,637,874,949,1111,1406,1578,1651]
[0,55,637,1111,1406,1578,1651]
[0,382,1111,1406,1651]
[0,376,916,1111,1651]
[0,254,637,1111,1651]
[0,874,949,1111,1651]
[0,168,320,949,1510,1651]
[0,168,637,916,1111,1651]
[0,637,916,1111,1406,1651]
[0,168,637,916,1111,1406,1578,1651]
[0,149,254,637,1111,1406,1578,1651]
[0,55,637,1406,1578,1651]
[0,355,1651]
[0,168,355,637,985,1111,1406,1578,1651]
[0,687,1651]
[0,55,637,685,874,949,1111,1406,1578,1651]
[0,320,1111,1651]
[0,874,1651]
[0,168,1111,1651]
[0,168,985,1111,1406,1578,1651]
[0,874,949,1111,1406,1578,1651]
[0,178,687,949,1510,1651]
[0,178,874,1651]
[0,1578,1651]
[0,637,916,1651]
[0,1406,1651]
[0,376,1406,1651]
[0,1111,1406,1578,1651]
[0,254,1111,1651]
[0,168,637,916,1406,1578,1651]
[0,168,637,1406,1651]
[0,637,1406,1578,1651]
[0,149,254,637,1406,1651]
[0,168,637,1651]
[0,168,320,1651]
[0,55,637,874,949,1111,1406,1578,1651]
[0,168,355,637,916,1111,1651]
[0,55,1406,1578,1651]
[0,254,376,1578,1651]
[0,254,382,1406,1651]
[0,168,320,1510,1651]
[0,254,382,1406,1578,1651]
[0,168,355,637,985,1111,1651]
[0,254,376,1406,1651]
[0,254,376,916,1111,1406,1578,1651]
[0,916,1111,1651]
[0,168,637,985,1111,1406,1651]
[0,685,874,949,1111,1406,1578,1651]
[0,168,637,985,1406,1651]
[0,168,1111,1406,1651]
[0,1111,1406,1651]
[0,376,1111,1406,1651]
[0,355,637,916,1111,1651]
[0,168,1651]
[0,376,916,1111,1406,1651]
[0,178,687,949,1651]
[0,382,1406,1651]
[0,382,685,1111,1406,1651]
[0,382,685,1111,1651]
[0,178,687,1651]
[0,916,1111,1406,1651]
[0,178,687,1510,1651]
[0,637,916,1406,1651]
[0,637,916,1111,1651]
[0,637,1406,1651]
[0,168,320,1406,1578,1651]
[0,637,1111,1406,1651]
[0,949,1578,1651]
[0,254,382,1651]
[0,149,637,874,1406,1651]
[0,254,376,1111,1406,1651]
[0,985,1111,1406,1651]
[0,254,637,1651]
[0,874,949,1578,1651]
[0,168,320,687,1651]
[0,355,637,985,1651]
[0,168,985,1111,1406,1651]
[0,55,637,685,1406,1578,1651]
[0,254,376,916,1111,1651]
[0,168,355,637,985,1651]
[0,637,1651]
[0,254,637,1406,1651]
[0,254,1651]
[0,168,637,985,1651]
[0,874,949,1406,1578,1651]
[0,168,637,916,1406,1651]
[0,637,985,1651]
