[0,189,394,936,1129,1517,1794,2019]
[0,936,1129,1517,1794,2019]
[0,65,936,1129,1517,1794,1886,2019]
[0,1013,1794,2019]
[0,246,316,739,1211,1440,1794,1910,2019]
[0,936,1794,2019]
[0,394,936,1517,1794,2019]
[0,739,936,1794,2019]
[0,65,936,1794,1886,2019]
[0,189,936,1129,1517,2019]
[0,189,739,936,1129,1517,1886,2019]
[0,189,936,1129,1794,1886,2019]
[0,65,739,936,1794,2019]
[0,65,739,936,2019]
[0,65,936,1129,1794,1886,2019]
[0,316,739,1211,1440,1794,1910,2019]
[0,246,316,739,1794,1910,2019]
[0,189,739,936,1129,1517,2019]
[0,65,189,936,1129,1517,1794,2019]
[0,739,1129,2019]
[0,65,189,936,1129,1517,1794,1886,2019]
[0,65,189,739,936,1262,2019]
[0,936,1794,1886,2019]
[0,65,316,739,2019]
[0,316,739,1211,2019]
[0,246,316,739,1440,1794,1910,2019]
[0,65,936,1129,1517,1794,2019]
[0,65,936,2019]
[0,316,739,1794,2019]
[0,189,936,1129,1517,1794,2019]
[0,739,1129,1517,2019]
[0,316,739,1440,1794,1910,2019]
[0,189,936,1129,1886,2019]
[0,189,739,936,1129,1517,1794,1886,2019]
[0,1886,2019]
[0,65,189,936,1262,2019]
[0,189,936,1129,1517,1794,1886,2019]
[0,65,246,316,739,2019]
[0,316,739,2019]
[0,65,189,739,936,1129,1517,1794,2019]
[0,189,739,936,1129,1886,2019]
[0,394,936,1517,2019]
[0,65,1794,1886,2019]
[0,936,1262,2019]
[0,739,936,1129,1517,2019]
[0,189,739,936,1262,2019]
[0,65,189,739,936,1129,1517,1794,1886,2019]
[0,936,1517,2019]
[0,316,739,1910,2019]
[0,739,936,2019]
[0,65,1886,2019]
[0,189,739,936,1129,1517,1794,2019]
[0,316,739,1211,1440,2019]
[0,189,936,1262,2019]
[0,1434,2019]
[0,65,739,2019]
[0,246,316,739,2019]
[0,739,1440,2019]
[0,65,936,1262,2019]
[0,65,2019]
[0,65,936,1129,1517,2019]
[0,936,1129,1517,1886,2019]
[0,739,1211,2019]
[0,1794,1886,2019]
[0,936,1129,1517,1794,1886,2019]
[0,936,1129,2019]
[0,65,189,394,936,1129,1517,1794,2019]
[0,936,1129,1886,2019]
[0,739,936,1129,2019]
[0,394,936,1129,1517,1794,2019]
[0,65,246,316,739,1794,1910,2019]
[0,1013,2019]
[0,65,189,580,739,936,1129,1517,1794,2019]
[0,316,739,1440,2019]
[0,65,246,316,739,1910,2019]
[0,936,1886,2019]
[0,936,1241,2019]
[0,316,739,1794,1910,2019]
[0,189,739,936,1129,2019]
[0,189,936,2019]
[0,936,1129,1794,1886,2019]
[0,936,2019]
[0,316,739,1440,1794,2019]
[0,189,580,739,936,1129,1517,1794,2019]
[0,189,936,1886,2019]
[0,189,936,1129,2019]
[0,65,246,316,739,1440,1794,1910,2019]
[0,65,936,1129,2019]
[0,65,936,1241,2019]
[0,189,936,1794,1886,2019]
[0,65,246,316,739,1211,1440,1794,1910,2019]
[0,739,1129,1517,1794,2019]
[0,936,1517,1794,2019]
[0,739,936,1262,2019]
[0,246,316,739,1910,2019]
[0,316,739,1211,1440,1794,2019]
[0,189,936,1129,1517,1886,2019]
[0,189,739,2019]
[0,936,1129,1517,2019]
[0,739,2019]
[0,739,936,1129,1517,1794,2019]
