[0,996,1046]
[0,300,852,996,1046]
[0,306,852,1046]
[0,213,433,566,690,996,1046]
[0,306,375,433,566,690,852,1046]
[0,300,566,852,1046]
[0,332,590,852,1046]
[0,300,375,566,690,808,1046]
[0,300,375,566,690,852,1046]
[0,213,566,690,808,996,1046]
[0,433,852,1046]
[0,300,566,690,808,852,1046]
[0,300,375,433,566,690,808,852,996,1046]
[0,306,566,690,996,1046]
[0,300,375,433,566,690,1046]
[0,306,566,808,852,1046]
[0,300,1046]
[0,306,375,433,566,690,808,1046]
[0,332,852,1046]
[0,332,590,1046]
[0,213,433,566,1046]
[0,306,375,566,690,1046]
[0,300,566,690,852,1046]
[0,306,375,433,566,690,808,996,1046]
[0,300,852,1046]
[0,213,566,690,808,852,996,1046]
[0,213,566,690,808,852,1046]
[0,566,690,808,852,1046]
[0,213,433,566,690,808,1046]
[0,300,808,852,1046]
[0,213,433,566,690,808,852,996,1046]
[0,300,375,433,566,690,808,996,1046]
[0,300,375,433,566,690,852,1046]
[0,306,375,566,690,808,852,1046]
[0,213,852,1046]
[0,306,566,690,808,1046]
[0,306,566,690,852,1046]
[0,300,566,808,852,1046]
[0,433,690,1046]
[0,433,1046]
[0,306,375,433,566,690,808,852,1046]
[0,300,375,566,690,808,852,1046]
[0,300,375,433,566,690,808,852,1046]
[0,690,808,852,1046]
[0,300,566,690,996,1046]
[0,306,566,1046]
[0,566,690,1046]
[0,300,375,433,566,690,996,1046]
[0,300,996,1046]
[0,213,433,566,690,808,996,1046]
[0,690,1046]
[0,566,690,852,1046]
[0,213,433,566,690,1046]
[0,306,566,690,808,852,1046]
[0,306,566,852,1046]
[0,213,566,690,1046]
[0,306,375,566,690,996,1046]
[0,566,852,1046]
[0,306,566,690,808,852,996,1046]
[0,306,375,433,566,690,808,852,996,1046]
[0,213,690,1046]
[0,300,566,690,808,1046]
[0,300,566,1046]
[0,566,1046]
[0,213,566,690,996,1046]
[0,300,375,433,566,690,808,1046]
[0,300,375,566,690,1046]
[0,213,566,852,1046]
[0,306,375,566,690,808,1046]
[0,306,375,566,690,852,1046]
[0,300,566,690,1046]
[0,852,1046]
[0,306,808,852,1046]
[0,300,375,566,690,996,1046]
[0,300,433,852,1046]
[0,306,1046]
[0,306,375,433,566,690,1046]
[0,213,566,1046]
[0,300,433,852,996,1046]
[0,808,852,1046]
[0,306,375,433,566,690,996,1046]
[0,332,1046]
[0,306,566,690,1046]
[0,306,566,690,808,996,1046]
[0,213,1046]
[0,213,566,690,808,1046]
[0,213,566,690,852,1046]
[0,690,852,1046]
