[0,359,1129,1663,2120]
[0,743,1923,2120]
[0,476,743,1112,1493,1664,1923,2120]
[0,383,476,743,1664,1923,2120]
[0,1663,2120]
[0,359,743,1112,1663,2120]
[0,476,872,1112,1664,2120]
[0,359,872,1112,1923,2120]
[0,743,1112,1663,1923,2120]
[0,359,477,1129,1663,1923,2120]
[0,476,872,1112,1664,1923,2120]
[0,1583,1923,2120]
[0,383,476,1664,1923,2120]
[0,359,477,946,1923,2120]
[0,359,872,1663,2120]
[0,743,1112,1664,2120]
[0,476,1112,2120]
[0,1112,1663,2120]
[0,476,743,1112,1664,2120]
[0,477,1230,1923,2120]
[0,359,872,1112,1663,2120]
[0,1112,1230,1664,1923,2120]
[0,359,743,1112,1230,1663,1923,2120]
[0,477,1230,2120]
[0,1147,2120]
[0,1664,2120]
[0,477,1923,2120]
[0,743,1112,1230,1923,2120]
[0,359,477,1129,1230,1923,2120]
[0,1129,1230,2120]
[0,476,1664,2120]
[0,872,1112,1230,1923,2120]
[0,359,1230,1923,2120]
[0,743,1112,2120]
[0,359,872,1112,1230,1923,2120]
[0,477,1129,1663,2120]
[0,383,476,743,1112,1230,1493,1664,1923,2120]
[0,872,1112,1923,2120]
[0,359,872,2120]
[0,359,743,1112,1230,1923,2120]
[0,476,743,1493,1664,1923,2120]
[0,743,1230,1664,2120]
[0,1664,1923,2120]
[0,872,1112,1663,1923,2120]
[0,1230,2120]
[0,359,946,1129,1663,1923,2120]
[0,476,872,1112,1230,1493,1664,1923,2120]
[0,946,2120]
[0,872,1112,1230,1664,1923,2120]
[0,359,477,946,1129,1923,2120]
[0,1129,1663,2120]
[0,359,872,1112,1230,1663,1923,2120]
[0,743,1664,2120]
[0,476,872,1112,1493,1664,1923,2120]
[0,946,1129,1923,2120]
[0,359,872,1112,2120]
[0,946,1923,2120]
[0,743,1112,1230,1493,1664,1923,2120]
[0,476,743,1664,1923,2120]
[0,359,743,1923,2120]
[0,359,477,743,1112,1230,1663,1923,2120]
[0,359,1230,2120]
[0,359,946,2120]
[0,1112,1230,2120]
[0,743,1112,1493,1664,1923,2120]
[0,477,1129,1230,1923,2120]
[0,872,1663,2120]
[0,359,477,1663,1923,2120]
[0,743,1493,1664,1923,2120]
[0,872,1112,1493,1664,1923,2120]
[0,1112,1664,1923,2120]
[0,1147,1583,2120]
[0,383,476,743,1493,1664,1923,2120]
[0,359,1663,2120]
[0,477,2120]
[0,872,1112,1230,1663,1923,2120]
[0,383,476,872,1112,1230,1493,1664,1923,2120]
[0,477,1129,2120]
[0,1147,1664,2120]
[0,872,1112,2120]
[0,359,743,2120]
[0,946,1129,1663,1923,2120]
[0,359,477,1230,1923,2120]
[0,1129,1230,1923,2120]
[0,1112,1230,1923,2120]
[0,872,1112,1664,2120]
[0,359,1129,1663,1923,2120]
[0,1147,1583,1923,2120]
[0,1112,2120]
[0,359,743,1112,2120]
[0,359,477,743,1112,1230,1923,2120]
[0,1583,2120]
[0,359,477,1923,2120]
[0,476,2120]
[0,872,2120]
[0,359,743,1112,1663,1923,2120]
[0,359,2120]
[0,1129,1663,1923,2120]
[0,359,946,1923,2120]
[0,1493,1664,1923,2120]
[0,359,1663,1923,2120]
[0,359,1583,2120]
[0,1663,1923,2120]
[0,743,1112,1923,2120]
[0,359,477,946,1129,1663,1923,2120]
[0,872,1112,1230,1493,1664,1923,2120]
[0,1129,2120]
[0,476,1664,1923,2120]
[0,359,872,1112,1663,1923,2120]
[0,743,1112,1664,1923,2120]
[0,872,1112,1663,2120]
[0,359,1583,1923,2120]
[0,1112,1664,2120]
[0,476,743,1112,1664,1923,2120]
[0,743,1112,1230,1664,1923,2120]
[0,872,1112,1664,1923,2120]
[0,359,477,872,1112,1230,1923,2120]
[0,743,1112,1663,2120]
[0,476,1112,1664,2120]
[0,476,743,1112,1230,1493,1664,1923,2120]
[0,359,477,946,1129,1230,1663,1923,2120]
[0,476,743,2120]
[0,1230,1923,2120]
[0,1923,2120]
[0,359,477,946,1129,1230,1923,2120]
[0,359,743,1112,1923,2120]
[0,477,1129,1663,1923,2120]
[0,476,743,1664,2120]
[0,359,946,1129,1923,2120]
[0,743,1664,1923,2120]
[0,872,1923,2120]
[0,1112,1663,1923,2120]
[0,359,523,1583,1923,2120]
[0,743,2120]
[0,359,477,872,1112,1230,1663,1923,2120]
