[0,1201,1530,2019]
[0,698,1344,1530,2019]
[0,1181,1558,1714,2019]
[0,297,698,1230,1530,2019]
[0,698,1530,2019]
[0,698,1344,1530,1714,2019]
[0,252,698,1230,1530,2019]
[0,252,1181,1558,1714,2019]
[0,252,1530,2019]
[0,297,698,1530,2019]
[0,297,698,1563,2019]
[0,297,698,1530,1714,1853,1928,2019]
[0,297,698,1530,1956,2019]
[0,297,698,1201,1530,1714,1853,1928,2019]
[0,698,1181,1558,2019]
[0,252,1181,1558,1714,1821,2019]
[0,297,1530,1714,1853,1928,2019]
[0,252,698,1530,1956,2019]
[0,252,698,1181,1558,1714,2019]
[0,434,698,1344,1530,1928,2019]
[0,1181,1558,2019]
[0,297,698,1853,2019]
[0,1530,1928,2019]
[0,1563,2019]
[0,252,698,1530,2019]
[0,297,1530,1714,1853,2019]
[0,1853,2019]
[0,434,1530,2019]
[0,297,1563,1928,2019]
[0,297,1530,1956,2019]
[0,698,1344,1530,1928,2019]
[0,1558,2019]
[0,434,698,1344,1530,1714,1928,2019]
[0,297,698,1230,1563,2019]
[0,1530,1714,1853,2019]
[0,252,698,1230,1530,1956,2019]
[0,252,698,1181,1558,2019]
[0,434,698,1530,1928,2019]
[0,1344,1530,2019]
[0,698,1563,2019]
[0,434,1530,1928,2019]
[0,698,1230,1530,2019]
[0,297,698,1201,1530,1714,2019]
[0,698,1230,1563,2019]
[0,252,1181,1558,2019]
[0,297,698,1230,1530,1956,2019]
[0,1344,1530,1928,2019]
[0,297,698,1230,1563,1928,2019]
[0,297,698,1201,1530,1714,1853,2019]
[0,1558,1714,2019]
[0,297,698,1530,1714,2019]
[0,1572,2019]
[0,698,1201,1530,2019]
[0,434,698,1530,2019]
[0,297,698,1201,1530,2019]
[0,297,698,1563,1928,2019]
[0,1530,1714,1853,1928,2019]
[0,698,2019]
[0,1230,1530,2019]
[0,1530,2019]
[0,1344,1530,1714,2019]
[0,1230,1563,2019]
[0,297,698,1344,1530,1714,2019]
[0,698,1558,2019]
[0,1181,1558,1714,1821,2019]
[0,297,1530,1714,2019]
[0,297,698,2019]
[0,297,698,1344,1530,2019]
[0,297,698,1530,1714,1853,2019]
[0,252,1530,1956,2019]
[0,252,698,1181,1558,1956,2019]
[0,297,2019]
[0,252,698,1181,1558,1714,1821,1956,2019]
[0,297,1530,2019]
[0,297,1563,2019]
[0,434,698,1344,1530,1714,2019]
[0,252,698,1181,1558,1714,1821,2019]
[0,1530,1714,2019]
[0,434,698,1344,1530,2019]
