[0,253,375,598,1338,1642]
[0,253,375,598,1028,1240,1338,1642]
[0,1576,1642]
[0,598,1243,1642]
[0,375,598,1576,1642]
[0,375,598,1338,1576,1642]
[0,375,1576,1642]
[0,375,598,1028,1240,1338,1642]
[0,375,1028,1642]
[0,1028,1642]
[0,375,746,1642]
[0,375,746,1305,1576,1642]
[0,375,598,961,1028,1240,1338,1576,1642]
[0,253,375,598,961,1028,1240,1338,1576,1642]
[0,375,598,1338,1642]
[0,253,375,598,961,1028,1240,1338,1642]
[0,375,598,1305,1642]
[0,375,598,1028,1240,1338,1576,1642]
[0,375,1305,1642]
[0,375,1338,1642]
[0,375,598,1240,1338,1576,1642]
[0,253,375,598,1028,1338,1642]
[0,375,598,1028,1338,1642]
[0,253,375,598,1240,1338,1642]
[0,375,746,1576,1642]
[0,598,1642]
[0,375,598,1642]
[0,375,1028,1338,1642]
[0,375,746,1305,1642]
[0,375,746,1338,1642]
[0,375,746,1338,1576,1642]
[0,375,598,1240,1338,1642]
[0,375,598,1305,1576,1642]
[0,375,1642]
[0,375,598,961,1028,1240,1338,1642]
