[0,709,1780,2019]
[0,171,709,2019]
[0,61,709,826,2019]
[0,244,709,1303,2019]
[0,61,244,883,1249,2019]
[0,61,709,826,1303,1413,1780,2019]
[0,244,709,883,1125,1303,2019]
[0,709,826,1303,1413,1780,2019]
[0,61,289,590,709,826,1303,1413,1929,2019]
[0,890,1413,2019]
[0,709,826,1303,2019]
[0,61,590,709,826,1303,1413,1780,2019]
[0,61,590,709,826,1303,1413,2019]
[0,883,1258,1780,2019]
[0,244,709,1125,1303,2019]
[0,61,244,709,1303,1413,2019]
[0,1249,2019]
[0,709,1413,1780,2019]
[0,289,590,709,826,1303,1413,2019]
[0,244,709,1258,2019]
[0,244,709,1249,1929,2019]
[0,61,244,709,1249,1929,2019]
[0,61,709,1413,2019]
[0,289,590,709,1303,1780,2019]
[0,61,590,709,826,1303,1413,1929,2019]
[0,244,883,2019]
[0,709,826,1303,1413,2019]
[0,883,1258,2019]
[0,289,590,709,826,1303,1413,1780,2019]
[0,244,709,2019]
[0,61,709,1303,1413,2019]
[0,890,1413,1780,2019]
[0,61,590,709,1303,1413,2019]
[0,171,709,1303,1780,2019]
[0,244,709,1249,2019]
[0,883,2019]
[0,590,709,826,1303,2019]
[0,289,590,709,826,1303,1780,2019]
[0,289,709,1303,2019]
[0,244,709,883,1303,1413,1929,2019]
[0,289,709,826,1303,2019]
[0,590,709,826,1303,1413,2019]
[0,244,631,883,1249,1780,2019]
[0,61,709,826,1780,2019]
[0,709,1303,1780,2019]
[0,171,883,1258,1413,1780,2019]
[0,61,244,709,1303,1413,1929,2019]
[0,61,709,826,1303,1413,2019]
[0,709,826,1303,1780,2019]
[0,1413,1780,2019]
[0,1303,2019]
[0,1413,2019]
[0,289,590,709,826,1303,1413,1929,2019]
[0,1556,2019]
[0,709,1303,2019]
[0,171,890,1413,1780,2019]
[0,244,2019]
[0,631,883,1249,2019]
[0,709,826,1413,1780,2019]
[0,61,709,1413,1780,2019]
[0,61,289,590,709,826,1303,1413,1780,2019]
[0,61,244,709,1258,2019]
[0,289,709,826,1303,1413,2019]
[0,289,709,826,1303,1413,1929,2019]
[0,1780,2019]
[0,244,883,1249,2019]
[0,61,244,709,1258,1780,2019]
[0,61,2019]
[0,61,289,709,826,1303,1413,1780,2019]
[0,709,1258,2019]
[0,61,244,709,1249,2019]
[0,61,244,709,883,1125,1303,1413,1929,2019]
[0,1258,2019]
[0,289,709,826,1303,1780,2019]
[0,590,709,826,1303,1413,1929,2019]
[0,61,709,1303,2019]
[0,61,289,709,826,1303,1413,2019]
[0,709,1249,2019]
[0,61,244,709,883,1303,1413,1929,2019]
[0,61,709,2019]
[0,244,709,883,1125,1303,1413,1929,2019]
[0,61,289,709,1303,1413,2019]
[0,709,1303,1413,2019]
[0,590,709,1303,2019]
[0,244,709,1303,1413,2019]
[0,883,1249,2019]
[0,709,2019]
[0,709,826,2019]
[0,709,826,1780,2019]
[0,171,883,1258,1780,2019]
[0,289,590,709,826,1303,2019]
[0,244,631,883,1249,2019]
[0,590,709,1303,1413,2019]
[0,244,709,1258,1780,2019]
[0,289,709,1303,1413,2019]
[0,61,244,631,883,1249,1780,2019]
[0,244,709,883,1303,2019]
[0,709,1413,2019]
[0,289,709,826,1303,1413,1780,2019]
[0,61,244,883,1249,1780,2019]
[0,61,709,826,1413,1780,2019]
[0,590,709,826,1303,1780,2019]
[0,590,709,826,1303,1413,1780,2019]
[0,244,709,1303,1413,1929,2019]
[0,244,709,883,1303,1413,2019]
[0,289,590,709,1303,2019]
[0,244,709,883,1125,1303,1413,2019]
[0,590,709,1303,1780,2019]
[0,289,709,1303,1780,2019]
[0,244,883,1249,1780,2019]
