[0,145,902,1249]
[0,145,492,639,876,1249]
[0,389,492,639,850,902,977,1104,1145,1249]
[0,492,639,876,1249]
[0,492,977,1249]
[0,389,492,639,902,977,1145,1249]
[0,902,1104,1249]
[0,145,492,639,876,1145,1249]
[0,145,389,492,639,876,1249]
[0,389,492,639,902,1145,1249]
[0,346,492,638,902,1145,1249]
[0,492,639,876,1145,1249]
[0,145,389,492,639,902,1145,1249]
[0,145,346,492,638,902,977,1145,1249]
[0,492,639,902,977,1249]
[0,902,1249]
[0,902,977,1145,1249]
[0,145,389,492,639,850,902,977,1104,1145,1249]
[0,492,638,902,1249]
[0,145,389,492,639,876,1145,1249]
[0,492,639,902,1104,1145,1249]
[0,145,541,902,1145,1249]
[0,492,638,902,977,1145,1249]
[0,492,1249]
[0,492,639,1249]
[0,492,639,902,1104,1249]
[0,492,638,902,977,1249]
[0,145,492,902,1145,1249]
[0,902,977,1249]
[0,492,639,876,977,1145,1249]
[0,390,1249]
[0,902,977,1104,1145,1249]
[0,492,902,977,1249]
[0,389,492,639,876,977,1145,1249]
[0,492,1050,1249]
[0,492,902,1104,1145,1249]
[0,346,492,638,902,977,1104,1145,1249]
[0,541,902,1249]
[0,145,492,639,902,1145,1249]
[0,145,346,492,638,902,1249]
[0,637,902,1145,1249]
[0,389,492,639,902,1249]
[0,492,902,1104,1249]
[0,492,902,1249]
[0,145,541,902,1249]
[0,492,902,977,1104,1145,1249]
[0,492,639,850,902,977,1104,1145,1249]
[0,541,1249]
[0,145,346,492,638,850,902,977,1145,1249]
[0,145,390,902,1145,1249]
[0,390,902,1249]
[0,145,492,639,902,1249]
[0,492,639,902,1249]
[0,145,492,1145,1249]
[0,145,492,1249]
[0,389,492,639,876,1145,1249]
[0,145,389,492,639,902,1249]
[0,145,389,492,639,850,902,977,1145,1249]
[0,346,492,638,902,977,1145,1249]
[0,492,638,902,1145,1249]
[0,902,1145,1249]
[0,346,492,638,902,977,1249]
[0,492,639,876,977,1249]
[0,492,639,850,902,977,1145,1249]
[0,637,902,1249]
[0,145,389,492,639,876,977,1145,1249]
[0,492,977,1145,1249]
[0,389,492,639,850,902,977,1145,1249]
[0,145,346,492,638,850,902,977,1104,1145,1249]
[0,145,389,492,639,902,977,1145,1249]
[0,637,1249]
[0,637,1104,1249]
[0,145,346,492,638,902,977,1104,1145,1249]
[0,492,1145,1249]
[0,145,492,902,1249]
[0,492,639,902,977,1145,1249]
[0,145,390,902,1249]
[0,389,492,639,876,1249]
[0,145,346,492,638,902,1145,1249]
[0,492,902,977,1145,1249]
[0,492,639,902,977,1104,1145,1249]
[0,492,876,1249]
[0,492,639,902,1145,1249]
[0,492,638,902,977,1104,1145,1249]
[0,346,492,638,902,1249]
[0,902,1104,1145,1249]
