[0,888,1055,1632]
[0,961,1632]
[0,141,202,486,573,888,961,1055,1632]
[0,202,383,888,961,1055,1632]
[0,888,1632]
[0,202,888,1055,1632]
[0,202,961,1632]
[0,1055,1632]
[0,573,1055,1632]
[0,202,486,573,888,961,1055,1632]
[0,202,888,961,1055,1632]
[0,202,888,1632]
[0,141,202,888,961,1055,1632]
[0,202,486,888,961,1055,1632]
[0,573,888,1055,1632]
[0,202,1055,1632]
[0,141,202,486,888,961,1055,1632]
[0,486,573,888,1055,1632]
[0,202,486,1055,1632]
[0,486,1055,1632]
[0,888,961,1632]
[0,202,486,888,1055,1632]
[0,141,202,383,888,961,1055,1632]
[0,202,383,888,1055,1632]
[0,573,888,961,1055,1632]
[0,202,888,961,1632]
[0,202,1632]
[0,141,202,888,961,1632]
[0,383,1055,1632]
[0,888,961,1055,1632]
[0,202,383,1055,1632]
[0,486,573,888,961,1055,1632]
[0,202,486,573,888,1055,1632]
