[0,257,541,1088,1249]
[0,124,257,541,638,917,1088,1145,1249]
[0,124,257,541,647,1249]
[0,917,1088,1249]
[0,124,257,541,638,1249]
[0,541,638,1088,1145,1249]
[0,148,257,541,917,1249]
[0,541,917,1249]
[0,257,541,638,917,1088,1249]
[0,541,1249]
[0,124,257,541,917,1088,1249]
[0,148,257,541,638,688,917,1088,1145,1249]
[0,124,257,541,917,1249]
[0,541,649,1249]
[0,124,257,541,638,917,1088,1249]
[0,148,257,541,1249]
[0,124,257,541,638,1088,1145,1249]
[0,541,1088,1249]
[0,1088,1145,1249]
[0,148,257,541,638,917,1088,1249]
[0,148,257,541,1088,1249]
[0,917,1249]
[0,541,917,1088,1249]
[0,257,541,638,1249]
[0,124,257,541,638,917,1249]
[0,148,257,541,638,917,1249]
[0,541,638,917,1088,1145,1249]
[0,124,257,541,1088,1145,1249]
[0,148,257,541,917,1088,1249]
[0,124,257,541,1088,1249]
[0,541,1145,1249]
[0,148,257,541,638,688,1249]
[0,541,638,917,1249]
[0,124,257,541,647,917,1249]
[0,257,541,917,1249]
[0,124,257,541,638,1088,1249]
[0,541,1088,1145,1249]
[0,257,541,638,917,1088,1145,1249]
[0,541,638,1249]
[0,257,541,917,1088,1249]
[0,257,541,1249]
[0,1145,1249]
[0,148,257,541,638,1249]
[0,541,647,1249]
[0,541,638,917,1088,1249]
[0,541,638,1088,1249]
[0,541,647,917,1249]
[0,257,541,1088,1145,1249]
[0,541,638,1145,1249]
[0,124,257,541,1249]
[0,148,257,541,638,917,1088,1145,1249]
