[0,258,444,2186,2554]
[0,258,444,1200,2554]
[0,444,657,1200,2186,2554]
[0,1339,2186,2415,2554]
[0,1200,2554]
[0,258,444,2186,2415,2554]
[0,1062,1821,2554]
[0,258,444,1200,2186,2554]
[0,444,657,1393,2554]
[0,444,1821,2554]
[0,258,444,1032,1339,2554]
[0,444,657,1393,2186,2554]
[0,258,444,657,1393,2186,2554]
[0,444,1062,2186,2554]
[0,258,444,1032,1200,2554]
[0,258,444,1393,2186,2415,2554]
[0,258,444,1393,2186,2554]
[0,258,444,1032,1200,2186,2415,2554]
[0,258,1339,2186,2554]
[0,444,2300,2554]
[0,444,1032,1339,2186,2415,2554]
[0,444,1393,2554]
[0,258,444,657,2554]
[0,444,2554]
[0,258,444,1032,1339,2186,2554]
[0,258,1339,2554]
[0,258,1200,2554]
[0,258,444,1339,2186,2415,2554]
[0,258,444,657,2186,2554]
[0,258,444,1032,1200,2415,2554]
[0,258,444,657,1200,2186,2415,2554]
[0,258,444,1032,1200,2186,2554]
[0,258,444,657,1393,2186,2415,2554]
[0,444,1821,2300,2554]
[0,258,1200,2186,2554]
[0,444,657,1200,2554]
[0,1393,2186,2554]
[0,444,1032,1339,2186,2554]
[0,444,1339,2186,2415,2554]
[0,258,444,1032,1339,2186,2415,2554]
[0,1821,2554]
[0,444,1062,1821,2554]
[0,444,1339,2554]
[0,498,2554]
[0,444,1062,1821,2300,2554]
[0,258,1393,2554]
[0,258,444,2415,2554]
[0,444,1062,1200,2186,2415,2554]
[0,258,444,657,1393,2554]
[0,444,2415,2554]
[0,1200,2186,2554]
[0,258,444,2554]
[0,258,1393,2186,2554]
[0,444,2186,2554]
[0,1339,2186,2554]
[0,444,1200,2554]
[0,258,444,1393,2554]
[0,1393,2554]
[0,444,2186,2415,2554]
[0,444,1200,2186,2554]
[0,444,1032,1339,2554]
[0,444,1200,2186,2415,2554]
[0,444,1393,2186,2554]
[0,258,444,1339,2186,2554]
[0,258,444,657,1200,2186,2554]
[0,444,1339,2186,2554]
[0,258,444,657,1200,2554]
[0,258,444,1339,2554]
[0,1062,2554]
[0,444,657,2554]
[0,444,1062,2554]
[0,1339,2554]
[0,258,444,657,2186,2415,2554]
[0,444,657,2186,2554]
