[0,117,276,643,763,1046]
[0,117,276,395,474,710,1046]
[0,117,276,1046]
[0,710,1046]
[0,43,117,276,395,474,643,1046]
[0,276,474,900,1046]
[0,276,474,1046]
[0,43,117,276,474,710,763,1046]
[0,117,276,395,474,643,763,1046]
[0,474,1046]
[0,117,276,395,474,763,900,1046]
[0,398,710,1046]
[0,276,474,710,1046]
[0,117,276,398,474,643,763,1046]
[0,276,643,763,1046]
[0,117,276,398,474,710,763,900,1046]
[0,276,643,1046]
[0,276,603,1046]
[0,117,276,710,763,1046]
[0,117,276,474,643,763,1046]
[0,276,474,643,763,900,1046]
[0,43,117,276,395,474,710,763,900,1046]
[0,603,1046]
[0,43,117,276,398,474,643,763,1046]
[0,276,900,1046]
[0,112,276,603,763,1046]
[0,43,117,276,395,474,1046]
[0,112,276,474,1046]
[0,43,117,276,398,474,643,763,900,1046]
[0,276,603,763,1046]
[0,112,276,1046]
[0,117,276,710,1046]
[0,117,276,474,710,1046]
[0,117,276,398,474,763,900,1046]
[0,112,276,474,643,1046]
[0,117,276,398,474,1046]
[0,117,276,398,474,643,1046]
[0,276,474,643,1046]
[0,43,117,276,395,474,710,763,900,941,1046]
[0,276,710,1046]
[0,276,474,643,763,1046]
[0,398,1046]
[0,112,276,395,474,1046]
[0,117,276,398,474,900,1046]
[0,112,276,395,474,643,1046]
[0,43,117,276,710,1046]
[0,43,117,276,398,474,710,763,1046]
[0,117,276,474,643,1046]
[0,117,276,474,1046]
[0,43,117,276,474,1046]
[0,43,117,276,398,474,710,763,900,941,1046]
[0,117,276,398,474,643,763,900,1046]
[0,117,276,643,1046]
[0,276,1046]
[0,117,276,474,900,1046]
[0,43,117,276,395,474,710,763,1046]
[0,117,276,398,474,710,1046]
[0,43,117,276,398,474,710,763,900,1046]
[0,117,276,474,710,763,1046]
[0,112,276,395,474,643,763,1046]
[0,117,276,395,474,643,1046]
[0,117,276,900,1046]
[0,117,1046]
[0,117,276,395,474,1046]
[0,643,1046]
[0,43,117,276,398,474,1046]
[0,112,276,643,763,1046]
[0,112,276,474,643,763,1046]
[0,117,398,1046]
[0,117,276,398,474,710,763,1046]
[0,276,474,643,900,1046]
[0,43,117,276,398,474,643,1046]
[0,117,276,395,474,900,1046]
[0,43,117,276,710,763,1046]
[0,276,474,763,900,1046]
[0,117,398,710,1046]
[0,112,276,643,1046]
[0,112,1046]
[0,900,1046]
[0,117,276,474,763,900,1046]
[0,117,276,395,474,710,763,900,1046]
[0,117,276,395,474,710,763,1046]
[0,117,276,474,643,763,900,1046]
[0,276,763,1046]
[0,43,117,276,395,474,643,763,1046]
[0,763,1046]
[0,112,276,603,1046]
