[0,1413,1564,2211]
[0,526,827,1564,2064,2211]
[0,827,1491,1750,2211]
[0,827,2211]
[0,827,1750,2211]
[0,827,1413,1564,2211]
[0,827,1491,1750,2064,2211]
[0,526,1491,1750,2211]
[0,296,2211]
[0,296,1413,1491,1564,2064,2211]
[0,296,1413,2211]
[0,827,1750,2064,2211]
[0,296,827,1348,1564,2064,2211]
[0,296,827,1171,1413,1491,1564,2064,2211]
[0,296,827,1125,1413,1491,1564,2211]
[0,296,1413,1564,2211]
[0,296,827,1125,1413,1564,2064,2211]
[0,296,827,1413,1564,2211]
[0,296,827,1125,1413,1564,2211]
[0,296,827,1413,1491,1564,2064,2211]
[0,526,1750,2211]
[0,296,827,1125,2211]
[0,296,827,1171,1413,1564,2211]
[0,296,1413,1564,2064,2211]
[0,296,827,1125,1413,2211]
[0,526,827,1564,2211]
[0,296,827,1413,1564,2064,2211]
[0,296,827,2211]
[0,296,827,1348,1564,2211]
[0,827,1564,2211]
[0,526,1413,2211]
[0,296,827,1171,1413,1564,2064,2211]
[0,526,827,1348,1564,2211]
[0,827,1125,1413,1491,1564,2211]
[0,296,1413,1491,1564,2211]
[0,526,827,1491,1750,2211]
[0,827,1564,2064,2211]
[0,526,827,1491,1750,2064,2211]
[0,1413,2211]
[0,526,1413,1564,2211]
[0,526,2211]
[0,827,1171,1564,2211]
[0,827,1125,1413,1564,2211]
[0,296,827,1564,2064,2211]
[0,526,827,1348,1491,1750,2064,2211]
[0,296,827,1125,1413,1491,1564,2064,2211]
[0,526,827,1750,2211]
[0,827,1125,1413,2211]
[0,296,827,1171,1564,2211]
[0,827,1125,2211]
[0,526,827,1348,1564,2064,2211]
[0,296,827,1564,2211]
