[0,1020,1150,2060,2120]
[0,617,942,1150,2060,2120]
[0,617,1020,1150,1367,2060,2120]
[0,617,1449,2060,2120]
[0,617,2060,2120]
[0,617,1020,1449,2060,2120]
[0,1218,2120]
[0,617,1020,1408,2120]
[0,617,1408,2120]
[0,617,2120]
[0,617,1020,1150,1367,2120]
[0,1449,2120]
[0,617,1020,1150,2060,2120]
[0,942,1408,2120]
[0,942,1150,2060,2120]
[0,617,1020,1449,2120]
[0,1020,1408,2120]
[0,910,1408,2120]
[0,617,1020,1218,2120]
[0,617,1020,1408,2060,2120]
[0,910,1408,2060,2120]
[0,617,1020,1150,1367,1449,2120]
[0,1020,1150,1367,1449,2120]
[0,617,679,1020,1150,2060,2120]
[0,617,942,1408,2120]
[0,617,910,1077,1251,1408,2060,2120]
[0,1020,1408,2060,2120]
[0,1020,1150,2120]
[0,1401,2060,2120]
[0,617,910,1367,2060,2120]
[0,1218,2060,2120]
[0,617,1020,1218,2060,2120]
[0,617,679,1020,1150,2120]
[0,1020,1150,1367,2120]
[0,617,1449,2120]
[0,617,910,1408,2120]
[0,617,1020,1150,1367,1449,2060,2120]
[0,1408,2060,2120]
[0,1020,1367,2120]
[0,617,1367,2060,2120]
[0,617,679,1367,2060,2120]
[0,1020,1218,2060,2120]
[0,617,679,1020,1150,1367,2060,2120]
[0,910,1367,2120]
[0,617,942,1150,1408,2120]
[0,1367,2060,2120]
[0,617,910,1408,2060,2120]
[0,617,1020,1150,2120]
[0,617,679,1367,2120]
[0,617,1150,2120]
[0,617,942,1150,1408,2060,2120]
[0,617,679,1020,1150,1367,1449,2060,2120]
[0,617,910,1077,1408,2120]
[0,617,910,1367,2120]
[0,617,679,910,1367,2120]
[0,617,679,1020,1150,1367,2120]
[0,942,1150,2120]
[0,1367,2120]
[0,617,679,2120]
[0,617,1218,2120]
[0,1020,1218,2120]
[0,617,1020,1367,2120]
[0,2060,2120]
[0,617,679,1020,1150,1367,1449,2120]
[0,617,910,1077,1251,1408,2120]
[0,1408,2120]
[0,617,942,1150,2120]
[0,910,1367,2060,2120]
[0,617,910,1077,1408,2060,2120]
[0,617,679,910,1367,2060,2120]
[0,1401,2120]
[0,617,1367,2120]
[0,1449,2060,2120]
[0,1150,2120]
