[0,304,563,632,1264]
[0,304,563,628,693,909,1074,1190,1264]
[0,304,463,628,844,909,1074,1264]
[0,304,909,1074,1190,1264]
[0,304,1264]
[0,304,563,632,1056,1264]
[0,304,563,628,909,1074,1264]
[0,304,693,909,1074,1190,1264]
[0,304,463,632,1056,1264]
[0,304,563,632,844,909,1056,1190,1264]
[0,304,693,909,1074,1264]
[0,304,563,1074,1264]
[0,304,628,844,909,1074,1190,1264]
[0,304,463,628,909,1074,1264]
[0,304,463,632,1264]
[0,304,844,909,1056,1264]
[0,304,463,628,1056,1264]
[0,304,463,909,1264]
[0,304,463,628,909,1056,1264]
[0,304,628,844,909,1074,1264]
[0,304,632,1056,1264]
[0,304,463,563,628,693,844,909,1074,1190,1264]
[0,304,563,909,1056,1264]
[0,304,463,628,909,1056,1190,1264]
[0,304,463,628,693,844,909,1074,1190,1264]
[0,563,1264]
[0,304,463,632,909,1056,1190,1264]
[0,304,628,693,844,909,1074,1190,1264]
[0,304,909,1056,1264]
[0,304,463,1264]
[0,304,563,909,1056,1190,1264]
[0,304,563,632,909,1056,1264]
[0,304,463,628,693,909,1074,1264]
[0,304,628,1056,1264]
[0,304,463,563,632,844,909,1056,1190,1264]
[0,463,1264]
[0,304,463,909,1074,1264]
[0,304,909,1264]
[0,304,628,693,909,1074,1190,1264]
[0,304,1074,1264]
[0,304,463,909,1056,1264]
[0,304,628,693,909,1074,1264]
[0,304,563,628,844,909,1074,1190,1264]
[0,563,936,1264]
[0,304,463,632,909,1056,1264]
[0,304,463,628,1264]
[0,304,463,628,909,1074,1190,1264]
[0,304,632,909,1056,1264]
[0,463,909,1264]
[0,304,693,1264]
[0,304,909,1074,1264]
[0,632,1264]
[0,304,563,1264]
[0,304,563,909,1264]
[0,304,628,909,1074,1190,1264]
[0,304,563,909,1074,1264]
[0,304,563,628,844,909,1074,1264]
[0,304,628,909,1074,1264]
[0,909,1264]
[0,304,844,909,1074,1264]
[0,693,1264]
[0,304,1056,1264]
[0,304,628,1074,1264]
[0,304,563,628,1074,1264]
[0,304,909,1056,1190,1264]
[0,304,844,909,1074,1190,1264]
[0,304,563,628,693,909,1074,1264]
[0,304,563,632,844,909,1056,1264]
[0,304,463,563,628,693,909,1074,1190,1264]
[0,304,628,1264]
[0,304,632,844,909,1056,1264]
[0,304,563,632,909,1056,1190,1264]
[0,463,936,1264]
[0,628,1264]
[0,304,563,628,693,844,909,1074,1190,1264]
[0,304,693,1074,1264]
[0,304,463,563,632,909,1056,1190,1264]
[0,304,632,1264]
[0,304,563,628,1264]
[0,304,463,628,844,909,1074,1190,1264]
[0,304,463,628,693,909,1074,1190,1264]
[0,304,463,909,1074,1190,1264]
