[0,252,483,667,1419]
[0,122,424,1419]
[0,483,601,667,1271,1419]
[0,240,483,1419]
[0,1229,1419]
[0,252,483,601,667,934,1109,1213,1271,1419]
[0,240,483,667,1109,1419]
[0,388,1419]
[0,424,1251,1419]
[0,240,424,679,1419]
[0,483,667,1109,1419]
[0,667,1271,1419]
[0,240,424,1251,1419]
[0,240,483,934,1419]
[0,601,1419]
[0,483,1251,1419]
[0,252,483,601,667,1213,1271,1419]
[0,483,667,1271,1419]
[0,252,483,601,667,1109,1213,1271,1419]
[0,240,483,667,1251,1419]
[0,240,483,667,934,1419]
[0,667,1109,1271,1419]
[0,483,934,1419]
[0,240,483,667,1419]
[0,240,483,667,934,1109,1419]
[0,122,424,1271,1419]
[0,252,483,601,667,1109,1271,1419]
[0,252,483,667,934,1419]
[0,252,483,601,667,934,1271,1419]
[0,240,483,1109,1419]
[0,424,679,1271,1419]
[0,667,1109,1419]
[0,483,667,1419]
[0,252,483,601,667,934,1109,1271,1419]
[0,1251,1419]
[0,252,483,667,934,1109,1271,1419]
[0,483,1419]
[0,122,424,679,1251,1419]
[0,240,483,667,934,1109,1271,1419]
[0,122,424,679,1271,1419]
[0,424,1271,1419]
[0,252,483,1109,1419]
[0,240,483,667,934,1271,1419]
[0,252,483,667,1109,1271,1419]
[0,667,1419]
[0,252,483,667,934,1271,1419]
[0,424,679,1419]
[0,252,483,601,667,1271,1419]
[0,252,483,667,1109,1419]
[0,240,424,679,1251,1419]
[0,483,1271,1419]
[0,388,1213,1419]
[0,1109,1419]
[0,252,483,1419]
[0,240,483,667,1271,1419]
[0,252,483,934,1419]
[0,424,1419]
[0,601,1271,1419]
[0,252,483,667,1271,1419]
[0,483,667,1251,1419]
[0,122,424,1251,1419]
[0,252,483,667,934,1109,1419]
[0,424,679,1251,1419]
[0,1271,1419]
[0,122,424,601,679,1251,1419]
[0,240,424,1419]
[0,483,1109,1419]
