[0,281,731,784,1180]
[0,784,893,1180]
[0,281,1180]
[0,731,784,893,1093,1180]
[0,281,409,784,893,1093,1180]
[0,281,409,784,1180]
[0,281,1056,1180]
[0,739,784,1180]
[0,559,784,893,1093,1180]
[0,731,784,893,1180]
[0,559,784,893,1180]
[0,409,784,893,1180]
[0,559,784,1093,1180]
[0,229,281,409,784,893,1180]
[0,229,784,893,1180]
[0,784,1180]
[0,229,281,409,784,893,1093,1180]
[0,229,281,731,784,893,1093,1180]
[0,281,742,784,1180]
[0,409,784,893,1093,1180]
[0,281,409,691,784,893,1180]
[0,742,1180]
[0,229,281,739,784,893,1180]
[0,409,784,1180]
[0,281,784,893,1180]
[0,281,731,784,893,1180]
[0,229,281,739,784,893,1093,1180]
[0,281,409,784,893,1180]
[0,229,281,742,784,893,1180]
[0,281,742,1180]
[0,281,742,1056,1180]
[0,229,281,742,784,1180]
[0,229,784,893,1093,1180]
[0,1056,1180]
[0,229,281,784,1180]
[0,229,281,691,784,893,1093,1180]
[0,281,409,691,784,893,1093,1180]
[0,784,1093,1180]
[0,229,784,1180]
[0,229,281,409,742,784,893,1093,1180]
[0,229,281,691,739,784,893,1093,1180]
[0,229,281,742,784,893,1093,1180]
[0,229,281,731,784,1180]
[0,229,281,409,691,784,893,1093,1180]
[0,281,559,784,1180]
[0,229,281,784,893,1093,1180]
[0,281,784,893,1093,1180]
[0,731,784,1180]
[0,229,281,784,893,1180]
[0,229,281,731,784,893,1180]
[0,281,731,784,893,1093,1180]
[0,229,281,409,691,742,784,893,1093,1180]
[0,281,739,784,1180]
[0,229,281,739,784,1180]
[0,229,281,409,731,784,893,1093,1180]
[0,784,893,1093,1180]
[0,229,281,409,691,739,784,893,1093,1180]
[0,281,784,1180]
[0,281,409,731,784,893,1093,1180]
[0,559,784,1180]
[0,742,784,1180]
[0,229,691,784,893,1180]
[0,281,559,784,1093,1180]
[0,229,691,784,893,1093,1180]
