[0,416,545,796,897,1185,1326,1673,1888,2019]
[0,897,1185,1239,1888,2019]
[0,545,897,1185,2019]
[0,897,1185,1388,1888,2019]
[0,416,545,796,897,1185,1388,2019]
[0,1185,1239,1888,2019]
[0,897,1185,1673,2019]
[0,416,545,1888,2019]
[0,1673,1888,2019]
[0,897,1185,1326,1888,2019]
[0,416,897,1185,2019]
[0,897,1122,1888,2019]
[0,545,1185,1673,2019]
[0,416,897,1185,1388,1888,2019]
[0,897,1185,1888,2019]
[0,416,545,897,1045,1888,2019]
[0,545,796,897,1185,1388,2019]
[0,796,897,1185,1388,2019]
[0,416,1185,1673,2019]
[0,796,897,1185,1326,2019]
[0,897,1185,2019]
[0,796,897,2019]
[0,416,897,1185,1326,1673,1888,2019]
[0,1185,1239,2019]
[0,897,1185,1388,2019]
[0,1185,1888,2019]
[0,545,1185,1388,1673,2019]
[0,416,545,1045,1673,1888,2019]
[0,416,897,1673,2019]
[0,1673,2019]
[0,416,1045,2019]
[0,416,897,1045,1888,2019]
[0,545,1185,1326,1673,2019]
[0,416,545,1185,1326,2019]
[0,416,545,897,1017,1185,1888,2019]
[0,416,2019]
[0,416,897,1185,1388,1673,1888,2019]
[0,897,1185,1388,1673,1888,2019]
[0,416,897,1888,2019]
[0,416,897,1239,1888,2019]
[0,416,1888,2019]
[0,416,545,1045,1888,2019]
[0,416,545,796,897,1185,1388,1673,1888,2019]
[0,1185,1388,2019]
[0,416,545,1673,1888,2019]
[0,897,1185,1388,1673,2019]
[0,1239,2019]
[0,545,1185,1388,1888,2019]
[0,416,897,1045,1673,1888,2019]
[0,416,897,1185,1326,1673,2019]
[0,416,545,897,1185,1326,1888,2019]
[0,416,897,1122,2019]
[0,416,545,897,1185,1326,1673,1888,2019]
[0,545,1185,2019]
[0,545,1185,1326,2019]
[0,1185,1326,1673,2019]
[0,1888,2019]
[0,416,897,1673,1888,2019]
[0,416,1045,1673,1888,2019]
[0,796,2019]
[0,1185,1388,1673,1888,2019]
[0,796,897,1185,2019]
[0,416,545,897,1185,1388,1888,2019]
[0,416,897,1185,1388,2019]
[0,416,1185,2019]
[0,416,897,1185,1239,1888,2019]
[0,416,545,1185,1888,2019]
[0,416,545,897,1185,1888,2019]
[0,416,545,796,897,1185,1326,2019]
[0,545,796,897,1185,1326,2019]
[0,416,1673,1888,2019]
[0,416,545,897,1185,1388,2019]
[0,416,897,1185,1326,1888,2019]
[0,1185,1673,2019]
[0,897,2019]
[0,1185,1388,1888,2019]
[0,416,545,897,1185,1326,2019]
[0,416,897,1045,1673,2019]
[0,1185,2019]
[0,1185,1326,1888,2019]
[0,545,1239,2019]
[0,416,897,1185,1326,2019]
[0,416,897,1122,1888,2019]
[0,416,545,1185,1388,2019]
[0,416,1673,2019]
[0,545,1185,1888,2019]
[0,416,1045,1673,2019]
[0,416,897,1185,1673,2019]
[0,416,545,897,1185,1388,1673,1888,2019]
[0,545,897,1185,1388,2019]
[0,416,897,1239,2019]
[0,1185,1326,1673,1888,2019]
[0,897,1185,1326,2019]
[0,416,897,1045,2019]
[0,1045,2019]
[0,545,1185,1388,2019]
[0,416,545,1185,1388,1673,1888,2019]
[0,545,1185,1388,1673,1888,2019]
[0,416,545,796,897,1185,1326,1888,2019]
[0,545,1185,1326,1888,2019]
[0,416,1045,1888,2019]
[0,416,545,1185,1326,1673,1888,2019]
[0,545,1185,1326,1673,1888,2019]
[0,545,897,1185,1326,2019]
[0,416,897,1185,1888,2019]
[0,416,897,2019]
[0,897,1122,2019]
[0,416,545,1185,1326,1888,2019]
[0,1185,1326,2019]
[0,1122,1888,2019]
[0,416,897,1185,1388,1673,2019]
[0,416,545,1185,1388,1888,2019]
[0,1185,1388,1673,2019]
[0,416,545,897,1045,1673,1888,2019]
[0,1122,2019]
[0,416,545,796,897,1185,1388,1888,2019]
