[0,2657,2759]
[0,675,1707,1925,2411,2657,2759]
[0,1707,1925,2759]
[0,564,831,978,1436,1783,2759]
[0,1783,2759]
[0,831,2657,2759]
[0,675,1707,1925,2411,2759]
[0,973,2759]
[0,352,831,1783,2591,2759]
[0,1707,1925,2411,2759]
[0,831,973,1925,2411,2759]
[0,352,1783,2591,2759]
[0,831,978,1436,1783,2759]
[0,352,831,1783,2759]
[0,1436,1783,2759]
[0,973,1925,2411,2759]
[0,1783,2591,2759]
[0,1783,2657,2759]
[0,978,1783,2657,2759]
[0,831,1783,2759]
[0,564,831,2759]
[0,831,973,2759]
[0,978,1783,2759]
[0,675,1925,2411,2759]
[0,831,973,1925,2759]
[0,831,973,1925,2657,2759]
[0,564,1783,2591,2759]
[0,973,1925,2759]
[0,1436,1783,2657,2759]
[0,564,831,1436,1783,2759]
[0,1707,1925,2657,2759]
[0,675,2759]
[0,973,1925,2657,2759]
[0,1925,2411,2759]
[0,675,1925,2759]
[0,564,831,2657,2759]
[0,831,973,1925,2411,2657,2759]
[0,831,1925,2411,2759]
[0,1925,2759]
[0,831,1436,1783,2759]
[0,831,2759]
[0,564,831,978,1436,1783,2657,2759]
[0,1925,2657,2759]
[0,831,978,1783,2657,2759]
[0,352,1783,2759]
[0,831,978,1783,2759]
[0,831,978,1436,1783,2657,2759]
[0,675,1845,2759]
[0,564,1783,2759]
[0,1707,1925,2411,2657,2759]
[0,831,1925,2759]
[0,831,973,1707,1925,2411,2657,2759]
[0,1845,2759]
[0,831,1707,1925,2411,2759]
[0,831,973,1707,1925,2411,2759]
[0,675,2657,2759]
