[0,754,1276,1361,1585,1938,2020]
[0,754,1276,1706,1938,2020]
[0,1181,1585,2020]
[0,103,754,1001,1181,1585,1706,1938,2020]
[0,1181,1706,2020]
[0,103,754,1001,1181,1585,2020]
[0,103,754,1276,1706,1938,2020]
[0,754,1276,1361,1585,2020]
[0,103,754,1276,1361,1585,2020]
[0,103,1001,1181,1585,1938,2020]
[0,103,754,1181,1585,1938,2020]
[0,1706,2020]
[0,1585,2020]
[0,754,1276,2020]
[0,1276,1585,1938,2020]
[0,1001,1585,1938,2020]
[0,103,754,1707,2020]
[0,754,1707,2020]
[0,754,1181,2020]
[0,1001,1181,1585,2020]
[0,103,754,1001,1181,1585,1938,2020]
[0,754,1276,1707,2020]
[0,103,754,1276,1707,2020]
[0,1276,1361,1585,1938,2020]
[0,103,754,1181,1585,2020]
[0,1181,1585,1938,2020]
[0,103,754,1181,1706,2020]
[0,1706,1938,2020]
[0,103,754,1181,1706,1938,2020]
[0,754,1001,1181,1585,1706,2020]
[0,1001,1585,2020]
[0,1001,2020]
[0,754,1001,1181,1585,2020]
[0,103,754,1706,2020]
[0,1181,1706,1938,2020]
[0,1276,1706,1938,2020]
[0,1276,2020]
[0,1276,1585,2020]
[0,1276,1706,2020]
[0,754,1181,1585,2020]
[0,1181,2020]
[0,754,2020]
[0,103,754,1001,1181,1585,1706,2020]
[0,754,1276,1706,2020]
[0,103,1001,1585,1938,2020]
[0,103,754,1276,1706,2020]
[0,754,1276,1585,1938,2020]
[0,754,1276,1585,2020]
[0,103,754,1276,1585,2020]
[0,103,1001,1181,1585,2020]
[0,754,1181,1706,2020]
[0,754,1706,2020]
[0,103,754,1276,1585,1938,2020]
[0,1276,1361,1585,2020]
[0,754,1585,2020]
[0,1938,2020]
[0,754,1181,1706,1938,2020]
[0,754,1181,1585,1938,2020]
[0,103,1001,1585,2020]
[0,103,754,1276,1361,1585,1938,2020]
