[0,507,843,1112,2017]
[0,206,507,843,1112,1649,1805,2017]
[0,206,515,725,782,843,1112,1649,1806,2017]
[0,206,515,1112,2017]
[0,782,2017]
[0,1112,2017]
[0,507,725,782,843,1112,2017]
[0,507,782,843,1112,2017]
[0,206,507,725,922,1112,1649,1805,2017]
[0,206,507,922,1112,2017]
[0,206,507,922,1112,1649,1805,2017]
[0,515,850,1112,1806,2017]
[0,206,507,725,782,843,922,1112,1649,1805,2017]
[0,206,507,725,922,1112,1805,2017]
[0,206,507,843,1112,2017]
[0,206,507,725,782,843,1112,1805,2017]
[0,206,345,507,843,1112,1649,1805,2017]
[0,206,515,725,782,843,1112,2017]
[0,206,515,782,843,1112,1806,2017]
[0,206,507,922,1112,1805,2017]
[0,515,2017]
[0,206,515,725,782,843,1112,1806,2017]
[0,515,725,782,843,1112,2017]
[0,206,515,1112,1649,1806,2017]
[0,206,345,507,725,843,1112,1649,1805,2017]
[0,507,725,1112,1805,2017]
[0,206,515,850,1112,1806,2017]
[0,206,507,725,782,843,1112,1649,1805,2017]
[0,206,507,1112,2017]
[0,206,515,843,1112,1806,2017]
[0,206,515,843,1112,1649,1806,2017]
[0,206,515,782,850,1112,1649,1806,2017]
[0,515,1112,1806,2017]
[0,206,507,725,1112,2017]
[0,206,515,782,843,1112,2017]
[0,515,793,1112,1806,2017]
[0,206,507,843,1112,1805,2017]
[0,206,507,725,782,843,1112,2017]
[0,515,1112,2017]
[0,515,843,1112,1806,2017]
[0,206,507,782,843,1112,1805,2017]
[0,206,507,1112,1805,2017]
[0,515,843,1112,2017]
[0,206,515,1112,1806,2017]
[0,206,507,843,922,1112,1649,1805,2017]
[0,206,515,793,1112,1806,2017]
[0,206,507,782,843,922,1112,1649,1805,2017]
[0,206,515,843,1112,2017]
[0,507,1112,1805,2017]
[0,507,1112,2017]
[0,515,782,843,1112,2017]
[0,206,515,782,843,1112,1649,1806,2017]
[0,206,515,850,1112,1649,1806,2017]
[0,515,793,1112,2017]
[0,206,507,725,843,1112,1649,1805,2017]
[0,507,922,1112,2017]
[0,206,515,793,1112,2017]
[0,206,515,850,1112,2017]
[0,507,725,1112,2017]
[0,507,843,1112,1805,2017]
[0,515,850,1112,2017]
[0,206,515,793,1112,1649,1806,2017]
[0,206,507,782,843,1112,2017]
[0,206,507,725,1112,1805,2017]
[0,507,2017]
[0,206,507,782,843,1112,1649,1805,2017]
