[0,118,251,428,607,739,820,1046]
[0,251,428,556,820,1046]
[0,76,118,251,428,739,820,1046]
[0,820,1046]
[0,428,820,1046]
[0,251,820,1046]
[0,607,820,1046]
[0,428,1046]
[0,251,428,607,820,1046]
[0,118,251,428,820,967,1046]
[0,76,118,251,428,607,739,820,1046]
[0,251,428,739,820,1046]
[0,118,251,428,556,820,1046]
[0,118,251,428,607,820,1046]
[0,118,251,428,556,820,967,1046]
[0,118,251,428,739,820,967,1046]
[0,428,607,820,1046]
[0,118,251,428,739,820,1046]
[0,251,428,820,1046]
[0,739,820,1046]
[0,251,1046]
[0,251,428,607,739,820,1046]
[0,118,251,428,820,1046]
[0,428,556,820,1046]
[0,118,251,428,607,739,820,967,1046]
[0,118,251,428,556,607,739,820,967,1046]
[0,739,1046]
[0,428,739,820,1046]
[0,118,251,428,607,820,967,1046]
[0,76,118,251,428,607,739,820,967,1046]
[0,251,739,1046]
[0,76,118,251,428,556,607,739,820,967,1046]
