[0,1213,1421,1482,1871,1914,2019]
[0,1683,2019]
[0,1113,1317,1421,2019]
[0,1134,1683,2019]
[0,1113,1213,1317,1421,2019]
[0,1113,1317,1421,1647,2019]
[0,1113,1482,2019]
[0,1113,1213,1317,1421,1683,1914,2019]
[0,1113,1647,2019]
[0,1113,1871,2019]
[0,690,1134,1683,2019]
[0,690,1134,1421,1683,2019]
[0,1113,1317,1421,1871,2019]
[0,1317,2019]
[0,1113,1213,1421,1482,1647,2019]
[0,1113,1213,1421,1482,1647,1871,1914,2019]
[0,1317,1683,2019]
[0,1113,1213,1317,1421,1482,1683,1914,2019]
[0,1421,1683,2019]
[0,1482,1871,2019]
[0,1113,1317,1421,1647,1871,2019]
[0,1113,1482,1647,2019]
[0,1113,1213,1421,1482,1871,2019]
[0,1134,2019]
[0,1213,1421,1482,1871,2019]
[0,1113,1213,1317,1421,1683,2019]
[0,1113,1213,1647,2019]
[0,1113,1317,1683,1914,2019]
[0,1113,1213,1421,1482,1871,1914,2019]
[0,1113,1683,2019]
[0,1213,1421,2019]
[0,1421,1482,2019]
[0,1421,1482,1871,1914,2019]
[0,1113,1213,1317,1421,1482,1647,2019]
[0,1482,1683,2019]
[0,1113,1482,1871,2019]
[0,1134,1421,1683,2019]
[0,1113,1482,1647,1871,2019]
[0,1113,1213,1317,1421,1482,1647,1871,2019]
[0,1113,1213,1421,1482,1647,1871,2019]
[0,1421,1871,2019]
[0,1113,1213,1482,1647,1871,2019]
[0,1113,2019]
[0,690,1482,1871,2019]
[0,1113,1317,2019]
[0,1113,1317,1421,1683,1914,2019]
[0,1113,1213,1317,1421,1871,2019]
[0,1482,1647,2019]
[0,1113,1213,1317,1421,1647,1871,2019]
[0,1421,2019]
[0,1113,1482,1683,2019]
[0,1317,1421,2019]
[0,1113,1213,1421,1482,2019]
[0,1113,1213,1482,1683,2019]
[0,1113,1213,1421,1482,1683,1871,1914,2019]
[0,1113,1213,1683,2019]
[0,1213,1421,1482,2019]
[0,690,2019]
[0,1113,1317,1647,2019]
[0,1113,1213,1421,2019]
[0,1647,2019]
[0,1113,1213,2019]
[0,1113,1213,1317,1421,1482,1683,1871,1914,2019]
[0,690,1134,2019]
[0,1113,1213,1317,1421,1482,1683,2019]
[0,1482,2019]
[0,1113,1213,1421,1871,2019]
[0,1113,1317,1871,2019]
[0,690,1683,2019]
[0,1213,1421,1871,2019]
[0,1113,1317,1647,1871,2019]
[0,627,1421,1871,2019]
[0,1113,1213,1482,1647,2019]
[0,1113,1213,1421,1482,1683,1914,2019]
[0,1871,2019]
[0,1113,1213,1482,1683,1914,2019]
[0,1113,1317,1683,2019]
[0,690,1482,2019]
[0,627,1421,2019]
[0,1113,1213,1421,1482,1683,2019]
[0,1113,1213,1317,1421,1647,2019]
[0,1113,1213,1317,1421,1482,1647,1871,1914,2019]
[0,1113,1317,1421,1683,2019]
[0,627,2019]
[0,1113,1482,1683,1914,2019]
[0,1421,1482,1871,2019]
