[0,684,1180]
[0,510,1180]
[0,981,1180]
[0,434,510,684,1180]
[0,981,1093,1180]
[0,510,684,898,981,1180]
[0,434,510,898,981,1093,1180]
[0,353,510,684,981,1180]
[0,434,510,584,898,981,1180]
[0,510,684,981,1180]
[0,434,981,1180]
[0,355,434,898,981,1093,1180]
[0,434,981,1093,1180]
[0,584,981,1180]
[0,355,510,684,981,1093,1180]
[0,434,898,981,1093,1180]
[0,355,434,510,584,898,981,1093,1180]
[0,355,510,684,981,1180]
[0,434,510,1180]
[0,541,684,981,1180]
[0,434,829,981,1180]
[0,434,510,684,981,1093,1180]
[0,684,981,1180]
[0,584,1180]
[0,510,684,898,981,1093,1180]
[0,355,434,510,898,981,1093,1180]
[0,434,510,898,981,1180]
[0,434,584,981,1180]
[0,434,510,584,898,981,1093,1180]
[0,434,510,584,684,829,898,981,1093,1180]
[0,434,510,584,684,981,1093,1180]
[0,684,981,1093,1180]
[0,354,510,584,684,981,1180]
[0,434,541,684,981,1180]
[0,355,434,510,584,684,829,898,981,1093,1180]
[0,434,1180]
[0,355,434,510,584,684,898,981,1093,1180]
[0,684,898,981,1180]
[0,510,684,981,1093,1180]
[0,434,510,584,684,898,981,1093,1180]
[0,898,981,1093,1180]
[0,434,898,981,1180]
[0,353,510,584,684,981,1180]
[0,510,898,1180]
[0,898,981,1180]
[0,434,510,684,898,981,1093,1180]
[0,898,1180]
[0,355,510,684,898,981,1093,1180]
[0,434,510,684,981,1180]
[0,434,510,684,829,898,981,1093,1180]
[0,434,510,684,898,981,1180]
[0,354,510,684,981,1180]
[0,355,434,510,684,898,981,1093,1180]
[0,510,684,1180]
[0,434,541,684,981,1093,1180]
[0,434,510,684,829,898,981,1180]
