[0,843,1324,1465]
[0,237,444,843,1465]
[0,590,1254,1465]
[0,590,1276,1465]
[0,590,869,1354,1465]
[0,590,666,1276,1356,1465]
[0,1356,1465]
[0,444,843,1276,1354,1465]
[0,144,590,869,1356,1465]
[0,144,666,1276,1356,1465]
[0,65,590,666,869,1276,1354,1465]
[0,869,1354,1465]
[0,237,843,1276,1354,1465]
[0,65,590,869,1465]
[0,590,1465]
[0,65,144,869,1465]
[0,144,590,666,1276,1356,1465]
[0,65,843,1465]
[0,843,1354,1465]
[0,237,1354,1465]
[0,237,843,1465]
[0,444,843,1465]
[0,65,1276,1356,1465]
[0,1276,1465]
[0,869,1465]
[0,65,590,666,1276,1356,1465]
[0,237,444,843,1354,1465]
[0,144,869,1465]
[0,65,444,843,1276,1354,1465]
[0,65,144,590,869,1465]
[0,65,1465]
[0,144,590,666,869,1276,1356,1465]
[0,1276,1356,1465]
[0,65,869,1276,1356,1465]
[0,444,843,1354,1465]
[0,590,869,1465]
[0,65,590,869,1276,1356,1465]
[0,144,666,1356,1465]
[0,869,1276,1356,1465]
[0,666,1356,1465]
[0,218,843,1465]
[0,590,869,1356,1465]
[0,1354,1465]
[0,843,1276,1354,1465]
[0,65,590,666,869,1276,1356,1465]
[0,869,1356,1465]
[0,666,1276,1356,1465]
[0,144,590,869,1276,1356,1465]
[0,666,1276,1354,1465]
[0,590,666,1465]
[0,590,666,869,1276,1354,1465]
[0,65,590,666,1356,1465]
[0,65,590,666,1354,1465]
[0,843,1465]
[0,65,843,1324,1465]
[0,658,1465]
[0,65,843,1276,1354,1465]
[0,590,666,1354,1465]
[0,144,590,869,1465]
[0,590,666,869,1276,1356,1465]
[0,237,1276,1354,1465]
[0,65,1276,1354,1465]
[0,590,869,1276,1354,1465]
[0,65,590,666,1465]
[0,237,444,843,1276,1354,1465]
[0,65,590,666,1276,1354,1465]
[0,65,218,843,1324,1465]
[0,590,666,1356,1465]
[0,666,1465]
[0,237,1465]
[0,590,869,1276,1356,1465]
[0,65,869,1465]
[0,144,666,1465]
[0,1276,1354,1465]
[0,869,1324,1465]
[0,237,843,1354,1465]
[0,65,144,590,666,869,1276,1356,1465]
[0,65,237,444,843,1276,1354,1465]
[0,218,843,1324,1465]
[0,590,666,1276,1354,1465]
[0,65,144,590,666,1276,1356,1465]
[0,869,1276,1354,1465]
[0,666,1354,1465]
