[0,195,540,656,831,921,1249]
[0,656,921,1249]
[0,567,831,1249]
[0,656,1249]
[0,195,540,831,1249]
[0,581,1249]
[0,540,831,1249]
[0,195,581,921,1110,1249]
[0,67,195,540,656,831,921,1249]
[0,67,195,540,656,721,831,921,1249]
[0,195,831,1249]
[0,195,921,1249]
[0,67,195,681,831,921,1249]
[0,681,831,921,1249]
[0,195,540,1249]
[0,656,721,831,921,1249]
[0,195,831,921,1249]
[0,195,656,921,1249]
[0,540,656,831,921,1249]
[0,195,540,1110,1249]
[0,195,540,656,721,831,921,1249]
[0,195,681,831,1249]
[0,195,1110,1249]
[0,195,1249]
[0,831,1249]
[0,721,831,1249]
[0,195,540,831,921,1249]
[0,67,195,540,831,921,1249]
[0,195,540,656,1249]
[0,195,540,656,921,1249]
[0,721,831,921,1249]
[0,921,1249]
[0,540,831,921,1249]
[0,681,831,1249]
[0,540,656,1249]
[0,540,656,921,1249]
[0,195,581,921,1249]
[0,195,581,1110,1249]
[0,195,567,831,1249]
[0,540,1249]
[0,540,656,721,831,921,1249]
[0,581,921,1249]
[0,831,921,1249]
[0,195,581,1249]
[0,195,567,831,921,1249]
[0,195,681,831,921,1249]
