[0,286,705,1180]
[0,307,405,575,645,1180]
[0,330,575,1180]
[0,330,405,645,705,1180]
[0,307,575,1180]
[0,330,405,575,645,705,1180]
[0,307,405,705,1180]
[0,51,330,575,705,1091,1180]
[0,330,405,575,645,705,1091,1180]
[0,705,1091,1180]
[0,307,405,575,645,705,1091,1180]
[0,307,405,1180]
[0,705,1180]
[0,307,405,575,1180]
[0,145,330,575,705,1091,1180]
[0,164,705,1180]
[0,330,405,1180]
[0,307,405,705,1091,1180]
[0,645,1091,1180]
[0,307,405,645,705,1180]
[0,330,575,705,1091,1180]
[0,575,1180]
[0,164,645,1180]
[0,330,405,705,1180]
[0,330,405,575,705,1091,1180]
[0,330,405,705,1091,1180]
[0,330,405,575,1180]
[0,645,1180]
[0,330,575,705,1180]
[0,330,705,1091,1180]
[0,145,330,575,1180]
[0,307,575,705,1180]
[0,330,405,645,705,1091,1180]
[0,330,405,575,645,1180]
[0,164,645,1091,1180]
[0,405,1180]
[0,307,405,645,705,1091,1180]
[0,307,405,575,705,1091,1180]
[0,164,705,1091,1180]
[0,145,330,575,705,1180]
[0,307,405,575,705,1180]
[0,307,705,1180]
[0,330,705,1180]
[0,307,405,575,645,705,1180]
