[0,996,1272,1766,1810]
[0,482,1062,1766,1810]
[0,231,601,1062,1810]
[0,482,1810]
[0,231,395,482,601,772,1062,1275,1810]
[0,996,1272,1810]
[0,231,482,601,1810]
[0,482,1062,1810]
[0,601,1810]
[0,231,482,772,1062,1226,1275,1766,1810]
[0,231,482,601,1062,1810]
[0,482,1766,1810]
[0,231,482,772,1062,1185,1766,1810]
[0,231,482,772,1062,1766,1810]
[0,231,482,772,1062,1185,1810]
[0,231,482,601,772,1062,1185,1810]
[0,231,482,772,1062,1810]
[0,231,601,1810]
[0,231,482,772,1062,1275,1810]
[0,231,482,601,772,1062,1226,1275,1810]
[0,772,1810]
[0,231,395,482,772,1062,1185,1766,1810]
[0,231,482,601,772,1062,1810]
[0,231,482,601,772,1062,1226,1275,1766,1810]
[0,231,482,772,1062,1226,1275,1810]
[0,231,395,482,772,1062,1226,1275,1810]
[0,231,395,482,772,1062,1185,1810]
[0,601,1062,1810]
[0,996,1810]
[0,231,395,482,601,772,1062,1185,1766,1810]
[0,231,482,601,772,1062,1275,1810]
[0,231,395,482,601,772,1062,1226,1275,1766,1810]
[0,482,601,1810]
[0,231,482,601,772,1062,1185,1766,1810]
[0,772,1062,1810]
[0,231,395,482,772,1062,1226,1275,1766,1810]
[0,1062,1810]
[0,1766,1810]
[0,231,395,482,772,1062,1275,1810]
[0,996,1766,1810]
[0,231,395,482,601,772,1062,1226,1275,1810]
[0,231,395,482,601,772,1062,1185,1810]
[0,482,772,1062,1810]
[0,482,772,1062,1766,1810]
