[0,1902,1960,2120]
[0,1367,1902,2120]
[0,472,1050,1402,1902,2120]
[0,330,1902,2120]
[0,330,450,1068,1121,1902,1960,2120]
[0,320,472,1050,1402,1902,1960,2120]
[0,320,472,1050,1402,1728,1902,2120]
[0,330,450,1068,1121,2120]
[0,1119,2120]
[0,1068,1367,1728,1902,2120]
[0,1068,1367,1902,2120]
[0,450,1902,1960,2120]
[0,450,2120]
[0,320,472,1367,1902,2120]
[0,320,472,1068,1367,1728,1902,2120]
[0,330,676,1119,2120]
[0,472,1402,1902,2120]
[0,330,450,1068,1121,1902,2120]
[0,330,695,2120]
[0,472,1050,1402,2120]
[0,1902,2120]
[0,1402,1902,1960,2120]
[0,472,1367,1728,1902,2120]
[0,330,676,1367,1728,1902,2120]
[0,330,450,1902,1960,2120]
[0,450,1902,2120]
[0,1050,1402,1902,2120]
[0,450,1121,1902,2120]
[0,472,1402,1728,1902,2120]
[0,320,472,1050,1121,1402,1728,1902,2120]
[0,330,2120]
[0,330,676,1367,2120]
[0,320,472,1050,1121,1402,1902,2120]
[0,330,450,1313,1902,1960,2120]
[0,1068,1367,2120]
[0,330,450,1068,1313,1902,2120]
[0,695,2120]
[0,695,1629,2120]
[0,309,661,1119,2120]
[0,311,676,1119,2120]
[0,320,472,1402,1902,2120]
[0,472,1068,1367,1728,1902,2120]
[0,472,1068,1367,1902,2120]
[0,330,695,1313,2120]
[0,330,450,1121,2120]
[0,1313,2120]
[0,330,450,1121,1902,2120]
[0,330,676,1367,1902,2120]
[0,330,676,1119,1902,2120]
[0,450,1313,1902,2120]
[0,1402,1728,1902,2120]
[0,320,472,1402,1902,1960,2120]
[0,676,1367,2120]
[0,330,450,1902,2120]
[0,450,1313,2120]
[0,1367,1728,1902,2120]
[0,330,450,1068,1121,1313,1902,1960,2120]
[0,1121,2120]
[0,330,695,1902,2120]
[0,330,695,1629,2120]
[0,1050,1402,2120]
[0,472,1367,1902,2120]
[0,330,695,1313,1902,2120]
[0,676,1119,1902,2120]
[0,472,1068,1367,2120]
[0,311,676,1119,1902,2120]
[0,450,1121,2120]
[0,1119,1902,2120]
[0,330,695,1068,1313,1902,2120]
[0,330,450,1313,1902,2120]
[0,472,1050,1402,1728,1902,2120]
[0,450,1068,1313,2120]
[0,695,1313,2120]
[0,1402,1902,2120]
[0,1050,1402,1728,1902,2120]
[0,320,472,1402,1728,1902,2120]
[0,1629,2120]
[0,472,1367,2120]
[0,320,472,1050,1121,1402,1902,1960,2120]
[0,1402,2120]
[0,1367,2120]
[0,309,661,1119,1902,2120]
[0,320,472,1367,1728,1902,2120]
[0,330,450,1313,2120]
[0,450,1068,1313,1902,2120]
[0,320,472,1402,2120]
[0,320,472,1367,2120]
[0,472,1402,2120]
[0,661,1119,1902,2120]
[0,330,695,1629,1902,2120]
[0,330,450,2120]
[0,472,1402,1902,1960,2120]
[0,676,1119,2120]
[0,330,695,1068,1313,2120]
[0,330,450,1068,1313,1902,1960,2120]
[0,661,1119,2120]
[0,330,450,1068,1121,1313,1902,2120]
[0,330,450,1121,1902,1960,2120]
[0,320,472,1050,1402,1902,2120]
