[0,196,688,895,1114,1642]
[0,688,895,1114,1642]
[0,134,688,895,1114,1254,1642]
[0,196,688,895,1521,1642]
[0,76,688,895,1521,1642]
[0,196,688,895,1114,1254,1521,1642]
[0,688,895,1521,1642]
[0,76,823,1521,1642]
[0,76,688,895,1114,1254,1521,1642]
[0,823,1642]
[0,76,196,688,823,895,1114,1254,1521,1642]
[0,688,1146,1642]
[0,76,823,1114,1254,1521,1642]
[0,688,895,1642]
[0,196,823,1146,1521,1642]
[0,196,688,895,1254,1642]
[0,688,895,1254,1642]
[0,134,688,895,1114,1254,1521,1642]
[0,688,1642]
[0,688,895,1146,1642]
[0,76,823,895,1642]
[0,196,895,1114,1642]
[0,688,1114,1254,1642]
[0,76,688,823,895,1114,1254,1521,1642]
[0,76,688,895,1642]
[0,823,1114,1642]
[0,76,688,895,1114,1521,1642]
[0,196,823,1642]
[0,196,688,895,1114,1521,1642]
[0,823,1146,1521,1642]
[0,823,1521,1642]
[0,895,1114,1642]
[0,823,1114,1254,1521,1642]
[0,1114,1642]
[0,823,1146,1642]
[0,823,895,1642]
[0,196,823,1146,1642]
[0,1521,1642]
[0,196,688,895,1114,1254,1642]
[0,76,823,895,1114,1521,1642]
[0,196,688,1114,1642]
[0,196,1642]
[0,688,1254,1642]
[0,688,895,1114,1521,1642]
[0,196,688,895,1146,1642]
[0,76,823,1642]
[0,823,1114,1521,1642]
[0,688,895,1114,1254,1521,1642]
[0,196,688,895,1146,1521,1642]
[0,1114,1521,1642]
[0,76,196,688,895,1114,1254,1521,1642]
[0,688,895,1114,1254,1642]
[0,196,1114,1521,1642]
[0,688,1114,1642]
[0,196,1114,1642]
[0,196,688,1114,1254,1642]
[0,76,823,1114,1521,1642]
[0,76,1642]
[0,76,823,895,1521,1642]
[0,823,1114,1254,1642]
[0,76,823,895,1114,1254,1521,1642]
[0,196,688,895,1642]
