[0,233,363,595,752,917,1264]
[0,595,930,1264]
[0,595,917,1264]
[0,233,363,595,752,930,1264]
[0,293,595,951,1264]
[0,233,752,921,1264]
[0,363,595,752,1264]
[0,233,363,595,752,1264]
[0,233,369,530,752,1264]
[0,363,595,930,1264]
[0,363,595,752,930,1264]
[0,233,363,450,595,1264]
[0,363,595,917,1264]
[0,530,915,1264]
[0,595,752,917,1264]
[0,330,530,752,1264]
[0,233,363,527,595,752,917,1264]
[0,530,752,1264]
[0,366,563,1264]
[0,233,363,527,595,752,930,1264]
[0,595,921,1264]
[0,595,752,921,1264]
[0,233,363,450,595,752,1264]
[0,233,921,1264]
[0,233,1264]
[0,363,595,752,921,1264]
[0,369,530,752,1264]
[0,363,595,921,1264]
[0,233,363,595,752,921,1264]
[0,233,595,752,921,1264]
[0,369,530,752,930,1264]
[0,233,363,595,917,977,1264]
[0,530,1264]
[0,563,1264]
[0,233,595,1264]
[0,917,1264]
[0,233,595,752,1264]
[0,233,363,450,595,752,917,1264]
[0,233,366,1264]
[0,595,951,1264]
[0,233,366,563,1264]
[0,530,752,930,1264]
[0,233,595,921,1264]
[0,233,369,530,1264]
[0,233,363,450,595,752,917,977,1264]
[0,233,363,527,595,752,917,977,1264]
[0,233,363,450,1264]
[0,330,530,752,930,1264]
[0,450,1264]
[0,595,977,1264]
[0,233,363,595,1264]
[0,921,1264]
[0,363,450,1264]
[0,363,595,1264]
[0,233,530,915,1264]
[0,595,1264]
[0,233,363,1264]
[0,363,595,977,1264]
[0,369,530,1264]
[0,233,530,1264]
[0,595,752,1264]
[0,233,369,530,752,930,1264]
[0,330,530,1264]
[0,363,595,752,917,1264]
[0,233,363,595,752,917,977,1264]
[0,233,363,595,977,1264]
