[0,620,1126,2408,2865,3353]
[0,88,1459,1917,2865,3353]
[0,556,906,1126,1459,1917,2408,2551,2865,3353]
[0,1917,2865,3353]
[0,1459,2408,3353]
[0,620,906,1459,2408,2865,3353]
[0,556,1459,1917,3353]
[0,1459,1917,3353]
[0,88,620,1126,1459,1917,2408,2865,3353]
[0,620,906,1459,3353]
[0,1126,1459,2408,3353]
[0,1459,2408,2551,3353]
[0,88,620,906,1126,1459,1917,2408,2865,3353]
[0,88,660,1917,2865,3353]
[0,620,1126,1459,1917,2865,3353]
[0,556,2865,3353]
[0,660,1917,3353]
[0,906,1459,1917,2408,2865,3353]
[0,556,1146,3353]
[0,2408,3353]
[0,556,1126,1459,2408,3353]
[0,556,1126,1459,2408,2865,3353]
[0,1459,2865,3353]
[0,556,1459,2669,3353]
[0,556,1126,1459,1917,2865,3353]
[0,660,1212,1917,2865,3353]
[0,620,906,3353]
[0,620,906,1126,1459,2408,2865,3353]
[0,556,1917,2551,3353]
[0,556,1126,1459,1917,2408,2551,2865,3353]
[0,1459,1917,2551,3353]
[0,906,1459,2408,2865,3353]
[0,556,1146,1917,3353]
[0,88,1459,2865,3353]
[0,88,1917,2865,3353]
[0,906,1459,1917,2865,3353]
[0,1146,1917,3353]
[0,620,1126,3353]
[0,88,3353]
[0,620,1126,1459,2408,2865,3353]
[0,1459,2408,2865,3353]
[0,906,1459,2408,3353]
[0,906,1459,1917,3353]
[0,1459,1917,2408,2865,3353]
[0,660,1212,1917,3353]
[0,660,1917,2865,3353]
[0,2865,3353]
[0,620,906,1459,1917,2408,2865,3353]
[0,1146,3353]
[0,556,1146,1917,2865,3353]
[0,556,1459,2408,3353]
[0,906,1459,2865,3353]
[0,556,906,1126,1459,1917,3353]
[0,556,1917,3353]
[0,620,2408,3353]
[0,620,1126,1917,3353]
[0,556,906,1126,1459,2408,2551,3353]
[0,620,1126,1459,2408,3353]
[0,2408,2551,3353]
[0,1126,1459,3353]
[0,1126,1459,2408,2865,3353]
[0,620,1917,3353]
[0,556,1459,3353]
[0,556,1126,1459,2408,2551,3353]
[0,556,1459,2408,2865,3353]
[0,88,556,906,1126,1459,1917,2408,2551,2865,3353]
[0,1126,1459,1917,3353]
[0,620,1126,2865,3353]
[0,556,1459,1917,2551,3353]
[0,556,1126,3353]
[0,556,1126,1459,1917,3353]
[0,620,906,1459,2408,3353]
[0,556,906,1126,1459,1917,2408,2551,3353]
[0,1126,2664,3353]
[0,556,906,1126,1459,2408,2865,3353]
[0,2408,2865,3353]
[0,2551,3353]
[0,556,1126,1459,1917,2408,2551,3353]
[0,1917,3353]
[0,556,1126,1459,3353]
[0,1459,2669,3353]
[0,906,1459,3353]
[0,660,3353]
[0,1459,3353]
[0,556,906,1126,1459,1917,2551,3353]
[0,620,1126,1917,2865,3353]
[0,620,1126,1459,1917,2408,2865,3353]
[0,660,1212,3353]
[0,1917,2551,3353]
[0,88,660,1212,1917,2865,3353]
[0,556,1917,2865,3353]
[0,1459,1917,2865,3353]
[0,556,1459,1917,2865,3353]
[0,556,1146,2865,3353]
[0,1126,1459,2408,2551,3353]
[0,556,906,1126,1459,2408,3353]
[0,620,1126,2408,3353]
[0,556,906,1126,1459,1917,2408,2865,3353]
[0,620,3353]
[0,88,556,1126,1459,1917,2408,2551,2865,3353]
[0,88,556,1126,1459,1917,2865,3353]
[0,1126,3353]
[0,620,906,1126,1459,1917,2408,2865,3353]
[0,556,1126,1459,1917,2408,2865,3353]
[0,88,2865,3353]
[0,620,1126,1459,1917,3353]
[0,556,1459,1917,2408,2865,3353]
[0,556,1126,1459,1917,2551,3353]
[0,556,3353]
[0,620,1126,1917,2408,2865,3353]
[0,620,1126,1459,3353]
