[0,699,977,1224,1376,2019]
[0,699,2019]
[0,500,699,1224,1376,2019]
[0,129,500,1224,1294,1735,2019]
[0,1125,1735,2019]
[0,500,977,1125,1735,2019]
[0,129,977,1125,1294,2019]
[0,500,699,2019]
[0,129,500,977,1125,1224,1294,1735,1836,2019]
[0,500,1125,1735,2019]
[0,1224,1294,2019]
[0,129,500,699,977,1125,1224,1294,1877,2019]
[0,977,1224,1735,2019]
[0,129,977,1125,2019]
[0,129,1224,1294,2019]
[0,129,977,1224,2019]
[0,500,1125,1294,2019]
[0,500,1224,1376,2019]
[0,977,1125,1294,2019]
[0,129,500,699,2019]
[0,129,500,2019]
[0,977,1224,1376,2019]
[0,129,500,977,1224,1376,2019]
[0,129,500,977,1125,1294,1735,1836,2019]
[0,500,699,1125,1294,2019]
[0,500,977,1125,1294,2019]
[0,699,977,1125,2019]
[0,129,500,1224,1735,2019]
[0,500,2019]
[0,129,1224,2019]
[0,129,500,699,977,1224,1877,2019]
[0,500,1125,2019]
[0,500,1224,2019]
[0,129,500,1224,2019]
[0,129,977,1125,1735,2019]
[0,129,500,977,1125,2019]
[0,500,699,1125,2019]
[0,1224,2019]
[0,500,699,977,1125,1294,1877,2019]
[0,500,977,1224,1376,2019]
[0,129,500,699,977,1224,1294,1877,2019]
[0,129,500,699,1224,1376,2019]
[0,1125,1294,1735,2019]
[0,129,500,977,1125,1294,2019]
[0,129,500,1224,1735,1836,2019]
[0,500,699,977,1125,2019]
[0,303,977,1224,2019]
[0,500,699,977,1224,1877,2019]
[0,129,500,699,1224,1294,2019]
[0,129,500,1224,1294,1735,1836,2019]
[0,129,977,1125,1735,1836,2019]
[0,129,2019]
[0,500,699,977,1125,1294,2019]
[0,1224,1376,2019]
[0,977,1125,1735,2019]
[0,500,699,977,1125,1877,2019]
[0,129,1224,1376,2019]
[0,129,500,699,977,1224,1376,2019]
[0,129,344,2019]
[0,129,500,699,1224,2019]
[0,500,1224,1735,2019]
[0,1218,2019]
[0,303,771,1224,2019]
[0,129,500,977,1224,1735,1836,2019]
[0,129,500,977,1224,1735,2019]
[0,344,2019]
[0,129,500,699,977,1224,1294,2019]
[0,129,500,977,1125,1735,1836,2019]
[0,500,977,1125,1294,1735,2019]
[0,129,500,699,977,1125,1877,2019]
[0,500,1218,2019]
[0,699,977,1224,2019]
[0,500,977,1224,1735,2019]
[0,129,500,977,1125,1294,1735,2019]
[0,500,699,1224,2019]
[0,1125,2019]
[0,1125,1294,2019]
[0,129,500,1224,1376,2019]
[0,977,1125,1294,1735,2019]
[0,129,500,977,1125,1735,2019]
[0,500,699,977,1224,1376,2019]
[0,500,977,1125,2019]
[0,771,1224,2019]
[0,500,977,1224,2019]
[0,500,1125,1294,1735,2019]
[0,303,1224,2019]
[0,129,500,699,977,1125,1294,1877,2019]
[0,699,1125,2019]
[0,699,1224,2019]
[0,1294,2019]
[0,500,699,977,1224,2019]
[0,129,500,1224,1294,2019]
[0,129,500,977,1224,2019]
[0,500,1294,2019]
[0,1224,1735,2019]
[0,977,1125,2019]
[0,977,1224,2019]
[0,129,500,977,1224,1294,1735,1836,2019]
[0,344,699,2019]
[0,129,500,699,977,1125,2019]
[0,129,500,699,977,1224,2019]
[0,129,344,699,2019]
