[0,190,668,1465]
[0,168,1465]
[0,190,527,1465]
[0,190,668,952,1465]
[0,190,668,837,981,1465]
[0,190,668,837,1353,1465]
[0,190,291,527,1353,1465]
[0,190,337,788,1353,1465]
[0,190,291,668,952,1037,1259,1353,1465]
[0,190,291,668,952,1037,1259,1465]
[0,668,952,1465]
[0,1259,1465]
[0,190,768,1353,1465]
[0,788,1465]
[0,337,1465]
[0,190,291,768,1259,1353,1465]
[0,527,1353,1465]
[0,376,1259,1465]
[0,190,594,1353,1465]
[0,190,291,668,1259,1465]
[0,1345,1465]
[0,190,668,952,1037,1353,1465]
[0,168,1353,1465]
[0,168,837,1353,1465]
[0,768,1465]
[0,190,291,668,1259,1353,1465]
[0,190,291,668,1037,1259,1465]
[0,168,527,1353,1465]
[0,190,337,1465]
[0,190,668,837,1465]
[0,190,788,1353,1465]
[0,190,788,1465]
[0,190,668,1345,1465]
[0,190,291,668,1353,1465]
[0,190,291,668,1037,1259,1353,1465]
[0,190,291,768,1353,1465]
[0,190,594,1465]
[0,190,668,1037,1259,1465]
[0,1353,1465]
[0,190,291,1353,1465]
[0,376,1465]
[0,594,1465]
[0,668,1037,1465]
[0,168,837,1465]
[0,668,1345,1465]
[0,668,1259,1465]
[0,190,768,1465]
[0,168,337,1353,1465]
[0,190,668,1259,1465]
[0,190,668,837,981,1353,1465]
[0,168,527,1465]
[0,190,668,981,1465]
[0,190,668,952,1353,1465]
[0,668,1465]
[0,527,1465]
[0,668,1037,1259,1465]
[0,168,337,1465]
[0,190,1353,1465]
[0,190,527,1353,1465]
[0,190,1465]
[0,190,337,788,1465]
[0,837,1465]
[0,668,981,1465]
[0,190,668,1353,1465]
