[0,518,1170,1705,2019]
[0,730,2019]
[0,306,518,619,1217,2019]
[0,518,619,2019]
[0,1190,2019]
[0,306,518,724,1104,1217,2019]
[0,306,518,619,1104,1217,2019]
[0,306,1217,2019]
[0,1705,2019]
[0,306,518,730,1307,2019]
[0,1104,2019]
[0,1170,2019]
[0,306,518,730,1190,2019]
[0,306,518,730,1104,2019]
[0,306,518,1190,2019]
[0,730,1307,2019]
[0,306,518,1104,2019]
[0,306,518,730,2019]
[0,306,518,730,1104,1307,2019]
[0,306,518,730,1104,1190,1316,2019]
[0,306,518,619,1104,1190,2019]
[0,306,518,724,1104,1217,1316,2019]
[0,306,1705,2019]
[0,306,518,619,1190,2019]
[0,518,730,1307,2019]
[0,518,2019]
[0,306,518,724,1217,2019]
[0,306,518,730,1104,1190,2019]
[0,306,518,619,2019]
[0,518,1705,2019]
[0,518,730,2019]
[0,518,1104,2019]
[0,518,730,1190,2019]
[0,730,1307,1705,2019]
[0,306,518,619,1217,1316,2019]
[0,518,1104,1705,2019]
[0,518,1190,2019]
[0,306,2019]
[0,306,518,619,1104,1217,1316,2019]
[0,1217,2019]
[0,518,1170,2019]
[0,306,518,1217,2019]
[0,306,518,2019]
[0,518,730,1104,2019]
[0,306,518,730,1190,1316,2019]
[0,306,518,724,2019]
[0,1307,1705,2019]
[0,518,730,1307,1705,2019]
[0,306,518,1104,1217,2019]
[0,306,518,730,1104,1307,1705,2019]
[0,1307,2019]
[0,306,518,730,1307,1705,2019]
[0,306,518,724,1217,1316,2019]
