[0,638,870,1340,1444,1671,1954,2019]
[0,630,870,1340,2019]
[0,329,638,1124,2019]
[0,336,638,870,1340,1444,1671,2019]
[0,638,870,1124,1410,1671,1954,2019]
[0,336,638,870,1444,1671,2019]
[0,638,870,2019]
[0,336,638,1124,2019]
[0,1340,1463,2019]
[0,638,854,1340,2019]
[0,1340,1674,2019]
[0,638,870,1340,1444,1674,2019]
[0,336,630,870,950,1340,1440,1671,2019]
[0,336,630,870,1671,1954,2019]
[0,630,1340,2019]
[0,329,638,870,1954,2019]
[0,1124,1444,1954,2019]
[0,638,854,1340,1463,2019]
[0,630,870,1410,1671,2019]
[0,329,870,2019]
[0,336,630,870,1118,1340,1440,1671,2019]
[0,638,1340,1463,2019]
[0,336,638,2019]
[0,329,870,1444,2019]
[0,638,854,1674,2019]
[0,336,638,1124,1463,2019]
[0,870,1118,1340,1954,2019]
[0,854,2019]
[0,336,630,870,2019]
[0,638,870,1410,1671,2019]
[0,329,638,870,1124,1410,1671,2019]
[0,336,638,854,1124,2019]
[0,1118,2019]
[0,630,870,1340,1440,1671,2019]
[0,336,630,870,1440,1671,2019]
[0,336,638,854,1124,1463,1674,2019]
[0,336,638,854,1340,1463,1674,1954,2019]
[0,336,638,854,1124,1463,2019]
[0,329,638,870,1124,1410,1671,1954,2019]
[0,638,854,1463,1674,2019]
[0,1124,1444,2019]
[0,1175,2019]
[0,329,638,1124,1410,1671,2019]
[0,1124,2019]
[0,638,870,1954,2019]
[0,336,630,870,1340,1440,1671,2019]
[0,678,1175,2019]
[0,336,630,870,1340,1954,2019]
[0,336,630,1118,1440,2019]
[0,336,630,870,1118,2019]
[0,1340,1410,2019]
[0,336,630,870,1340,1410,2019]
[0,329,638,1124,1410,2019]
[0,870,1671,2019]
[0,630,870,1340,1440,2019]
[0,336,630,870,1954,2019]
[0,336,630,870,1340,1410,1671,2019]
[0,870,1118,1671,2019]
[0,1671,2019]
[0,638,1340,1463,1674,1954,2019]
[0,1175,1942,2019]
[0,336,638,1671,2019]
[0,678,1175,1942,2019]
[0,638,1340,1463,1674,2019]
[0,638,1340,1674,2019]
[0,336,638,1124,1463,1674,2019]
[0,638,854,1340,1463,1674,2019]
[0,870,1118,2019]
[0,630,870,1340,1410,1671,1954,2019]
[0,336,630,870,1340,1440,2019]
[0,336,630,870,1340,1410,1671,1954,2019]
[0,329,638,870,1340,1444,1674,1954,2019]
[0,1118,1671,2019]
[0,638,1124,2019]
[0,638,870,1671,2019]
[0,638,870,1340,1444,1674,1954,2019]
[0,638,870,1444,2019]
[0,329,638,1124,1444,2019]
[0,336,630,1671,2019]
[0,630,1340,1410,2019]
[0,329,638,1340,2019]
[0,794,1175,2019]
[0,638,870,1124,1410,1671,2019]
[0,336,630,1118,2019]
[0,638,1124,1410,1671,2019]
[0,1340,2019]
[0,336,630,870,1671,2019]
[0,336,638,1340,2019]
[0,329,638,870,1444,2019]
[0,336,630,870,1118,1440,2019]
[0,336,870,1671,2019]
[0,336,2019]
[0,329,638,870,1124,1954,2019]
[0,1124,1954,2019]
[0,1674,2019]
[0,638,870,1444,1671,2019]
[0,336,630,870,950,1118,1340,1440,1671,2019]
[0,329,638,870,1340,2019]
[0,336,638,1674,2019]
[0,630,1118,2019]
[0,336,630,870,1410,1671,2019]
[0,1340,1463,1954,2019]
[0,630,870,1340,1410,1671,2019]
[0,336,638,870,1340,1444,1671,1954,2019]
[0,336,638,854,1463,1674,2019]
[0,336,638,870,2019]
[0,1057,2019]
[0,336,638,854,1340,1463,1674,2019]
[0,336,870,1410,1671,2019]
[0,638,1124,1463,2019]
[0,630,1118,1440,2019]
[0,336,630,870,950,1340,1440,1671,1954,2019]
[0,870,1340,1954,2019]
[0,854,1674,2019]
[0,336,1674,2019]
[0,336,638,854,1124,1340,1463,1674,2019]
[0,1340,1463,1674,1954,2019]
[0,630,870,1671,2019]
[0,336,638,854,2019]
[0,638,870,1340,1444,1671,2019]
[0,336,638,854,1674,2019]
[0,870,1118,1340,2019]
[0,638,2019]
[0,870,1410,1671,2019]
[0,638,854,1340,1463,1674,1954,2019]
[0,1340,1954,2019]
[0,630,1671,2019]
[0,638,870,1340,1444,1954,2019]
[0,638,870,1340,2019]
[0,638,870,1671,1954,2019]
[0,336,630,1340,2019]
[0,336,630,870,950,1118,1340,1440,1671,1954,2019]
[0,638,1124,1444,2019]
[0,638,1671,2019]
[0,336,638,870,1671,2019]
[0,336,630,870,1340,2019]
[0,329,638,870,1444,1674,2019]
[0,329,638,870,1124,2019]
[0,329,638,870,1124,1444,1954,2019]
[0,336,630,870,1340,1440,1671,1954,2019]
[0,329,638,870,2019]
[0,870,1444,2019]
[0,870,2019]
[0,336,638,854,1340,1463,2019]
[0,638,854,2019]
[0,630,2019]
[0,630,870,1440,1671,2019]
[0,638,1124,1410,2019]
[0,336,638,854,1340,2019]
[0,1340,1463,1674,2019]
[0,794,1175,1942,2019]
[0,638,870,1340,1444,2019]
[0,638,1340,2019]
[0,870,1340,2019]
[0,638,870,1444,1674,2019]
[0,329,638,870,1124,1444,2019]
[0,638,870,1410,1671,1954,2019]
[0,329,638,870,1340,1444,1674,2019]
[0,630,870,2019]
[0,630,870,1340,1440,1671,1954,2019]
[0,336,630,870,1118,1440,1671,2019]
[0,630,870,1340,1410,2019]
[0,336,638,854,1124,1340,1463,1674,1954,2019]
[0,336,870,2019]
[0,794,2019]
[0,329,638,870,1340,1444,2019]
