[0,410,1813,2019]
[0,161,762,1101,1632,2019]
[0,161,410,678,762,1101,1632,2019]
[0,1106,1813,2019]
[0,88,161,370,1673,2019]
[0,161,678,762,1101,2019]
[0,161,370,1101,2019]
[0,161,410,678,762,1101,1632,1926,2019]
[0,370,1101,2019]
[0,1101,1673,2019]
[0,370,1673,2019]
[0,370,678,1673,2019]
[0,161,370,678,2019]
[0,370,678,2019]
[0,1106,1632,2019]
[0,88,161,370,2019]
[0,161,410,1101,1632,2019]
[0,161,762,2019]
[0,161,370,1101,1673,2019]
[0,370,678,1101,1673,1857,2019]
[0,1101,1673,1857,2019]
[0,161,370,678,762,1101,1673,1857,2019]
[0,161,370,678,762,1101,2019]
[0,1183,2019]
[0,1106,2019]
[0,161,370,678,762,1673,2019]
[0,161,370,678,1101,1183,2019]
[0,410,1106,2019]
[0,161,678,762,2019]
[0,161,370,678,1101,2019]
[0,161,370,678,762,2019]
[0,88,161,370,1101,1673,1857,2019]
[0,161,410,1106,1813,2019]
[0,1101,2019]
[0,762,2019]
[0,161,370,678,762,1101,1183,2019]
[0,410,2019]
[0,1673,2019]
[0,161,2019]
[0,161,1101,1183,1632,2019]
[0,410,1106,1637,1857,2019]
[0,370,2019]
[0,1101,1813,2019]
[0,161,370,1101,1183,1673,2019]
[0,88,161,370,1101,1183,1673,2019]
[0,161,410,1101,1183,1632,2019]
[0,161,1101,1183,2019]
[0,161,370,1101,1673,1857,2019]
[0,370,678,1183,2019]
[0,161,410,1101,1183,1632,1926,2019]
[0,161,370,678,1101,1673,2019]
[0,678,2019]
[0,161,410,762,1101,1632,2019]
[0,161,410,762,1101,1632,1926,2019]
[0,410,678,2019]
[0,161,1632,2019]
[0,161,410,678,762,1101,1183,2019]
[0,161,678,762,1101,1632,2019]
[0,1637,2019]
[0,370,678,1101,2019]
[0,370,1101,1673,2019]
[0,161,370,678,762,1101,1673,2019]
[0,161,370,1101,1183,1673,1857,2019]
[0,161,410,1101,2019]
[0,1813,2019]
[0,88,161,370,678,1101,1183,2019]
[0,410,1637,2019]
[0,1106,1637,2019]
[0,88,161,370,1101,1673,2019]
[0,161,370,678,1183,2019]
[0,161,410,678,762,2019]
[0,161,410,678,762,1101,1183,1632,2019]
[0,204,1101,1813,2019]
[0,161,370,678,762,1101,1183,1673,1857,2019]
[0,161,370,2019]
[0,1632,2019]
[0,161,370,1673,2019]
[0,161,410,678,2019]
[0,161,1106,1632,2019]
[0,410,1632,2019]
[0,161,410,1101,1632,1926,2019]
[0,370,1101,1673,1857,2019]
[0,161,370,678,1673,2019]
[0,410,1106,1637,2019]
[0,88,161,370,1101,1183,1673,1857,2019]
[0,678,1183,2019]
[0,410,1106,1813,2019]
[0,161,1637,2019]
[0,161,410,1106,1637,2019]
[0,410,762,1101,1632,2019]
[0,161,410,1813,2019]
[0,161,762,1101,2019]
[0,762,1101,2019]
[0,88,161,370,678,762,1101,1183,2019]
[0,88,161,370,678,762,1101,1183,1673,2019]
[0,161,410,1106,1632,2019]
[0,161,1813,2019]
[0,88,161,370,678,762,1101,1183,1673,1857,2019]
[0,161,370,678,762,1101,1183,1673,2019]
[0,1106,1637,1857,2019]
[0,161,410,678,762,1101,2019]
[0,88,161,370,1101,1183,2019]
[0,410,762,1101,2019]
[0,762,1101,1632,2019]
[0,161,410,1637,2019]
[0,370,678,1101,1673,2019]
[0,161,410,678,762,1101,1183,1632,1926,2019]
[0,1101,1632,2019]
[0,88,161,1101,1183,2019]
[0,410,1101,2019]
[0,161,410,1106,1632,1926,2019]
[0,161,410,1632,2019]
[0,410,1101,1632,2019]
[0,88,161,1183,2019]
[0,410,1106,1632,2019]
[0,161,1101,1632,2019]
[0,1101,1183,2019]
[0,678,1673,2019]
[0,161,1183,2019]
[0,88,161,2019]
[0,161,410,1106,1637,1857,2019]
[0,161,370,678,1101,1673,1857,2019]
[0,161,762,1101,1183,2019]
[0,161,370,1101,1183,2019]
[0,161,678,762,1101,1183,2019]
[0,161,410,2019]
[0,161,410,762,1101,2019]
