[0,746,1172,1642]
[0,58,330,475,606,746,1172,1642]
[0,384,475,654,746,1033,1172,1642]
[0,330,475,746,1172,1642]
[0,58,746,1642]
[0,1033,1642]
[0,654,746,1642]
[0,58,329,384,475,654,746,1033,1172,1642]
[0,58,657,1033,1172,1642]
[0,329,475,654,746,1642]
[0,384,475,606,746,1642]
[0,58,746,1172,1642]
[0,475,746,1642]
[0,58,330,384,475,606,746,1642]
[0,329,475,1642]
[0,58,330,746,1172,1642]
[0,58,657,1642]
[0,329,662,1172,1642]
[0,329,475,746,1642]
[0,330,657,1034,1642]
[0,330,746,1172,1642]
[0,654,746,1033,1172,1642]
[0,329,746,1033,1172,1642]
[0,330,475,606,746,1172,1642]
[0,475,654,746,1642]
[0,475,1172,1642]
[0,654,746,1172,1642]
[0,329,746,1172,1642]
[0,330,384,475,606,746,1642]
[0,329,475,746,1172,1642]
[0,58,746,1034,1172,1642]
[0,657,1642]
[0,58,384,475,606,746,1642]
[0,58,329,475,662,1033,1172,1642]
[0,58,329,475,654,746,1033,1172,1642]
[0,330,746,1642]
[0,58,330,475,746,1034,1172,1642]
[0,475,654,746,1033,1172,1642]
[0,746,1033,1172,1642]
[0,330,606,746,1172,1642]
[0,58,330,657,1034,1642]
[0,746,1034,1172,1642]
[0,58,657,1034,1642]
[0,329,475,662,1033,1172,1642]
[0,330,475,606,746,1642]
[0,58,475,606,746,1642]
[0,329,475,654,746,1172,1642]
[0,329,475,746,1033,1172,1642]
[0,746,1642]
[0,657,1034,1642]
[0,58,384,475,654,746,1033,1172,1642]
[0,475,1642]
[0,329,746,1642]
[0,475,606,746,1642]
[0,657,1033,1172,1642]
[0,662,1642]
[0,475,746,1033,1172,1642]
[0,329,662,1642]
[0,606,746,1172,1642]
[0,329,475,654,746,1033,1172,1642]
[0,475,606,746,1172,1642]
[0,475,654,746,1172,1642]
[0,330,475,746,1034,1172,1642]
[0,662,1172,1642]
[0,384,475,654,746,1172,1642]
[0,330,606,746,1642]
[0,475,746,1172,1642]
[0,58,330,475,746,1172,1642]
[0,657,1172,1642]
[0,606,746,1642]
[0,1172,1642]
[0,329,475,1172,1642]
[0,58,330,475,606,746,1642]
[0,329,475,662,1172,1642]
[0,329,475,1033,1172,1642]
[0,384,475,654,746,1642]
