[0,255,938,1643,1875]
[0,87,255,627,866,1457,1643,1875]
[0,87,255,658,1457,1643,1875]
[0,255,658,1457,1643,1875]
[0,255,1187,1643,1875]
[0,87,255,627,866,1187,1457,1643,1875]
[0,627,1875]
[0,87,255,627,866,938,1643,1875]
[0,255,1187,1875]
[0,255,627,866,1875]
[0,255,627,1643,1875]
[0,87,255,658,866,938,1633,1875]
[0,658,938,1875]
[0,87,255,627,866,1187,1457,1643,1695,1875]
[0,627,1187,1875]
[0,255,938,1875]
[0,255,627,866,1643,1875]
[0,87,255,627,1187,1875]
[0,255,627,866,1187,1643,1875]
[0,255,658,866,1875]
[0,255,658,1875]
[0,255,627,866,1187,1875]
[0,87,255,627,1457,1643,1875]
[0,627,938,1875]
[0,255,1187,1633,1875]
[0,87,255,1875]
[0,627,1633,1875]
[0,87,255,1457,1643,1875]
[0,87,255,627,1457,1643,1695,1875]
[0,87,255,658,866,1875]
[0,255,627,938,1643,1875]
[0,255,658,938,1633,1875]
[0,87,255,938,1643,1875]
[0,87,255,866,938,1875]
[0,87,255,866,938,1643,1875]
[0,87,255,1187,1633,1695,1875]
[0,87,255,866,938,1643,1695,1875]
[0,1457,1875]
[0,87,255,627,866,938,1643,1695,1875]
[0,255,1875]
[0,87,255,627,866,938,1457,1643,1875]
[0,87,255,658,866,938,1875]
[0,255,627,866,1187,1457,1643,1875]
[0,87,255,658,1875]
[0,87,255,1457,1875]
[0,87,255,627,866,938,1457,1643,1695,1875]
[0,87,255,658,866,938,1633,1695,1875]
[0,87,255,627,1875]
[0,87,255,938,1633,1875]
[0,87,255,1187,1633,1875]
[0,255,1457,1643,1875]
[0,87,255,627,866,1187,1875]
[0,255,627,1187,1875]
[0,255,658,1643,1875]
[0,255,1457,1875]
[0,87,255,627,938,1643,1875]
[0,87,255,627,938,1875]
[0,255,627,1875]
[0,87,255,627,866,938,1875]
[0,255,627,1187,1643,1875]
[0,255,627,938,1875]
[0,87,255,627,866,1457,1643,1695,1875]
[0,1187,1875]
[0,255,938,1633,1875]
[0,938,1875]
[0,87,255,1187,1875]
[0,87,255,658,938,1633,1875]
[0,87,255,1457,1643,1695,1875]
[0,255,1187,1457,1643,1875]
[0,255,658,938,1875]
[0,255,627,866,1457,1643,1875]
[0,87,255,938,1875]
[0,1633,1875]
[0,255,627,1457,1643,1875]
[0,658,1875]
