[0,67,728,1022,1476,1651]
[0,67,728,1230,1299,1476,1552,1651]
[0,1004,1651]
[0,67,973,1476,1651]
[0,564,728,1230,1476,1651]
[0,67,418,728,1230,1299,1476,1552,1651]
[0,564,898,1651]
[0,418,728,1022,1651]
[0,418,728,1230,1299,1476,1552,1651]
[0,518,728,1022,1651]
[0,973,1651]
[0,728,1022,1651]
[0,67,728,1651]
[0,418,728,1230,1476,1552,1651]
[0,418,728,1476,1552,1651]
[0,898,1476,1651]
[0,67,418,728,1022,1476,1651]
[0,728,1651]
[0,564,728,898,1476,1552,1651]
[0,400,1230,1651]
[0,1230,1476,1651]
[0,728,1476,1552,1651]
[0,67,728,1476,1651]
[0,67,518,728,1022,1476,1651]
[0,418,728,1022,1476,1651]
[0,564,728,1476,1552,1651]
[0,67,728,1230,1476,1552,1651]
[0,418,728,1230,1476,1651]
[0,418,728,898,1476,1552,1651]
[0,728,1230,1476,1552,1651]
[0,67,1651]
[0,564,898,1476,1651]
[0,1022,1651]
[0,67,564,728,1476,1552,1651]
[0,67,564,728,1022,1476,1651]
[0,564,728,1230,1476,1552,1651]
[0,728,1230,1299,1476,1552,1651]
[0,518,728,1476,1651]
[0,67,564,728,1476,1651]
[0,728,1022,1476,1651]
[0,518,728,1651]
[0,67,728,1476,1552,1651]
[0,728,1230,1476,1651]
[0,1004,1476,1651]
[0,518,728,1022,1476,1651]
[0,564,728,1651]
[0,898,1651]
[0,1022,1476,1651]
[0,67,564,728,898,1476,1651]
[0,1230,1651]
[0,67,418,728,1476,1552,1651]
[0,973,1476,1651]
[0,564,728,1230,1299,1476,1552,1651]
[0,418,728,1230,1651]
[0,67,1004,1476,1651]
[0,67,564,728,898,1476,1552,1651]
[0,67,564,728,1230,1299,1476,1552,1651]
[0,67,1476,1651]
[0,1476,1651]
[0,67,418,728,1476,1651]
[0,728,1230,1651]
[0,418,728,1476,1651]
[0,564,728,1022,1476,1651]
[0,67,418,728,898,1476,1552,1651]
[0,67,1022,1476,1651]
[0,418,728,1651]
[0,728,1476,1651]
[0,67,418,728,898,1476,1651]
[0,67,564,728,1230,1476,1552,1651]
[0,1230,1476,1552,1651]
[0,564,728,898,1476,1651]
[0,418,728,898,1476,1651]
[0,564,728,1476,1651]
