[0,73,196,321,452,553,623,794,1018,1180]
[0,73,196,321,452,553,623,829,1018,1180]
[0,196,553,1063,1180]
[0,73,196,321,452,829,1018,1135,1180]
[0,196,321,452,553,623,829,1018,1180]
[0,196,321,452,829,1018,1135,1180]
[0,196,553,1180]
[0,196,353,452,893,1018,1180]
[0,196,553,829,1063,1180]
[0,73,196,353,452,766,1018,1180]
[0,196,321,452,794,1018,1135,1180]
[0,196,452,766,1180]
[0,553,1180]
[0,452,766,1180]
[0,73,196,452,893,1018,1180]
[0,196,1018,1135,1180]
[0,196,452,794,1180]
[0,196,321,452,553,623,794,1018,1135,1180]
[0,452,794,1180]
[0,73,196,321,452,829,1018,1180]
[0,196,321,452,794,1018,1180]
[0,73,196,353,452,766,1018,1135,1180]
[0,196,452,893,1018,1180]
[0,73,196,353,452,893,1018,1135,1180]
[0,73,196,452,829,1018,1180]
[0,452,829,1180]
[0,196,567,1180]
[0,196,452,794,1018,1180]
[0,553,829,1180]
[0,196,452,766,1018,1135,1180]
[0,196,353,452,893,1018,1135,1180]
[0,196,452,766,1018,1180]
[0,73,196,353,452,893,1018,1180]
[0,73,196,452,893,1018,1135,1180]
[0,1135,1180]
[0,73,196,321,452,553,829,1018,1180]
[0,829,1180]
[0,567,1180]
[0,196,321,452,553,623,794,1018,1180]
[0,196,321,452,553,829,1018,1135,1180]
[0,196,452,1063,1180]
[0,196,321,452,1180]
[0,196,452,829,1018,1180]
[0,196,567,1018,1180]
[0,1018,1135,1180]
[0,196,321,452,553,829,1018,1180]
[0,1018,1180]
[0,196,353,452,766,1018,1180]
[0,196,452,829,1018,1135,1180]
[0,196,321,452,829,1018,1180]
[0,196,452,829,1180]
[0,196,1063,1180]
[0,196,321,452,1018,1180]
[0,196,321,452,553,794,1018,1180]
[0,196,321,452,553,794,1018,1135,1180]
[0,452,1180]
[0,196,553,829,1180]
[0,196,452,1018,1135,1180]
[0,196,353,452,1180]
[0,196,452,1018,1180]
[0,196,353,452,1018,1180]
[0,73,196,321,452,794,1018,1180]
[0,196,452,829,1063,1180]
[0,196,452,893,1018,1135,1180]
[0,73,196,321,452,553,623,829,1018,1135,1180]
[0,196,1180]
[0,73,196,452,829,1018,1135,1180]
[0,196,321,452,1018,1135,1180]
[0,73,196,321,452,553,623,794,1018,1135,1180]
[0,196,321,452,553,623,829,1018,1135,1180]
[0,196,353,452,1018,1135,1180]
[0,196,353,452,766,1018,1135,1180]
[0,196,1018,1180]
[0,196,452,1180]
[0,73,196,321,452,553,794,1018,1180]
