[0,467,1055,1245,1939,2019]
[0,1093,1245,2019]
[0,146,377,795,1055,1245,1555,2019]
[0,146,467,1055,1245,1458,1555,2019]
[0,146,318,817,1093,1245,1794,1939,2019]
[0,1322,2019]
[0,467,817,1245,1794,2019]
[0,146,377,1055,1245,1939,2019]
[0,146,817,1093,1245,1794,2019]
[0,1245,1939,2019]
[0,1641,2019]
[0,467,1055,2019]
[0,146,1093,1245,1794,1939,2019]
[0,146,377,795,1055,1322,1939,2019]
[0,1055,1322,2019]
[0,146,467,817,1093,1245,2019]
[0,146,467,817,1093,1245,1794,1939,2019]
[0,817,1794,2019]
[0,146,377,795,1055,1245,1458,1555,2019]
[0,817,1939,2019]
[0,1555,2019]
[0,795,1245,2019]
[0,1055,1555,2019]
[0,467,795,1245,1555,2019]
[0,146,377,1055,1322,1555,2019]
[0,1322,1939,2019]
[0,1055,2019]
[0,467,817,1245,1939,2019]
[0,377,1055,1245,2019]
[0,146,467,1055,1245,1458,1555,1939,2019]
[0,1055,1245,1555,2019]
[0,817,1245,1794,2019]
[0,467,795,1055,1245,1555,2019]
[0,467,817,1093,1245,1794,2019]
[0,377,795,1245,2019]
[0,377,795,1055,1245,1555,2019]
[0,318,817,1245,2019]
[0,817,1093,1641,2019]
[0,817,1093,1245,2019]
[0,146,1055,1245,1555,2019]
[0,146,377,795,1055,1322,2019]
[0,146,1641,2019]
[0,318,817,1093,1245,2019]
[0,1055,1322,1555,2019]
[0,146,1055,1322,2019]
[0,146,377,795,1218,1555,2019]
[0,795,1218,2019]
[0,795,1218,1555,2019]
[0,817,2019]
[0,146,377,1055,1245,1458,1555,1939,2019]
[0,146,467,1055,1245,1458,2019]
[0,467,2019]
[0,1794,2019]
[0,146,377,1055,1322,2019]
[0,817,1245,1939,2019]
[0,318,817,1641,2019]
[0,146,377,795,1055,1245,1458,1555,1939,2019]
[0,318,817,1245,1794,2019]
[0,377,795,1055,1322,2019]
[0,146,377,1055,1245,1555,2019]
[0,146,467,795,1055,1245,2019]
[0,146,467,817,1245,1794,1939,2019]
[0,146,817,1641,2019]
[0,377,795,1218,1555,2019]
[0,377,1245,2019]
[0,467,1245,2019]
[0,817,1555,2019]
[0,146,377,1055,1245,1458,1555,2019]
[0,146,377,795,1218,2019]
[0,146,318,817,1641,2019]
[0,817,1722,2019]
[0,146,467,795,1055,1245,1555,2019]
[0,1055,1245,1458,1555,2019]
[0,146,467,795,1055,1245,1458,1555,2019]
[0,467,1055,1245,2019]
[0,146,467,1055,1245,2019]
[0,467,817,1245,2019]
[0,146,467,795,1055,1245,1458,1555,1939,2019]
[0,146,467,817,1245,2019]
[0,795,1245,1555,2019]
[0,467,1055,1555,2019]
[0,377,1055,1245,1458,2019]
[0,467,1458,2019]
[0,146,467,817,1093,1245,1794,2019]
[0,1245,1794,2019]
[0,377,1055,1245,1555,2019]
[0,1245,2019]
[0,467,817,1093,1245,2019]
[0,467,1055,1458,2019]
[0,1093,1245,1794,1939,2019]
[0,146,318,817,1093,1245,2019]
[0,146,467,1055,1245,1939,2019]
[0,146,467,817,1245,1794,2019]
[0,146,467,817,1245,1939,2019]
[0,1055,1245,2019]
[0,1458,2019]
[0,1218,2019]
[0,146,318,817,1093,1641,2019]
[0,146,377,1055,1245,1458,1939,2019]
[0,146,377,1055,1245,2019]
[0,146,318,817,1093,1245,1794,2019]
[0,1722,2019]
[0,146,1093,1245,2019]
[0,1055,1458,2019]
[0,377,1055,1322,2019]
[0,467,1055,1245,1555,2019]
[0,146,1055,1245,1458,1555,2019]
[0,146,467,1055,1245,1555,2019]
[0,146,467,1055,1245,1458,1939,2019]
[0,318,817,1093,1641,2019]
[0,377,1055,1555,2019]
[0,1693,2019]
[0,467,1055,1245,1458,2019]
[0,817,1641,2019]
[0,817,1245,2019]
[0,377,795,1245,1555,2019]
[0,377,1055,1322,1555,2019]
[0,377,1055,1458,2019]
[0,146,1055,1245,2019]
[0,146,377,1055,1245,1458,2019]
[0,817,1093,1245,1794,2019]
[0,467,795,1055,1245,2019]
[0,146,1055,1322,1939,2019]
[0,146,377,795,1055,1322,1555,2019]
[0,1939,2019]
[0,146,377,1055,1322,1939,2019]
[0,146,1093,1245,1794,2019]
[0,377,795,1218,2019]
[0,817,1458,2019]
[0,1055,1245,1939,2019]
[0,146,1055,1245,1939,2019]
[0,377,1322,2019]
[0,467,795,1245,2019]
[0,1093,1245,1794,2019]
[0,146,795,1218,2019]
[0,1093,1245,1939,2019]
[0,1055,1322,1939,2019]
[0,146,817,1093,1245,2019]
[0,146,817,1093,1245,1794,1939,2019]
[0,377,795,1055,1322,1555,2019]
[0,318,817,1093,1245,1794,2019]
