[0,223,616,877,1025,1419]
[0,223,673,1025,1419]
[0,691,1025,1301,1419]
[0,223,325,877,1301,1419]
[0,616,877,1025,1301,1419]
[0,223,673,1419]
[0,576,884,1025,1419]
[0,223,691,1025,1419]
[0,877,1025,1301,1419]
[0,223,325,576,691,1301,1419]
[0,256,691,954,1301,1419]
[0,223,877,1419]
[0,616,673,954,1419]
[0,884,1025,1301,1419]
[0,877,1025,1419]
[0,256,1301,1419]
[0,223,325,877,954,1419]
[0,223,673,1025,1301,1419]
[0,616,673,877,954,1419]
[0,223,325,616,691,1022,1301,1419]
[0,223,616,673,1301,1419]
[0,223,616,877,954,1301,1419]
[0,223,325,616,673,1301,1419]
[0,223,576,691,884,1025,1301,1419]
[0,223,616,1419]
[0,223,616,691,1301,1419]
[0,256,576,691,954,1301,1419]
[0,223,877,954,1419]
[0,223,884,1301,1419]
[0,256,691,1025,1419]
[0,616,877,954,1419]
[0,223,877,1025,1301,1419]
[0,616,691,1419]
[0,223,884,1419]
[0,223,325,616,673,877,954,1301,1419]
[0,877,1022,1301,1419]
[0,223,576,884,1301,1419]
[0,223,877,1022,1419]
[0,223,954,1419]
[0,223,616,673,877,1025,1301,1419]
[0,223,616,877,1301,1419]
[0,223,325,616,877,1301,1419]
[0,223,325,616,877,954,1301,1419]
[0,616,877,1301,1419]
[0,223,1022,1419]
[0,223,877,1301,1419]
[0,256,576,691,1301,1419]
[0,223,616,877,1419]
[0,223,325,616,877,1025,1301,1419]
[0,223,691,1022,1301,1419]
[0,691,954,1419]
[0,691,1022,1419]
[0,673,954,1419]
[0,256,691,1419]
[0,616,673,1025,1301,1419]
[0,223,325,616,673,1025,1301,1419]
[0,223,1301,1419]
[0,877,1419]
[0,576,884,1025,1301,1419]
[0,954,1419]
[0,877,954,1301,1419]
[0,223,325,673,1025,1301,1419]
[0,673,1301,1419]
[0,256,576,884,1025,1419]
[0,256,576,691,884,1025,1301,1419]
[0,877,954,1419]
[0,884,1301,1419]
[0,256,576,1419]
[0,616,673,877,954,1301,1419]
[0,223,576,1419]
[0,616,673,1419]
[0,223,325,1419]
[0,256,576,691,1025,1301,1419]
[0,616,673,877,1025,1301,1419]
[0,877,1022,1419]
[0,223,877,1022,1301,1419]
[0,223,325,576,691,1025,1301,1419]
[0,223,325,1301,1419]
[0,616,1419]
[0,576,884,1419]
[0,223,325,877,954,1301,1419]
[0,223,884,1025,1419]
[0,616,691,1301,1419]
[0,877,1301,1419]
[0,673,1419]
[0,256,576,884,1419]
[0,223,616,954,1419]
[0,616,877,1419]
[0,223,691,1022,1419]
[0,884,1419]
[0,223,576,884,1419]
[0,691,954,1301,1419]
[0,223,325,691,1301,1419]
[0,223,325,616,691,1301,1419]
[0,223,325,877,1025,1301,1419]
[0,616,877,954,1301,1419]
[0,576,691,1301,1419]
[0,223,1419]
[0,223,691,1419]
[0,223,325,691,877,1022,1301,1419]
[0,616,877,1025,1419]
[0,1022,1419]
[0,223,877,1025,1419]
[0,256,691,1025,1301,1419]
[0,691,1301,1419]
[0,256,576,884,1025,1301,1419]
[0,223,576,691,1025,1301,1419]
[0,256,1419]
[0,223,616,673,877,954,1301,1419]
[0,1301,1419]
[0,223,1025,1419]
[0,673,1025,1301,1419]
[0,223,691,877,1022,1419]
[0,223,616,877,1025,1301,1419]
[0,223,325,616,691,877,1022,1301,1419]
[0,691,1419]
[0,256,691,954,1419]
[0,223,691,1025,1301,1419]
[0,223,325,691,1022,1301,1419]
[0,884,1025,1419]
[0,691,1025,1419]
[0,223,691,877,1022,1301,1419]
[0,223,673,1301,1419]
[0,223,325,877,1022,1301,1419]
[0,223,325,673,1301,1419]
[0,673,1025,1419]
[0,576,1419]
[0,1025,1419]
[0,223,325,616,673,877,1025,1301,1419]
[0,223,691,1301,1419]
[0,616,954,1419]
[0,223,576,884,1025,1419]
[0,256,691,1301,1419]
[0,223,576,884,1025,1301,1419]
[0,223,576,691,1301,1419]
[0,223,325,576,691,884,1025,1301,1419]
[0,616,673,1301,1419]
[0,223,325,877,1419]
