[0,106,295,516,678,788,930,1327]
[0,974,1327]
[0,69,516,772,930,1327]
[0,772,1284,1327]
[0,1284,1327]
[0,61,295,516,678,788,930,1061,1327]
[0,295,516,785,930,1327]
[0,295,516,930,1157,1327]
[0,516,772,930,1284,1327]
[0,516,930,1284,1327]
[0,295,516,930,1035,1157,1327]
[0,61,295,516,785,930,1327]
[0,516,803,930,1327]
[0,295,516,678,788,930,1061,1327]
[0,516,803,930,1284,1327]
[0,295,516,788,930,1061,1327]
[0,295,516,803,930,1035,1157,1327]
[0,69,516,772,930,1284,1327]
[0,61,295,516,678,788,930,1035,1157,1327]
[0,295,516,930,1035,1327]
[0,61,295,516,678,788,930,1061,1284,1327]
[0,61,295,516,678,788,930,1327]
[0,295,516,785,930,1061,1327]
[0,295,516,930,1035,1157,1284,1327]
[0,106,295,516,678,788,930,1035,1157,1284,1327]
[0,104,295,516,803,930,1035,1327]
[0,295,516,678,788,930,1035,1157,1327]
[0,516,772,930,1327]
[0,295,516,1327]
[0,295,516,803,930,1035,1157,1284,1327]
[0,295,516,678,788,930,1284,1327]
[0,61,295,516,678,788,930,1035,1327]
[0,295,516,678,788,930,1035,1284,1327]
[0,516,1284,1327]
[0,516,1327]
[0,772,930,1327]
[0,106,295,516,678,788,930,1157,1327]
[0,61,295,516,678,788,930,1035,1157,1284,1327]
[0,295,516,678,788,930,1035,1327]
[0,295,516,788,930,1284,1327]
[0,295,516,788,930,1035,1327]
[0,106,295,516,678,788,930,1035,1157,1327]
[0,295,516,930,1327]
[0,295,516,803,930,1157,1327]
[0,295,516,785,930,1284,1327]
[0,295,516,1284,1327]
[0,106,295,516,678,788,930,1035,1327]
[0,295,516,803,930,1284,1327]
[0,295,516,678,788,930,1327]
[0,61,295,516,785,930,1284,1327]
[0,295,516,930,1284,1327]
[0,61,295,516,785,930,1061,1284,1327]
[0,104,295,516,803,930,1035,1157,1327]
[0,295,516,803,930,1327]
[0,295,516,678,788,930,1157,1327]
[0,295,516,788,930,1157,1327]
[0,295,516,930,1061,1327]
[0,295,516,803,930,1035,1327]
[0,295,516,788,930,1327]
[0,295,516,930,1035,1284,1327]
[0,772,930,1284,1327]
[0,295,516,803,930,1035,1284,1327]
[0,772,1327]
[0,61,295,516,678,788,930,1284,1327]
[0,61,295,516,785,930,1061,1327]
[0,295,516,678,788,930,1035,1157,1284,1327]
[0,104,295,516,803,930,1035,1157,1284,1327]
[0,516,930,1327]
