[0,202,1056,1659,2019]
[0,408,1180,2019]
[0,1056,1659,2019]
[0,551,980,1230,1659,2019]
[0,202,304,551,1056,1159,1230,1585,1842,2019]
[0,202,551,1056,1659,1865,2019]
[0,551,980,2019]
[0,1056,2019]
[0,202,1056,2019]
[0,551,1056,1585,2019]
[0,202,551,980,1180,1585,2019]
[0,202,551,980,1065,1180,1585,1842,2019]
[0,202,551,1585,1865,2019]
[0,1056,1128,2019]
[0,202,551,1056,1128,1659,1865,2019]
[0,202,551,980,1180,2019]
[0,202,304,551,1056,1159,1585,1842,2019]
[0,202,304,551,980,1230,1659,1865,2019]
[0,202,1659,2019]
[0,202,304,551,1056,1230,1659,1865,2019]
[0,551,1585,2019]
[0,202,551,1056,1159,1585,1842,2019]
[0,202,551,1056,1842,2019]
[0,1056,1159,2019]
[0,551,2019]
[0,202,551,1056,1230,1659,1865,2019]
[0,202,551,980,1585,2019]
[0,408,2019]
[0,202,551,1056,1128,1659,2019]
[0,551,980,1585,2019]
[0,202,551,1056,1159,1230,1585,1842,2019]
[0,408,1659,2019]
[0,551,1056,1659,2019]
[0,551,1056,1128,1659,2019]
[0,202,551,980,1230,1659,1865,2019]
[0,202,551,1056,1585,1842,2019]
[0,980,2019]
[0,202,551,980,2019]
[0,202,304,551,980,1180,1585,1842,2019]
[0,1585,2019]
[0,202,551,1056,1659,2019]
[0,1180,2019]
[0,551,1659,2019]
[0,202,551,1585,2019]
[0,202,304,551,1056,1159,1585,2019]
[0,1056,1128,1659,2019]
[0,551,1056,2019]
[0,202,551,980,1180,1585,1842,2019]
[0,202,551,1056,1230,1659,2019]
[0,202,551,1056,1159,2019]
[0,551,1056,1159,2019]
[0,202,551,980,1659,2019]
[0,202,304,551,980,1065,1180,1585,1842,2019]
[0,551,980,1659,2019]
[0,1659,2019]
[0,202,551,1659,2019]
[0,202,1585,2019]
[0,202,551,980,1659,1865,2019]
[0,202,551,980,1230,1659,2019]
[0,980,1585,2019]
[0,202,551,1056,1585,2019]
[0,202,551,1056,2019]
[0,202,551,1056,1159,1585,2019]
