[0,1186,2574,3015,4285]
[0,443,1308,2615,2965,4285]
[0,1308,2615,2965,4285]
[0,443,2620,4285]
[0,1308,4013,4285]
[0,443,1533,1853,2615,4157,4285]
[0,949,2620,3502,4285]
[0,443,2620,3502,4285]
[0,443,2615,4157,4285]
[0,1186,2574,4157,4285]
[0,1308,2615,4285]
[0,443,1811,2620,3502,4157,4285]
[0,443,1308,2856,4013,4285]
[0,443,1811,2620,3118,4157,4285]
[0,443,2615,4285]
[0,1853,2615,4285]
[0,949,1811,2620,3502,4157,4285]
[0,443,1811,2620,4157,4285]
[0,443,1811,2620,3118,4285]
[0,1165,1853,2615,4285]
[0,443,1145,2620,4285]
[0,443,1145,1308,2620,3502,4285]
[0,443,1853,2615,4157,4285]
[0,2574,4285]
[0,443,1308,2620,3502,4285]
[0,443,949,1145,2265,2620,3502,4157,4285]
[0,949,1811,2620,4285]
[0,443,1308,2615,4157,4285]
[0,1308,2615,4157,4285]
[0,443,1811,2620,4285]
[0,443,1186,2574,3015,4285]
[0,443,1145,2620,4157,4285]
[0,949,1811,2620,3502,4285]
[0,949,1569,1811,2620,3502,4157,4285]
[0,1145,1308,2620,3502,4285]
[0,1811,2620,3118,4285]
[0,443,1853,2574,4157,4285]
[0,949,2620,3502,4157,4285]
[0,443,1186,2574,4157,4285]
[0,2719,4285]
[0,1308,2719,4013,4285]
[0,443,2620,3118,4285]
[0,3502,4285]
[0,1145,4285]
[0,443,4157,4285]
[0,443,2620,4157,4285]
[0,443,4285]
[0,458,2719,4013,4285]
[0,443,1853,2574,4285]
[0,949,4285]
[0,443,949,2265,2620,3502,4285]
[0,443,1853,2615,2965,4285]
[0,458,4285]
[0,443,1165,1853,2615,4285]
[0,2965,4285]
[0,2615,4285]
[0,443,1811,2620,3502,4285]
[0,1308,2719,4285]
[0,443,1165,1853,2615,2965,4285]
[0,2620,3118,4285]
[0,443,1186,2574,3015,4106,4285]
[0,443,949,2265,2620,3502,4157,4285]
[0,443,1308,2856,4285]
[0,443,1853,2615,4285]
[0,1853,2574,4285]
[0,443,788,1308,2615,2965,4285]
[0,1186,2574,4285]
[0,443,1186,2574,2965,4285]
[0,443,1186,2574,4285]
[0,1811,2620,3502,4285]
[0,458,4013,4285]
[0,1165,2615,4285]
[0,443,1853,2574,2965,4157,4285]
[0,1186,4285]
[0,443,1853,2574,2965,4285]
[0,1308,2856,4013,4285]
[0,443,949,1145,2265,2620,3502,4285]
[0,443,1165,1533,1853,2615,2965,4285]
[0,1853,2574,4157,4285]
[0,1145,2620,4285]
[0,949,1569,1811,2620,3502,4285]
[0,443,2620,3118,4157,4285]
[0,443,1145,1308,2620,3502,4157,4285]
[0,443,1533,1853,2615,4285]
[0,443,1165,1533,1853,2615,2965,4157,4285]
[0,1308,2965,4285]
[0,2856,4285]
[0,443,1308,2615,4285]
[0,443,1165,1533,1853,2615,4285]
[0,1186,2574,3015,4106,4285]
[0,443,949,2620,3502,4157,4285]
[0,2620,3502,4285]
[0,1811,2620,4285]
[0,443,949,2620,3502,4285]
[0,2620,4285]
[0,443,1165,1533,1853,2615,4157,4285]
[0,1308,2620,3502,4285]
[0,443,1308,2615,2965,4157,4285]
[0,443,1186,2574,2965,4157,4285]
[0,443,1533,1853,2615,2965,4285]
[0,1165,4285]
[0,1308,4285]
[0,1308,2856,4285]
[0,949,2620,4285]
[0,443,788,1308,2615,2965,4157,4285]
[0,458,2719,4285]
[0,1308,2620,4285]
