[0,125,661,796,1214,1475,1632]
[0,430,661,796,1214,1475,1632]
[0,1403,1632]
[0,430,661,1214,1632]
[0,857,1214,1632]
[0,661,796,1475,1632]
[0,857,1214,1475,1632]
[0,487,1403,1632]
[0,430,661,857,1475,1632]
[0,125,430,661,857,1214,1475,1632]
[0,125,661,857,1475,1632]
[0,796,1214,1632]
[0,487,1632]
[0,661,857,1214,1475,1632]
[0,125,487,1405,1632]
[0,487,1405,1632]
[0,857,1632]
[0,125,661,796,1475,1632]
[0,430,661,857,1214,1475,1632]
[0,430,661,1475,1632]
[0,863,1632]
[0,487,863,1632]
[0,796,1405,1632]
[0,125,661,796,1153,1214,1475,1632]
[0,125,430,661,796,1153,1214,1475,1632]
[0,796,1475,1632]
[0,125,430,661,1475,1632]
[0,430,661,1632]
[0,125,430,661,857,1122,1214,1475,1632]
[0,796,1214,1475,1632]
[0,125,430,661,857,1475,1632]
[0,125,430,661,796,1122,1214,1475,1632]
[0,125,1632]
[0,430,1475,1632]
[0,125,487,863,1405,1632]
[0,430,661,1214,1475,1632]
[0,125,430,661,857,1153,1214,1475,1632]
[0,487,863,1405,1632]
[0,796,1632]
[0,863,1405,1632]
[0,125,661,796,1122,1214,1475,1632]
[0,661,857,1632]
[0,1405,1632]
[0,430,796,1214,1632]
[0,125,430,661,796,1214,1475,1632]
[0,430,1632]
[0,125,857,1475,1632]
[0,661,1475,1632]
[0,430,661,857,1632]
[0,661,1632]
[0,857,1475,1632]
[0,125,661,857,1214,1475,1632]
[0,125,661,857,1153,1214,1475,1632]
[0,430,1214,1632]
[0,430,796,1632]
[0,430,857,1214,1632]
[0,1475,1632]
[0,430,661,857,1214,1632]
[0,661,857,1214,1632]
[0,125,1405,1632]
[0,430,857,1632]
[0,430,661,796,1475,1632]
[0,125,1475,1632]
[0,211,1405,1632]
[0,125,430,661,1214,1475,1632]
[0,125,661,857,1122,1214,1475,1632]
[0,661,796,1214,1475,1632]
[0,430,796,1214,1475,1632]
[0,661,857,1475,1632]
[0,211,796,1405,1632]
[0,125,661,1475,1632]
