[0,135,229,1046]
[0,51,135,268,625,829,1046]
[0,229,499,625,829,1046]
[0,135,889,1046]
[0,51,135,298,382,499,701,1046]
[0,135,382,499,701,1046]
[0,625,829,1046]
[0,229,499,701,1046]
[0,135,403,455,1046]
[0,298,455,1046]
[0,135,226,298,403,455,625,829,1046]
[0,298,455,625,1046]
[0,455,625,1046]
[0,135,403,455,625,1046]
[0,226,455,625,1046]
[0,268,889,1046]
[0,135,829,1046]
[0,135,455,1046]
[0,226,455,625,829,1046]
[0,499,625,829,1046]
[0,51,135,515,684,1046]
[0,51,135,455,1046]
[0,135,226,298,455,625,1046]
[0,268,625,829,1046]
[0,51,135,1046]
[0,51,135,403,455,1046]
[0,51,135,382,499,701,1046]
[0,377,499,701,1046]
[0,51,1046]
[0,51,135,229,499,625,829,1046]
[0,135,455,625,1046]
[0,51,135,829,1046]
[0,135,226,298,403,455,1046]
[0,229,499,625,1046]
[0,377,499,625,829,1046]
[0,515,1046]
[0,499,625,1046]
[0,625,1046]
[0,135,499,625,829,1046]
[0,226,298,403,455,625,829,1046]
[0,51,135,625,829,1046]
[0,51,135,229,499,1046]
[0,51,135,229,377,499,701,1046]
[0,51,135,226,455,625,1046]
[0,51,135,499,701,1046]
[0,135,226,455,625,1046]
[0,135,298,382,499,701,1046]
[0,684,1046]
[0,51,499,1046]
[0,51,135,226,298,382,499,701,1046]
[0,455,1046]
[0,135,229,499,701,1046]
[0,51,135,226,298,403,455,625,829,1046]
[0,51,135,226,403,455,1046]
[0,135,226,403,455,625,829,1046]
[0,51,135,226,403,455,625,829,1046]
[0,135,625,1046]
[0,135,226,455,1046]
[0,135,226,298,382,499,701,1046]
[0,226,298,455,1046]
[0,51,135,229,499,625,1046]
[0,135,229,377,499,625,829,1046]
[0,403,455,625,829,1046]
[0,135,226,455,625,829,1046]
[0,377,499,625,1046]
[0,51,135,226,298,403,455,1046]
[0,701,1046]
[0,226,298,382,499,701,1046]
[0,135,229,377,499,701,1046]
[0,135,625,829,1046]
[0,135,377,499,625,829,1046]
[0,135,229,499,1046]
[0,268,403,1046]
[0,135,455,625,829,1046]
[0,515,684,1046]
[0,51,135,403,455,625,829,1046]
[0,268,625,1046]
[0,135,226,298,403,455,625,1046]
[0,499,701,1046]
[0,135,1046]
[0,135,268,625,829,1046]
[0,268,403,889,1046]
[0,51,135,403,455,625,1046]
[0,298,403,455,625,1046]
[0,135,229,499,625,829,1046]
[0,135,229,499,625,1046]
[0,226,298,455,625,829,1046]
[0,51,515,684,1046]
[0,455,829,1046]
[0,51,135,229,377,499,625,829,1046]
[0,226,455,829,1046]
[0,226,298,455,625,1046]
[0,226,298,403,455,1046]
[0,51,135,229,499,701,1046]
[0,135,226,298,455,1046]
[0,298,403,455,1046]
[0,135,377,499,701,1046]
[0,51,403,455,1046]
[0,226,298,403,455,625,1046]
[0,229,499,1046]
[0,403,455,625,1046]
[0,889,1046]
[0,226,455,1046]
[0,135,499,701,1046]
[0,51,135,226,455,625,829,1046]
[0,51,499,701,1046]
[0,51,135,226,298,403,455,625,1046]
[0,499,1046]
[0,135,226,298,455,625,829,1046]
[0,455,625,829,1046]
[0,229,499,829,1046]
[0,51,135,226,455,1046]
[0,382,499,701,1046]
[0,298,382,499,701,1046]
[0,403,455,1046]
[0,135,403,455,625,829,1046]
[0,268,1046]
[0,51,455,1046]
[0,51,135,229,1046]
[0,829,1046]
[0,135,226,403,455,1046]
[0,135,515,684,1046]
