[0,47,145,544,877,1025,1180]
[0,769,1025,1180]
[0,47,544,789,877,1025,1180]
[0,769,877,1025,1180]
[0,544,1025,1180]
[0,544,877,1025,1180]
[0,145,544,789,877,1025,1180]
[0,164,544,769,877,965,1180]
[0,928,1180]
[0,769,877,1180]
[0,789,1180]
[0,145,239,544,1180]
[0,769,877,965,1180]
[0,769,1180]
[0,239,544,1025,1180]
[0,544,769,1180]
[0,164,769,1180]
[0,145,239,544,1025,1180]
[0,145,239,544,789,877,1025,1180]
[0,145,239,544,877,1025,1180]
[0,789,877,1025,1180]
[0,544,1180]
[0,164,544,877,1025,1180]
[0,789,1025,1180]
[0,544,789,877,1025,1180]
[0,239,544,1180]
[0,164,544,769,877,1180]
[0,164,544,1180]
[0,47,145,239,544,1025,1180]
[0,164,544,769,877,1025,1180]
[0,164,769,1025,1180]
[0,164,769,877,1025,1180]
[0,239,544,877,1025,1180]
[0,47,145,239,544,1180]
[0,164,544,1025,1180]
[0,164,769,877,1180]
[0,229,928,1180]
[0,164,769,877,965,1180]
[0,47,145,544,789,877,1025,1180]
[0,789,877,1180]
[0,145,544,877,1025,1180]
[0,47,145,239,544,789,877,1025,1180]
[0,47,544,877,1025,1180]
[0,47,145,239,544,877,1025,1180]
[0,164,544,769,1180]
