[0,525,754,1180]
[0,84,284,525,754,900,1180]
[0,172,429,1180]
[0,525,853,1180]
[0,172,900,1180]
[0,443,754,900,1180]
[0,754,1180]
[0,525,1180]
[0,225,443,754,900,1180]
[0,172,225,525,754,900,1180]
[0,495,782,900,1180]
[0,84,429,1180]
[0,495,782,1180]
[0,172,429,598,900,1180]
[0,84,225,525,754,900,1180]
[0,225,443,651,900,1180]
[0,429,782,1180]
[0,225,495,782,1180]
[0,172,225,495,782,1180]
[0,443,900,1180]
[0,263,495,782,900,1180]
[0,84,225,443,754,900,1180]
[0,284,525,754,1180]
[0,443,651,1180]
[0,84,225,443,651,1180]
[0,172,263,495,782,1180]
[0,225,525,1180]
[0,84,225,443,651,900,1180]
[0,429,782,900,1180]
[0,782,1180]
[0,443,1180]
[0,225,443,900,1180]
[0,429,900,1180]
[0,84,1180]
[0,172,263,495,1180]
[0,172,1180]
[0,429,598,900,1180]
[0,284,525,1180]
[0,84,429,598,1180]
[0,225,525,853,1180]
[0,443,754,1180]
[0,225,525,754,1180]
[0,172,284,525,754,900,1180]
[0,225,443,1180]
[0,284,525,754,900,1180]
[0,225,525,754,900,1180]
[0,225,443,651,1180]
[0,495,1180]
[0,900,1180]
[0,84,429,598,900,1180]
[0,782,900,1180]
[0,429,1180]
[0,172,225,495,782,900,1180]
[0,172,429,900,1180]
[0,225,495,782,900,1180]
[0,429,495,782,900,1180]
[0,525,754,900,1180]
[0,263,495,782,1180]
[0,429,598,1180]
[0,172,263,495,782,900,1180]
[0,263,495,1180]
[0,225,443,754,1180]
