[0,100,842,1008,1180]
[0,842,1180]
[0,45,100,286,518,761,842,1008,1062,1180]
[0,100,518,761,842,1008,1180]
[0,45,98,761,842,1180]
[0,45,761,842,1008,1062,1180]
[0,100,761,842,1008,1180]
[0,45,98,761,842,1008,1180]
[0,761,842,1008,1180]
[0,286,518,842,1008,1180]
[0,100,518,842,1008,1180]
[0,98,761,842,1008,1180]
[0,100,286,518,761,842,1008,1180]
[0,286,818,1008,1180]
[0,518,842,1008,1180]
[0,518,761,842,1008,1180]
[0,100,286,518,842,1008,1180]
[0,45,518,761,842,1008,1180]
[0,98,761,842,1180]
[0,286,842,1180]
[0,45,818,1008,1180]
[0,518,842,1180]
[0,45,286,518,818,1008,1180]
[0,98,286,518,842,1008,1180]
[0,286,518,761,842,1008,1062,1180]
[0,842,1008,1180]
[0,818,1180]
[0,45,842,1180]
[0,45,761,842,1180]
[0,286,518,761,842,1008,1180]
[0,100,518,761,842,1008,1062,1180]
[0,98,518,842,1008,1180]
[0,286,761,842,1008,1180]
[0,45,1180]
[0,98,518,761,842,1008,1180]
[0,98,1008,1180]
[0,100,761,842,1008,1062,1180]
[0,518,761,842,1008,1062,1180]
[0,45,761,842,1008,1180]
[0,98,286,518,761,842,1008,1062,1180]
[0,45,98,286,518,761,842,1008,1180]
[0,45,286,818,1008,1180]
[0,45,100,518,761,842,1008,1062,1180]
[0,45,518,761,842,1008,1062,1180]
[0,1008,1180]
[0,98,286,518,761,842,1008,1180]
[0,286,842,1008,1180]
[0,45,98,286,518,761,842,1008,1062,1180]
[0,100,286,518,761,842,1008,1062,1180]
[0,286,818,1180]
[0,286,518,818,1008,1180]
[0,286,518,818,1180]
[0,286,1180]
[0,98,842,1180]
[0,818,1008,1180]
[0,761,842,1180]
[0,98,842,1008,1180]
[0,45,842,1008,1180]
[0,286,518,842,1180]
[0,761,842,1008,1062,1180]
[0,45,98,518,761,842,1008,1180]
[0,45,818,1180]
