[0,812,1082,2053]
[0,812,915,1562,1807,1962,2053]
[0,239,532,812,1082,1562,2053]
[0,1082,2053]
[0,239,485,1082,1562,2053]
[0,239,485,812,915,1562,2053]
[0,648,2053]
[0,485,1082,1562,2053]
[0,485,1562,2053]
[0,812,1562,1807,2053]
[0,812,1562,1807,1962,2053]
[0,532,1562,2053]
[0,539,915,1562,2053]
[0,812,915,2053]
[0,239,532,1082,1562,2053]
[0,648,812,915,1562,1692,1807,2053]
[0,239,485,1562,1962,2053]
[0,1562,1807,2053]
[0,379,539,812,915,1562,1807,2053]
[0,648,1562,2053]
[0,239,485,915,1562,2053]
[0,532,1082,1562,2053]
[0,485,915,1562,2053]
[0,239,485,1082,1562,1962,2053]
[0,379,539,1562,1807,2053]
[0,379,648,812,915,1562,1692,1807,2053]
[0,379,648,915,1562,1692,1807,2053]
[0,239,532,812,1082,1562,1962,2053]
[0,539,812,915,1562,1807,2053]
[0,812,915,1562,1692,1807,1962,2053]
[0,539,1562,1807,2053]
[0,812,1562,1962,2053]
[0,1562,2053]
[0,239,485,1562,2053]
[0,485,1562,1962,2053]
[0,239,485,812,915,1562,1962,2053]
[0,1562,1962,2053]
[0,532,812,1082,1562,2053]
[0,485,812,915,1562,2053]
[0,648,1562,1807,2053]
[0,812,1082,1562,1807,2053]
[0,379,648,812,915,1562,1692,1807,1962,2053]
[0,539,915,1562,1807,2053]
[0,812,915,1562,1962,2053]
[0,239,532,1082,1562,1962,2053]
[0,532,1562,1962,2053]
[0,812,1082,1562,2053]
[0,379,648,1562,2053]
[0,812,915,1562,1692,1807,2053]
[0,1562,1692,1807,2053]
[0,379,539,812,915,1562,1807,1962,2053]
[0,539,1562,2053]
[0,539,812,915,1562,1807,1962,2053]
[0,1082,1807,2053]
[0,812,1082,1562,1807,1962,2053]
[0,485,812,915,1562,1962,2053]
[0,1562,1807,1962,2053]
[0,379,539,915,1562,1807,2053]
[0,812,2053]
[0,867,2053]
[0,539,2053]
[0,648,915,1562,1807,2053]
[0,532,2053]
[0,812,1562,1883,2053]
[0,812,1562,1692,1807,2053]
[0,648,812,915,1562,1692,1807,1962,2053]
[0,1082,1562,2053]
[0,915,2053]
[0,812,915,1562,1807,2053]
[0,812,915,1562,2053]
[0,812,1082,1562,1883,2053]
[0,812,1082,1562,1962,2053]
[0,379,648,915,1562,2053]
[0,648,915,1562,2053]
[0,648,915,1562,1692,1807,2053]
[0,379,648,915,1562,1807,2053]
[0,812,1562,2053]
[0,812,1082,1807,2053]
[0,532,1082,1562,1962,2053]
[0,1562,1883,2053]
