[0,1734,2211]
[0,811,1257,1422,1734,1871,2211]
[0,1227,1734,2211]
[0,811,1257,1981,2211]
[0,811,1257,2211]
[0,811,1871,2211]
[0,755,1257,2211]
[0,63,755,1227,1493,1981,2211]
[0,811,1257,1422,1871,2211]
[0,811,1257,1465,2211]
[0,1227,1493,1981,2211]
[0,811,2211]
[0,1227,2211]
[0,755,1227,1734,2211]
[0,811,1981,2211]
[0,811,1257,1734,1871,2034,2211]
[0,1493,2211]
[0,811,1123,1257,1465,1734,1871,2034,2211]
[0,755,1227,1734,2034,2211]
[0,811,1257,1871,2034,2211]
[0,1257,2034,2211]
[0,1257,1871,2211]
[0,378,1257,2211]
[0,811,1257,1465,1734,2034,2211]
[0,1257,1981,2211]
[0,63,755,1257,1981,2211]
[0,1257,1422,2211]
[0,811,1257,1465,2034,2211]
[0,1734,2034,2211]
[0,378,1257,2034,2211]
[0,378,1257,1465,2034,2211]
[0,1981,2211]
[0,811,1227,2034,2211]
[0,1422,2211]
[0,1227,1493,2211]
[0,811,1257,1465,1734,1871,2034,2211]
[0,378,1123,1257,1465,2034,2211]
[0,811,1257,2034,2211]
[0,2034,2211]
[0,378,1257,1465,1734,2034,2211]
[0,1871,2211]
[0,755,1227,2211]
[0,755,1257,1981,2211]
[0,1123,1257,2034,2211]
[0,1257,2211]
[0,63,755,1227,1734,2034,2211]
[0,755,2211]
[0,1257,1734,2211]
[0,811,1257,1422,2211]
[0,811,1257,1871,2211]
[0,755,1493,2211]
[0,1227,1734,2034,2211]
[0,378,1123,1257,1465,1734,2034,2211]
[0,1227,2034,2211]
[0,811,1257,1465,1734,2211]
[0,811,1227,2211]
[0,755,1227,1493,2211]
[0,378,1123,1257,2034,2211]
[0,378,1257,1734,2211]
[0,378,1257,1465,1734,2211]
[0,378,2211]
[0,755,1227,1493,1981,2211]
[0,811,1257,1734,2211]
[0,378,1257,1465,2211]
