[0,214,285,463,1766,2019]
[0,69,214,653,868,1164,1348,1623,2019]
[0,653,2019]
[0,653,868,1164,2019]
[0,463,1766,2019]
[0,285,653,1184,2019]
[0,285,653,2019]
[0,69,214,1164,1422,1623,1766,2019]
[0,214,1164,1422,2019]
[0,214,653,845,1623,1766,2019]
[0,1623,2019]
[0,214,1623,2019]
[0,560,2019]
[0,1766,2019]
[0,560,868,2019]
[0,214,653,845,1766,2019]
[0,214,653,1766,2019]
[0,653,1348,2019]
[0,653,1766,2019]
[0,285,1766,2019]
[0,653,868,2019]
[0,214,1164,1422,1623,1766,2019]
[0,285,463,2019]
[0,1422,1623,1766,2019]
[0,1495,2019]
[0,214,653,868,1164,1348,1623,1766,2019]
[0,285,463,1766,2019]
[0,214,653,1623,1766,2019]
[0,214,450,653,868,1184,2019]
[0,653,868,1623,2019]
[0,1422,2019]
[0,214,1422,2019]
[0,285,463,1623,1766,2019]
[0,653,868,1164,1348,2019]
[0,285,653,868,2019]
[0,1495,1766,2019]
[0,214,1495,1766,2019]
[0,69,214,653,868,1164,1348,1623,1766,2019]
[0,285,653,868,1184,2019]
[0,653,868,1623,1766,2019]
[0,214,653,868,1184,2019]
[0,653,868,1348,1623,1766,2019]
[0,1184,2019]
[0,214,560,886,2019]
[0,1422,1623,2019]
[0,560,868,1184,2019]
[0,653,868,1348,1623,2019]
[0,285,845,2019]
[0,214,653,868,1164,2019]
[0,653,1164,2019]
[0,1296,2019]
[0,214,285,653,868,1184,2019]
[0,653,1348,1623,2019]
[0,653,1184,2019]
[0,214,285,2019]
[0,653,868,1184,2019]
[0,560,886,2019]
[0,285,1296,2019]
[0,214,653,868,1164,1348,1623,2019]
[0,69,214,653,868,2019]
[0,214,1422,1623,1766,2019]
[0,214,1422,1623,2019]
[0,1348,2019]
[0,214,1766,2019]
[0,285,2019]
[0,214,653,868,1348,1623,2019]
[0,463,2019]
[0,868,2019]
[0,214,653,868,1164,1348,2019]
[0,69,214,1422,1623,1766,2019]
[0,214,653,868,2019]
[0,214,653,868,1623,2019]
[0,214,285,463,2019]
[0,653,1623,2019]
[0,69,214,653,868,1164,2019]
[0,285,868,2019]
[0,653,868,1164,1348,1623,2019]
[0,1623,1766,2019]
[0,214,2019]
[0,653,868,1164,1348,1623,1766,2019]
[0,285,845,1296,1766,2019]
[0,69,214,653,868,1164,1348,2019]
[0,285,845,1296,2019]
[0,285,868,1766,2019]
[0,214,1164,1422,1623,2019]
[0,214,450,653,868,1164,1348,1623,2019]
[0,653,1623,1766,2019]
[0,1296,1766,2019]
[0,214,450,653,868,1348,1623,2019]
[0,285,1296,1766,2019]
[0,214,285,463,1623,1766,2019]
[0,1164,2019]
[0,845,1296,2019]
[0,69,214,450,653,868,1164,1348,1623,2019]
[0,1164,1422,2019]
[0,214,1623,1766,2019]
[0,845,2019]
[0,214,285,653,2019]
[0,214,285,653,868,2019]
[0,214,560,868,1184,2019]
[0,868,1184,2019]
