[0,69,138,561,617,2189]
[0,680,2189]
[0,69,138,493,617,680,2189]
[0,69,138,561,680,1733,1875,2189]
[0,138,561,680,2189]
[0,69,138,561,680,1733,2189]
[0,493,617,2189]
[0,138,680,2189]
[0,138,680,1733,2189]
[0,680,1733,2189]
[0,680,1733,1875,2189]
[0,69,138,561,617,680,1733,2189]
[0,561,680,1733,2189]
[0,69,493,680,2189]
[0,493,680,2189]
[0,69,138,561,680,2189]
[0,69,138,493,680,2189]
[0,617,2189]
[0,69,561,617,2189]
[0,138,493,680,2189]
[0,69,138,617,2189]
[0,561,617,2189]
[0,561,680,1733,1875,2189]
[0,493,617,680,2189]
[0,69,617,2189]
[0,69,138,561,617,680,1733,1875,2189]
[0,138,561,680,1733,2189]
[0,69,138,561,617,680,2189]
[0,138,617,2189]
[0,138,561,680,1733,1875,2189]
[0,69,561,680,2189]
[0,138,680,1733,1875,2189]
[0,561,680,2189]
