[0,168,491,686,865,1009,1180]
[0,168,491,686,865,1180]
[0,168,286,377,491,900,1009,1180]
[0,167,491,964,1180]
[0,168,286,491,865,1009,1180]
[0,168,286,491,865,1180]
[0,168,286,491,1180]
[0,168,491,685,1180]
[0,168,491,1180]
[0,286,865,1180]
[0,286,1009,1180]
[0,167,286,491,900,1009,1180]
[0,491,865,1009,1180]
[0,167,286,491,1009,1180]
[0,276,1180]
[0,491,685,1180]
[0,167,491,1180]
[0,168,286,491,686,865,1009,1180]
[0,168,286,377,491,865,1009,1180]
[0,168,491,865,1009,1180]
[0,276,685,1180]
[0,491,964,1180]
[0,168,491,865,1180]
[0,491,686,1009,1180]
[0,685,1180]
[0,286,865,1009,1180]
[0,491,1180]
[0,491,865,1180]
[0,167,491,1009,1180]
[0,865,1009,1180]
[0,168,491,686,1009,1180]
[0,168,286,377,491,1009,1180]
[0,168,286,865,1009,1180]
[0,168,286,377,491,686,865,1009,1180]
[0,168,286,491,900,1009,1180]
[0,168,286,491,1009,1180]
[0,685,964,1180]
[0,276,685,964,1180]
[0,865,1180]
[0,168,286,491,686,865,1180]
[0,286,1180]
[0,167,286,491,964,1180]
[0,491,686,1180]
[0,168,491,900,1009,1180]
[0,491,1009,1180]
[0,491,686,865,1180]
[0,167,286,491,1180]
[0,168,491,1009,1180]
