[0,228,1046]
[0,42,180,283,573,741,1046]
[0,283,1046]
[0,237,283,741,1046]
[0,237,283,573,644,741,1046]
[0,216,283,1046]
[0,223,283,573,644,741,848,1046]
[0,283,644,741,848,1046]
[0,260,741,1046]
[0,42,180,283,741,1046]
[0,283,573,644,741,848,976,1046]
[0,644,741,1046]
[0,237,283,1046]
[0,283,741,848,1046]
[0,42,260,741,1046]
[0,216,283,573,644,741,1046]
[0,283,573,644,741,1046]
[0,223,283,741,1046]
[0,573,1046]
[0,180,283,573,741,848,1046]
[0,223,283,644,741,1046]
[0,237,283,644,741,1046]
[0,42,180,283,573,741,848,1046]
[0,180,283,573,741,1046]
[0,42,237,283,573,644,741,1046]
[0,180,283,573,644,741,1046]
[0,42,223,283,573,644,741,848,976,1046]
[0,283,741,1046]
[0,260,741,877,1046]
[0,216,283,644,741,1046]
[0,283,573,741,1046]
[0,573,644,741,1046]
[0,283,573,644,741,848,1046]
[0,283,573,741,848,1046]
[0,223,283,1046]
[0,223,283,573,644,741,848,976,1046]
[0,42,216,283,741,1046]
[0,42,216,283,573,644,741,1046]
[0,42,283,741,1046]
[0,42,283,573,741,848,1046]
[0,42,260,741,877,1046]
[0,283,573,1046]
[0,180,283,644,741,1046]
[0,216,283,741,1046]
[0,180,283,1046]
[0,42,283,573,741,1046]
[0,42,223,283,573,644,741,1046]
[0,180,283,741,1046]
[0,42,180,283,573,644,741,1046]
[0,283,644,741,1046]
[0,741,1046]
[0,223,283,573,644,741,1046]
