[0,238,306,391,529,764,865,1025,1180]
[0,1025,1180]
[0,306,391,529,764,865,1025,1180]
[0,238,306,865,1025,1138,1180]
[0,529,865,1025,1180]
[0,238,306,391,764,865,1025,1087,1180]
[0,529,764,865,1025,1180]
[0,306,764,865,1025,1180]
[0,306,1087,1180]
[0,306,865,1025,1180]
[0,306,529,865,1180]
[0,800,1180]
[0,306,865,1180]
[0,529,1180]
[0,865,1025,1180]
[0,238,306,391,529,764,865,1025,1087,1138,1180]
[0,529,865,1180]
[0,238,306,764,865,1025,1138,1180]
[0,306,1025,1180]
[0,238,306,764,865,1025,1087,1180]
[0,238,306,391,764,865,1025,1180]
[0,238,306,391,529,764,865,1025,1087,1180]
[0,302,1087,1180]
[0,302,1180]
[0,764,865,1025,1180]
[0,238,306,764,865,1025,1087,1138,1180]
[0,238,306,1180]
[0,238,306,1087,1180]
[0,865,1180]
[0,306,1180]
[0,306,391,764,865,1025,1180]
[0,306,529,764,865,1025,1180]
[0,800,1087,1180]
[0,238,306,865,1025,1180]
[0,238,306,1025,1180]
[0,306,529,1180]
[0,306,529,865,1025,1180]
[0,238,306,764,865,1025,1180]
[0,1087,1180]
[0,238,306,391,764,865,1025,1087,1138,1180]
