[0,1334,2759]
[0,474,1495,2340,2759]
[0,1184,2340,2759]
[0,272,474,1184,1495,2521,2759]
[0,474,1341,2759]
[0,272,474,1184,1495,2084,2340,2759]
[0,474,1495,2759]
[0,474,2340,2759]
[0,2069,2340,2759]
[0,474,1184,1495,2340,2759]
[0,474,2069,2340,2759]
[0,272,474,2759]
[0,272,474,1184,1495,2069,2340,2759]
[0,272,474,2069,2340,2521,2759]
[0,474,1334,2759]
[0,272,474,2521,2759]
[0,272,1184,1495,2084,2340,2759]
[0,272,474,1341,2759]
[0,1184,2125,2759]
[0,272,474,1341,2069,2340,2759]
[0,272,1184,1495,2069,2340,2759]
[0,272,474,2069,2340,2759]
[0,101,272,474,1184,1495,2069,2340,2521,2759]
[0,1184,1495,2521,2759]
[0,272,474,2340,2759]
[0,2521,2759]
[0,101,272,474,1334,1495,2521,2759]
[0,474,1334,1495,2759]
[0,1341,1495,2759]
[0,1341,2340,2759]
[0,474,2759]
[0,474,1495,2125,2759]
[0,474,1495,2521,2759]
[0,272,474,1184,1495,2069,2340,2521,2759]
[0,474,1341,2069,2340,2759]
[0,272,474,1341,1495,2340,2759]
[0,147,474,1184,1495,2084,2340,2759]
[0,1495,2759]
[0,272,1352,2125,2759]
[0,1184,1495,2340,2759]
[0,272,474,1334,1495,2521,2759]
[0,272,474,1341,1495,2069,2340,2759]
[0,272,1346,2340,2759]
[0,2340,2759]
[0,1495,2125,2759]
[0,474,2521,2759]
[0,272,1346,2069,2340,2759]
[0,474,1184,1495,2084,2340,2759]
[0,474,1341,1495,2759]
[0,474,1341,2340,2759]
[0,1184,2759]
[0,1341,2069,2340,2759]
[0,1346,2340,2759]
[0,272,474,1184,1495,2340,2759]
[0,272,474,1184,1495,2084,2340,2521,2759]
[0,147,474,1184,1495,2340,2759]
[0,147,1184,1495,2340,2759]
[0,272,474,1334,1495,2759]
[0,101,272,474,1341,1495,2069,2340,2521,2759]
[0,272,474,1495,2521,2759]
[0,101,272,474,1184,1495,2521,2759]
[0,272,474,1495,2340,2759]
[0,272,1184,2759]
[0,1334,1495,2759]
[0,1346,2069,2340,2759]
[0,2125,2759]
[0,272,1184,1495,2521,2759]
[0,1184,1495,2069,2340,2759]
[0,1346,2759]
[0,272,474,1341,2069,2340,2521,2759]
[0,272,474,1334,2759]
[0,272,474,1184,2759]
[0,474,2125,2759]
[0,272,474,1341,1495,2069,2340,2521,2759]
[0,1184,1495,2759]
[0,1352,2125,2759]
[0,272,1184,1495,2340,2759]
[0,272,1184,1495,2759]
[0,1184,1495,2084,2340,2759]
[0,272,474,1184,1495,2759]
[0,1352,2759]
[0,1341,2759]
[0,272,474,1341,1495,2759]
