[0,355,515,991,1046]
[0,91,193,355,515,678,787,1046]
[0,91,193,277,355,576,787,1046]
[0,91,193,355,416,678,1046]
[0,355,515,678,787,991,1046]
[0,193,277,355,515,576,991,1046]
[0,193,678,1046]
[0,277,355,576,1046]
[0,91,193,277,576,787,1046]
[0,355,416,678,787,991,1046]
[0,355,416,678,1046]
[0,355,416,678,787,1046]
[0,148,515,1046]
[0,193,277,355,515,576,1046]
[0,91,193,355,515,678,787,991,1046]
[0,91,193,355,678,1046]
[0,193,355,991,1046]
[0,91,193,355,416,1046]
[0,355,678,1046]
[0,91,193,355,515,678,991,1046]
[0,91,193,277,576,1046]
[0,355,416,1046]
[0,193,355,515,678,787,1046]
[0,355,515,1046]
[0,91,193,678,1046]
[0,193,576,1046]
[0,91,193,355,515,576,1046]
[0,515,576,1046]
[0,193,277,355,515,576,787,991,1046]
[0,193,277,355,1046]
[0,91,193,277,355,576,1046]
[0,91,193,355,678,787,1046]
[0,91,193,277,355,416,515,576,787,991,1046]
[0,91,193,515,678,1046]
[0,355,515,678,991,1046]
[0,91,193,277,355,416,515,576,1046]
[0,193,277,355,416,515,576,991,1046]
[0,193,277,355,416,515,576,678,787,991,1046]
[0,193,355,678,1046]
[0,91,193,277,355,1046]
[0,193,277,355,416,515,576,1046]
[0,515,1046]
[0,91,193,277,355,515,576,787,1046]
[0,91,193,355,576,1046]
[0,91,193,277,355,416,515,576,787,1046]
[0,148,515,991,1046]
[0,148,355,515,678,1046]
[0,193,277,355,515,678,1046]
[0,193,277,355,515,576,787,1046]
[0,148,355,1046]
[0,91,193,576,1046]
[0,193,277,355,576,1046]
[0,91,193,576,787,1046]
[0,91,193,277,355,515,576,1046]
[0,515,991,1046]
[0,193,588,1046]
[0,576,1046]
[0,193,1046]
[0,91,193,355,416,678,787,1046]
[0,193,355,515,678,1046]
[0,148,355,678,1046]
[0,193,355,576,1046]
[0,91,193,277,355,416,515,576,991,1046]
[0,193,277,355,416,515,576,678,787,1046]
[0,355,991,1046]
[0,193,277,576,1046]
[0,277,355,515,576,1046]
[0,91,193,355,515,678,1046]
[0,193,576,787,1046]
[0,193,277,355,515,576,678,787,991,1046]
[0,355,515,678,1046]
[0,277,355,1046]
[0,91,193,355,416,678,991,1046]
[0,91,193,355,1046]
[0,355,515,678,787,1046]
[0,193,277,576,787,1046]
[0,193,277,355,416,515,576,787,1046]
[0,193,355,678,787,1046]
[0,91,193,355,416,678,787,991,1046]
[0,991,1046]
[0,355,1046]
[0,355,416,678,991,1046]
[0,588,1046]
[0,193,277,355,576,787,1046]
[0,193,277,355,416,515,576,787,991,1046]
[0,355,576,1046]
[0,193,277,355,515,678,787,1046]
[0,355,515,576,1046]
[0,678,1046]
[0,277,355,515,678,1046]
[0,355,678,787,1046]
[0,193,678,787,1046]
[0,148,355,991,1046]
[0,148,355,515,678,991,1046]
[0,193,355,1046]
[0,91,193,1046]
[0,91,193,515,576,1046]
[0,193,515,678,1046]
[0,91,193,678,787,1046]
[0,193,277,355,515,576,678,787,1046]
[0,91,193,277,355,515,576,991,1046]
[0,576,787,1046]
