[0,647,752,852,1160,1573,1632]
[0,114,360,468,852,1142,1632]
[0,752,1142,1632]
[0,336,468,647,852,1160,1632]
[0,468,1065,1632]
[0,468,706,852,1160,1632]
[0,468,752,1632]
[0,468,706,852,1065,1632]
[0,468,852,1160,1632]
[0,468,852,1065,1632]
[0,468,852,1142,1632]
[0,336,852,1160,1440,1632]
[0,336,468,752,852,1160,1632]
[0,336,468,1632]
[0,852,1142,1632]
[0,706,852,1160,1632]
[0,114,360,468,647,852,1142,1632]
[0,114,360,468,647,752,852,1142,1632]
[0,1065,1466,1632]
[0,336,468,647,852,1160,1440,1632]
[0,336,468,1160,1632]
[0,1466,1632]
[0,1160,1632]
[0,336,468,647,752,852,1160,1573,1632]
[0,647,852,1160,1632]
[0,852,1632]
[0,647,1632]
[0,114,647,752,852,1142,1632]
[0,1142,1632]
[0,647,752,852,1142,1632]
[0,468,706,852,1160,1573,1632]
[0,336,647,852,1160,1632]
[0,336,647,852,1160,1440,1632]
[0,647,1142,1632]
[0,468,647,852,1142,1632]
[0,336,468,852,1160,1632]
[0,468,852,1160,1440,1632]
[0,336,852,1632]
[0,468,1160,1632]
[0,114,852,1065,1632]
[0,114,852,1142,1632]
[0,468,1632]
[0,336,468,752,1632]
[0,468,1142,1632]
[0,114,468,852,1142,1573,1632]
[0,336,468,647,752,852,1160,1440,1632]
[0,114,468,647,852,1142,1632]
[0,336,468,647,752,852,1160,1440,1573,1632]
[0,468,706,852,1160,1440,1632]
[0,336,468,647,752,852,1160,1632]
[0,852,1160,1632]
[0,852,1065,1632]
[0,647,852,1160,1440,1632]
[0,194,468,752,1065,1632]
[0,114,647,852,1142,1632]
[0,752,852,1160,1632]
[0,647,752,852,1160,1440,1573,1632]
[0,114,468,852,1065,1632]
[0,114,468,852,1142,1632]
[0,647,752,852,1160,1632]
[0,647,752,852,1160,1440,1632]
[0,468,752,1065,1466,1632]
[0,468,706,852,1160,1440,1573,1632]
[0,114,468,852,1065,1573,1632]
[0,114,468,647,752,852,1142,1632]
[0,336,852,1160,1632]
[0,706,852,1065,1632]
[0,468,752,852,1632]
[0,1065,1632]
[0,336,468,852,1160,1440,1632]
[0,706,852,1632]
[0,752,852,1142,1632]
[0,647,852,1142,1632]
[0,752,852,1632]
[0,468,1065,1466,1632]
[0,468,752,1065,1632]
[0,852,1160,1440,1632]
[0,194,468,752,1065,1466,1632]
[0,336,468,752,852,1632]
