[0,2593,2956]
[0,1225,2956]
[0,1114,1225,1513,2253,2624,2956]
[0,1114,1225,1513,2253,2624,2881,2956]
[0,1114,1225,1513,2253,2956]
[0,1443,2687,2956]
[0,2431,2956]
[0,1225,1513,2253,2624,2956]
[0,2687,2956]
[0,1525,2253,2956]
[0,1225,1513,2687,2956]
[0,1225,2881,2956]
[0,1225,2431,2956]
[0,1513,2956]
[0,1225,1513,2956]
[0,1525,2956]
[0,1225,1525,2956]
[0,1225,1713,2956]
[0,2253,2956]
[0,1443,2593,2956]
[0,1443,2956]
[0,1225,1513,2624,2956]
[0,1513,2624,2956]
[0,1513,2253,2624,2956]
[0,1513,2253,2956]
[0,1225,1513,2253,2956]
[0,1225,1525,2253,2956]
[0,2624,2956]
