[0,368,1045,1343]
[0,322,770,1045,1343]
[0,322,1343]
[0,82,770,1045,1213,1343]
[0,82,368,770,979,1045,1213,1343]
[0,368,1343]
[0,1213,1343]
[0,368,708,797,1045,1213,1343]
[0,82,708,770,1045,1213,1343]
[0,82,368,770,1045,1213,1343]
[0,252,770,1343]
[0,82,368,1045,1213,1343]
[0,82,708,797,1045,1213,1343]
[0,708,770,1045,1213,1343]
[0,82,1045,1213,1343]
[0,322,770,1045,1213,1343]
[0,770,1045,1213,1343]
[0,1028,1343]
[0,82,368,708,770,1045,1213,1343]
[0,368,1045,1213,1343]
[0,770,1343]
[0,82,322,770,1045,1213,1343]
[0,322,1045,1213,1343]
[0,797,1045,1343]
[0,82,322,1045,1213,1343]
[0,368,1213,1343]
[0,1045,1343]
[0,82,708,797,979,1045,1213,1343]
[0,82,368,708,770,979,1045,1213,1343]
[0,82,368,708,797,979,1045,1213,1343]
[0,708,797,1045,1213,1343]
[0,368,797,1045,1213,1343]
[0,1045,1213,1343]
[0,368,770,1045,1213,1343]
[0,797,1045,1213,1343]
[0,322,1045,1343]
[0,770,1045,1343]
[0,82,368,708,797,1045,1213,1343]
[0,252,1028,1343]
[0,368,770,1045,1343]
[0,368,797,1045,1343]
