[0,470,1046]
[0,842,1046]
[0,109,390,470,573,689,811,945,1046]
[0,573,689,842,1046]
[0,109,540,689,842,945,1046]
[0,109,540,689,945,1046]
[0,109,470,573,689,811,945,1046]
[0,811,1046]
[0,540,689,1046]
[0,109,1046]
[0,109,573,689,1046]
[0,573,689,811,1046]
[0,179,1046]
[0,540,1046]
[0,573,1046]
[0,945,1046]
[0,109,390,470,573,689,842,945,1046]
[0,573,689,1046]
[0,689,842,945,1046]
[0,109,470,1046]
[0,540,689,842,1046]
[0,842,945,1046]
[0,573,689,842,945,1046]
[0,109,573,689,842,1046]
[0,109,573,689,811,1046]
[0,689,842,1046]
[0,109,470,573,689,842,1046]
[0,109,470,573,945,1046]
[0,109,945,1046]
[0,109,573,689,811,945,1046]
[0,109,573,1046]
[0,109,573,689,945,1046]
[0,109,540,1046]
[0,540,689,842,945,1046]
[0,109,540,590,689,842,945,1046]
[0,109,540,689,1046]
[0,109,470,573,689,842,945,1046]
[0,109,470,573,1046]
[0,109,470,945,1046]
[0,689,811,1046]
[0,109,540,689,842,1046]
[0,109,470,573,689,811,1046]
[0,109,573,689,842,945,1046]
