[0,258,436,671,874,1149,1419]
[0,248,423,671,874,1004,1289,1419]
[0,436,874,1004,1289,1419]
[0,436,874,1149,1419]
[0,248,436,874,1419]
[0,436,874,1149,1289,1419]
[0,423,874,1289,1419]
[0,423,874,1419]
[0,258,436,874,1149,1419]
[0,423,1419]
[0,248,423,671,874,1289,1419]
[0,258,436,671,874,1004,1149,1289,1419]
[0,436,671,874,1149,1419]
[0,436,1419]
[0,258,436,874,1004,1149,1289,1419]
[0,423,671,874,1419]
[0,258,436,671,874,1149,1289,1419]
[0,258,436,671,874,1419]
[0,874,1419]
[0,436,874,1289,1419]
[0,258,436,671,874,1289,1419]
[0,258,436,874,1149,1289,1419]
[0,248,436,646,874,1419]
[0,248,436,646,874,1289,1419]
[0,258,436,874,1289,1419]
[0,436,1004,1419]
[0,248,423,874,1419]
[0,436,646,874,1419]
[0,248,436,874,1289,1419]
[0,248,423,874,1004,1289,1419]
[0,436,874,1419]
[0,436,671,874,1419]
[0,248,423,874,1289,1419]
[0,436,874,1004,1149,1289,1419]
[0,248,423,671,874,1419]
[0,258,436,874,1419]
