[0,316,954,1148,1557,1844,2019]
[0,1102,2019]
[0,954,1148,1557,2019]
[0,316,954,1148,1348,1557,2019]
[0,954,1148,1557,1844,2019]
[0,316,954,1148,1844,2019]
[0,1148,2019]
[0,316,954,1466,2019]
[0,184,2019]
[0,316,954,1148,1557,1710,1844,2019]
[0,316,954,1348,1557,2019]
[0,316,954,1148,1348,1466,1710,1844,2019]
[0,1557,2019]
[0,316,954,2019]
[0,1148,1844,2019]
[0,954,2019]
[0,1710,1844,2019]
[0,954,1466,2019]
[0,316,949,2019]
[0,954,1844,2019]
[0,316,954,1148,1348,2019]
[0,316,954,1148,1710,1844,2019]
[0,954,1148,1557,1710,1844,2019]
[0,954,1710,1844,2019]
[0,954,1148,1710,1844,2019]
[0,949,1148,2019]
[0,316,954,1148,1348,1557,1710,1844,2019]
[0,316,954,1148,1466,1844,2019]
[0,949,2019]
[0,316,954,1148,1348,1844,2019]
[0,316,954,1148,1557,2019]
[0,316,949,1148,1844,2019]
[0,1148,1557,2019]
[0,316,954,1148,1348,1557,1844,2019]
[0,316,954,1148,2019]
[0,316,954,1148,1466,2019]
[0,94,954,1148,1844,2019]
[0,94,1844,2019]
[0,954,1148,1844,2019]
[0,949,1148,1844,2019]
[0,954,1348,1557,2019]
[0,1844,2019]
[0,1348,1557,2019]
[0,954,1148,2019]
[0,316,949,1148,2019]
[0,316,954,1348,2019]
[0,316,954,1557,2019]
[0,954,1348,2019]
[0,179,949,1148,1844,2019]
[0,954,1557,2019]
[0,94,2019]
[0,316,954,1148,1466,1710,1844,2019]
[0,179,949,1148,2019]
[0,179,1102,2019]
