[0,239,527,926,1215,3131,3353]
[0,244,926,1215,3353]
[0,926,2626,3353]
[0,250,1215,2836,3353]
[0,239,926,1215,1869,2626,3353]
[0,527,1215,2242,2836,3353]
[0,244,1142,2347,3353]
[0,239,527,926,1215,1869,2242,2626,2836,3131,3353]
[0,244,2373,3353]
[0,244,1142,1869,3353]
[0,2347,3353]
[0,527,926,1215,1869,2626,3353]
[0,244,1142,1869,2373,2929,3353]
[0,1142,1869,2347,3353]
[0,926,2795,3353]
[0,239,926,1215,1869,2242,2626,2836,2933,3353]
[0,244,1142,1869,3131,3353]
[0,1869,2242,3353]
[0,239,926,1215,1869,2242,2626,2836,3131,3353]
[0,527,926,1215,1869,2242,2626,3353]
[0,239,527,926,1215,1869,2626,3131,3353]
[0,244,1142,1869,2347,3353]
[0,239,527,926,1215,1869,2626,2836,3353]
[0,926,2242,3353]
[0,239,527,926,1215,1869,2242,2836,3353]
[0,527,2242,3353]
[0,239,926,2836,3353]
[0,2626,3353]
[0,239,527,926,1215,1869,2242,2836,3131,3353]
[0,239,926,1215,1869,2242,2626,2836,3353]
[0,239,926,1215,1869,2626,3131,3353]
[0,527,1215,2626,3353]
[0,926,1215,1869,2242,3353]
[0,239,527,926,1215,1869,2242,3353]
[0,244,1142,1869,2347,3131,3353]
[0,239,926,1869,2242,3353]
[0,239,926,1215,1869,2242,3131,3353]
[0,1215,1869,2242,2933,3353]
[0,239,926,1215,1869,2242,2836,3353]
[0,244,926,1215,3131,3353]
[0,1142,1869,3353]
[0,1142,2347,3353]
[0,1215,2242,2933,3353]
[0,1142,2373,3353]
[0,244,3353]
[0,239,926,2242,3131,3353]
[0,244,1142,3353]
[0,244,1142,1869,2347,2836,3353]
[0,239,926,2242,2836,3353]
[0,2795,3353]
[0,239,926,3353]
[0,239,926,1215,2626,2836,3131,3353]
[0,244,2242,3353]
[0,239,926,1215,1869,2626,2836,3131,3353]
[0,244,3131,3353]
[0,239,926,1215,3131,3353]
[0,2242,3353]
[0,239,527,926,1215,3353]
[0,527,1215,2242,3353]
[0,527,926,1215,3353]
[0,1215,1869,2242,2626,3353]
[0,239,926,1215,3353]
[0,926,1215,1869,2242,2836,3353]
[0,244,2347,3353]
[0,527,1215,3353]
[0,1215,2242,2836,3353]
[0,239,527,926,1215,1869,2242,2626,2836,3353]
[0,239,926,1869,2242,2836,3353]
[0,527,926,1215,1869,2242,2836,3353]
[0,244,1142,1869,2347,2836,3131,3353]
[0,926,1215,1869,2626,3353]
[0,239,926,1215,1869,2242,2836,3131,3353]
[0,239,926,1215,1869,2242,2626,3353]
[0,926,1869,2242,3353]
[0,527,1215,1869,2242,2836,3353]
[0,926,1869,2242,2836,3353]
[0,926,1215,3353]
[0,1215,2836,3353]
[0,239,527,926,1215,1869,2242,2626,2836,2933,3353]
[0,239,926,1215,1869,2242,2836,2933,3353]
[0,527,1215,1869,2242,3353]
[0,1142,1869,2347,2836,3353]
[0,926,1215,1869,2242,2626,3353]
[0,239,926,2242,3353]
[0,239,926,1215,2626,3353]
[0,239,527,926,1215,1869,2242,2626,2836,2933,3131,3353]
[0,926,1215,2626,3353]
[0,244,1142,2373,3353]
[0,1142,2347,2836,3353]
[0,1215,1869,2626,3353]
[0,1215,2626,3353]
[0,2373,3353]
[0,239,926,1215,2626,3131,3353]
[0,1142,1869,2373,3353]
[0,239,527,926,1215,1869,2626,2836,2933,3131,3353]
[0,239,926,1215,2626,2836,3353]
[0,239,926,1215,1869,2626,2836,2933,3353]
[0,1215,3353]
[0,239,527,926,1215,1869,2242,3131,3353]
[0,239,926,1215,1869,2242,2933,3353]
[0,1215,1869,2242,2836,3353]
[0,239,926,1869,2242,2836,3131,3353]
[0,239,926,1215,1869,2242,3353]
[0,926,2836,3353]
[0,527,1215,1869,2242,2626,3353]
[0,1142,3353]
[0,244,1142,1869,2373,3353]
[0,239,527,926,1215,1869,2626,2836,2933,3353]
[0,239,926,1215,1869,2626,2836,3353]
[0,239,926,1215,2626,2836,2933,3353]
[0,527,926,1215,1869,2242,3353]
[0,527,1215,1869,2626,3353]
[0,239,527,926,1215,1869,2626,2836,3131,3353]
[0,1142,1869,2373,2929,3353]
[0,926,3353]
[0,926,2242,2836,3353]
[0,239,527,926,1215,1869,2242,2626,3353]
[0,926,1215,2242,3353]
[0,2242,2933,3353]
[0,244,1142,3131,3353]
[0,926,1215,3131,3353]
[0,527,2626,3353]
[0,926,1215,1869,2242,2933,3353]
[0,1215,1869,2242,3353]
[0,3131,3353]
[0,239,926,2242,2836,3131,3353]
[0,1215,2242,3353]
[0,2836,3353]
[0,239,527,926,1215,1869,2626,3353]
[0,239,3353]
