[0,438,733,829,888,1046]
[0,144,796,1046]
[0,386,733,1046]
[0,144,829,1046]
[0,440,733,888,1046]
[0,386,922,1046]
[0,144,438,614,733,922,1046]
[0,144,193,438,486,888,1046]
[0,144,438,614,796,922,1046]
[0,438,486,614,733,829,888,1046]
[0,484,829,1046]
[0,144,438,888,1046]
[0,438,484,614,733,796,922,1046]
[0,144,484,829,1046]
[0,386,1046]
[0,144,438,570,829,1046]
[0,144,193,438,484,733,922,1046]
[0,144,438,614,733,829,888,1046]
[0,144,438,733,888,1046]
[0,144,193,438,733,888,1046]
[0,438,614,733,796,922,1046]
[0,438,614,796,1046]
[0,144,438,614,922,1046]
[0,438,733,922,1046]
[0,144,193,438,888,1046]
[0,144,193,438,486,614,733,829,888,1046]
[0,440,570,888,1046]
[0,144,193,438,733,829,888,1046]
[0,438,614,733,922,1046]
[0,438,484,733,796,922,1046]
[0,438,484,922,1046]
[0,438,733,796,922,1046]
[0,144,438,733,1046]
[0,438,1046]
[0,144,193,438,614,733,829,888,1046]
[0,144,193,438,486,733,888,1046]
[0,438,614,1046]
[0,144,193,438,614,733,796,922,1046]
[0,144,438,1046]
[0,144,193,438,614,733,888,1046]
[0,440,829,1046]
[0,144,193,438,486,614,733,888,1046]
[0,438,733,1046]
[0,144,193,438,733,922,1046]
[0,440,1046]
[0,438,570,829,1046]
[0,144,193,438,733,796,922,1046]
[0,144,193,438,484,733,796,922,1046]
[0,440,888,1046]
[0,144,438,829,1046]
[0,144,438,733,922,1046]
[0,144,438,733,829,888,1046]
[0,144,193,438,922,1046]
[0,438,829,1046]
[0,144,438,484,614,733,796,922,1046]
[0,438,614,733,888,1046]
[0,438,888,1046]
[0,144,1046]
[0,440,570,829,1046]
[0,144,193,438,484,614,733,796,922,1046]
[0,438,484,733,922,1046]
[0,438,614,733,829,888,1046]
[0,193,796,1046]
[0,144,438,614,733,796,922,1046]
[0,144,438,733,796,922,1046]
[0,438,486,733,888,1046]
[0,440,570,1046]
[0,144,438,614,733,888,1046]
[0,144,322,438,614,796,922,1046]
[0,386,733,796,922,1046]
[0,438,486,614,733,888,1046]
[0,144,438,614,796,1046]
[0,438,486,888,1046]
[0,438,922,1046]
[0,484,1046]
[0,144,193,438,484,922,1046]
[0,144,438,922,1046]
[0,438,570,1046]
[0,144,322,438,614,796,1046]
[0,144,438,614,1046]
[0,386,733,922,1046]
[0,440,570,733,888,1046]
[0,438,733,888,1046]
[0,144,438,796,1046]
[0,438,796,1046]
[0,796,1046]
[0,829,1046]
