[0,52,204,334,410,1002,1046]
[0,52,232,321,410,1002,1046]
[0,52,179,232,321,410,559,607,1046]
[0,52,204,334,1046]
[0,52,179,232,321,410,607,652,1046]
[0,52,232,321,410,1046]
[0,232,334,410,607,1046]
[0,410,1046]
[0,52,179,232,321,410,652,788,1046]
[0,52,232,334,410,1046]
[0,652,1046]
[0,204,788,1046]
[0,52,232,334,410,607,652,788,1002,1046]
[0,179,232,321,410,788,1046]
[0,52,179,232,321,410,607,788,1046]
[0,204,334,410,788,1046]
[0,334,410,607,1046]
[0,321,410,788,1046]
[0,232,334,652,1046]
[0,52,232,321,410,607,1046]
[0,52,179,232,334,410,607,652,788,1046]
[0,232,321,410,1046]
[0,204,334,607,1046]
[0,334,652,788,1046]
[0,52,204,334,410,652,788,1046]
[0,204,607,1046]
[0,232,321,652,1046]
[0,179,232,321,410,607,1046]
[0,204,334,652,788,1046]
[0,204,1046]
[0,232,321,410,652,788,1046]
[0,179,232,334,410,607,1046]
[0,179,232,334,410,652,788,1046]
[0,232,334,410,788,1046]
[0,52,232,321,410,652,788,1046]
[0,232,334,607,1046]
[0,52,232,334,410,788,1046]
[0,652,788,1046]
[0,52,334,410,1046]
[0,232,1046]
[0,52,321,1046]
[0,52,232,334,410,652,788,1046]
[0,232,334,607,788,1046]
[0,52,179,232,334,410,607,652,788,1002,1046]
[0,52,179,232,321,410,559,607,652,788,1046]
[0,179,232,321,410,607,788,1046]
[0,52,232,321,1002,1046]
[0,52,232,321,410,788,1046]
[0,52,179,232,321,410,559,607,788,1046]
[0,52,334,1046]
[0,52,179,232,321,410,607,652,788,1046]
[0,52,179,232,321,410,607,652,788,1002,1046]
[0,232,788,1046]
[0,204,334,788,1046]
[0,52,204,334,410,607,1046]
[0,52,232,321,410,607,652,788,1002,1046]
[0,179,232,334,410,607,788,1046]
[0,179,334,1046]
[0,52,334,410,607,1046]
[0,321,652,1046]
[0,350,652,1046]
[0,334,652,1046]
[0,321,1046]
[0,410,607,652,1046]
[0,321,410,607,788,1046]
[0,410,788,1046]
[0,232,334,788,1046]
[0,651,1046]
[0,334,1046]
[0,410,607,1046]
[0,52,232,321,410,788,1002,1046]
[0,52,334,410,607,652,1046]
[0,52,179,232,334,410,788,1046]
[0,52,204,334,410,1046]
[0,52,179,232,334,410,1046]
[0,204,334,410,652,788,1046]
[0,52,179,232,334,410,607,1046]
[0,52,232,334,410,607,1046]
[0,204,334,652,1046]
[0,179,350,652,1046]
[0,232,334,410,1046]
[0,52,232,334,410,607,652,1046]
[0,232,321,410,607,788,1046]
[0,232,321,1046]
[0,321,410,1046]
[0,232,321,410,788,1046]
[0,334,410,1046]
[0,52,179,232,334,410,559,607,1046]
[0,52,179,232,334,410,559,607,652,788,1002,1046]
[0,52,204,334,410,607,652,788,1002,1046]
[0,52,1046]
[0,410,607,788,1046]
[0,232,321,410,607,1046]
[0,52,179,232,321,410,607,1046]
[0,52,204,334,410,607,652,788,1046]
[0,52,204,334,410,607,652,1046]
[0,52,204,334,1002,1046]
[0,52,204,334,410,788,1002,1046]
[0,52,179,232,334,410,652,788,1046]
[0,232,321,410,607,652,1046]
[0,52,204,334,410,788,1046]
[0,232,607,788,1046]
[0,52,179,232,321,410,559,607,652,788,1002,1046]
[0,204,334,410,1046]
[0,232,334,410,607,652,1046]
[0,334,410,607,652,1046]
[0,607,652,1046]
[0,179,232,334,410,1046]
[0,52,179,232,321,410,1046]
[0,788,1046]
[0,232,334,410,652,788,1046]
[0,232,321,607,652,1046]
[0,232,334,410,607,788,1046]
[0,52,179,232,334,410,607,652,1046]
[0,232,607,1046]
[0,321,410,607,1046]
[0,232,651,1046]
[0,179,232,321,410,652,788,1046]
[0,232,334,1046]
[0,52,179,232,334,410,559,607,788,1046]
[0,179,232,334,410,788,1046]
[0,52,232,321,410,607,652,788,1046]
[0,52,179,232,334,410,559,607,652,788,1046]
[0,52,232,334,410,607,652,788,1046]
[0,204,334,1046]
[0,52,179,232,334,410,607,788,1046]
[0,179,232,321,410,1046]
[0,204,334,410,607,1046]
[0,52,179,232,321,410,788,1046]
[0,232,334,652,788,1046]
[0,321,652,788,1046]
[0,607,1046]
[0,321,410,652,788,1046]
[0,52,232,321,410,607,652,1046]
[0,52,232,321,1046]
