[0,1145,1586,1911]
[0,1145,1586,1803,1911]
[0,212,402,1145,1586,1911]
[0,212,1145,1911]
[0,212,591,1145,1445,1586,1911]
[0,389,1145,1586,1803,1911]
[0,212,402,1145,1586,1803,1911]
[0,581,1145,1586,1911]
[0,879,1145,1586,1911]
[0,879,1145,1445,1911]
[0,581,1145,1911]
[0,212,879,1145,1586,1803,1911]
[0,212,591,1145,1586,1911]
[0,212,591,1145,1445,1911]
[0,581,1911]
[0,212,1803,1911]
[0,591,1145,1664,1911]
[0,1145,1445,1911]
[0,389,1145,1803,1911]
[0,212,879,1145,1445,1586,1911]
[0,51,212,591,1145,1445,1586,1803,1911]
[0,212,591,1145,1445,1664,1803,1911]
[0,51,212,591,1145,1445,1664,1803,1911]
[0,212,591,1145,1586,1803,1911]
[0,212,1145,1586,1911]
[0,212,1145,1445,1911]
[0,51,212,581,1145,1586,1828,1911]
[0,212,581,879,1145,1586,1911]
[0,591,1145,1911]
[0,591,1145,1445,1664,1803,1911]
[0,581,1145,1586,1803,1911]
[0,591,1911]
[0,51,212,581,879,1145,1586,1664,1828,1911]
[0,212,581,879,1145,1586,1828,1911]
[0,212,581,879,1145,1586,1664,1828,1911]
[0,591,1145,1445,1664,1911]
[0,389,1145,1911]
[0,402,1911]
[0,591,1145,1445,1911]
[0,212,581,1145,1586,1828,1911]
[0,212,879,1145,1445,1911]
[0,581,879,1145,1586,1911]
[0,591,1145,1664,1803,1911]
[0,212,591,1145,1445,1664,1911]
[0,51,212,581,1145,1586,1803,1911]
[0,212,1145,1803,1911]
[0,212,581,1145,1586,1911]
[0,212,879,1145,1586,1911]
[0,591,1145,1586,1911]
[0,212,1911]
[0,591,1145,1586,1803,1911]
[0,389,1145,1586,1911]
[0,402,1664,1911]
[0,212,879,1145,1445,1586,1803,1911]
[0,212,1145,1586,1803,1911]
[0,212,591,1145,1445,1586,1803,1911]
[0,212,581,1145,1586,1803,1911]
[0,1145,1911]
[0,51,212,581,1145,1586,1664,1828,1911]
[0,212,581,1145,1586,1664,1828,1911]
