[0,484,1270,2019]
[0,492,1202,1625,2019]
[0,1080,2019]
[0,492,1053,1202,1625,2019]
[0,435,476,1053,2019]
[0,492,1053,1202,2019]
[0,492,639,1202,1625,2019]
[0,314,492,1053,1202,1625,2019]
[0,435,492,639,1202,2019]
[0,492,1053,2019]
[0,476,1053,2019]
[0,314,492,1053,1625,2019]
[0,435,1053,2019]
[0,476,1202,1625,2019]
[0,484,996,1270,1840,2019]
[0,1053,2019]
[0,314,492,1202,2019]
[0,314,435,492,639,1202,2019]
[0,314,492,1202,1625,2019]
[0,476,639,1202,2019]
[0,476,639,1053,1202,1625,2019]
[0,314,435,476,1053,2019]
[0,492,1202,2019]
[0,314,476,1053,2019]
[0,492,639,1202,2019]
[0,476,639,1202,1625,2019]
[0,1202,2019]
[0,484,996,1270,2019]
[0,314,435,492,639,1202,1625,2019]
[0,476,1053,1625,2019]
[0,476,1202,2019]
[0,314,492,639,1202,1625,2019]
[0,435,492,1202,2019]
[0,1270,2019]
[0,476,1053,1202,2019]
[0,484,2019]
[0,492,1053,1625,2019]
[0,314,492,639,1053,1202,1625,2019]
[0,314,492,639,1202,2019]
[0,314,1053,2019]
[0,476,1080,2019]
[0,476,1053,1202,1625,2019]
[0,314,435,492,639,1053,1202,1625,2019]
[0,492,639,1053,1202,1625,2019]
