[0,631,1810]
[0,1093,1810]
[0,513,1810]
[0,633,1810]
[0,123,660,1093,1810]
[0,660,1010,1093,1810]
[0,539,1093,1810]
[0,417,660,721,1010,1093,1810]
[0,660,721,1010,1093,1810]
[0,631,1093,1810]
[0,185,660,1093,1810]
[0,123,660,1010,1093,1810]
[0,154,633,1093,1810]
[0,417,513,1010,1093,1810]
[0,539,1810]
[0,660,1810]
[0,417,513,660,1010,1093,1810]
[0,417,513,1093,1810]
[0,417,513,660,721,1010,1093,1810]
[0,417,660,1093,1810]
[0,513,1093,1810]
[0,633,1093,1810]
[0,660,1093,1810]
[0,417,660,1010,1093,1810]
[0,185,660,1010,1093,1810]
[0,417,513,660,1093,1810]
[0,417,513,1810]
