[0,217,1046]
[0,148,412,640,771,943,1046]
[0,148,245,412,640,771,943,1046]
[0,148,245,412,494,771,1046]
[0,148,412,640,943,1046]
[0,148,640,771,943,1046]
[0,148,412,640,771,1046]
[0,127,245,640,1046]
[0,148,245,412,640,699,771,816,943,1046]
[0,148,245,494,1046]
[0,148,640,943,1046]
[0,45,148,245,412,494,640,699,771,816,1046]
[0,45,148,245,412,640,699,771,816,943,1046]
[0,45,148,245,412,640,699,771,943,1046]
[0,148,494,771,1046]
[0,148,245,771,943,1046]
[0,760,1046]
[0,148,245,412,494,640,699,1046]
[0,148,494,699,816,1046]
[0,148,245,494,699,816,1046]
[0,148,245,412,494,1046]
[0,148,816,1046]
[0,148,640,771,1046]
[0,148,245,412,640,699,771,943,1046]
[0,494,771,1046]
[0,148,245,412,494,771,816,1046]
[0,148,943,1046]
[0,148,245,494,699,1046]
[0,148,245,412,640,943,1046]
[0,148,412,640,816,1046]
[0,148,245,412,494,699,1046]
[0,148,245,412,640,699,943,1046]
[0,148,245,412,494,640,699,771,816,943,1046]
[0,148,245,640,771,943,1046]
[0,148,640,771,816,1046]
[0,148,245,412,494,640,771,1046]
[0,148,245,412,494,943,1046]
[0,640,771,1046]
[0,148,494,1046]
[0,148,245,412,494,771,943,1046]
[0,148,245,412,494,640,699,943,1046]
[0,148,245,640,699,943,1046]
[0,148,245,494,943,1046]
[0,148,245,494,771,943,1046]
[0,148,245,494,771,1046]
[0,45,148,245,412,640,1046]
[0,148,245,412,494,640,771,943,1046]
[0,148,245,412,640,771,1046]
[0,412,640,816,1046]
[0,148,245,1046]
[0,217,760,1046]
[0,148,412,1046]
[0,148,245,412,640,1046]
[0,494,699,1046]
[0,148,640,699,1046]
[0,412,640,1046]
[0,148,245,640,943,1046]
[0,148,245,640,771,1046]
[0,494,1046]
[0,148,494,699,1046]
[0,148,245,412,494,640,699,771,816,1046]
[0,771,1046]
[0,148,494,943,1046]
[0,148,245,412,640,699,771,816,1046]
[0,148,1046]
[0,148,412,640,1046]
[0,640,816,1046]
[0,148,640,1046]
[0,148,494,771,943,1046]
[0,640,771,816,1046]
[0,148,245,943,1046]
[0,148,245,640,699,816,1046]
[0,412,1046]
[0,148,245,640,699,771,816,1046]
[0,148,245,412,494,699,816,1046]
[0,148,245,412,640,816,1046]
[0,148,245,412,494,640,771,816,1046]
[0,148,245,412,640,699,816,1046]
[0,148,245,640,771,816,1046]
[0,148,245,412,640,699,1046]
[0,148,245,412,494,640,699,771,943,1046]
[0,640,699,1046]
[0,127,412,640,1046]
[0,148,245,412,494,640,699,816,1046]
[0,45,148,245,412,494,640,699,771,816,943,1046]
[0,148,245,640,816,1046]
[0,45,148,245,412,640,771,943,1046]
[0,816,1046]
[0,127,1046]
[0,127,245,412,640,1046]
[0,148,771,943,1046]
[0,148,245,412,494,699,943,1046]
[0,45,148,245,412,640,699,943,1046]
[0,148,494,699,943,1046]
[0,45,148,245,412,640,943,1046]
[0,127,640,1046]
[0,148,245,494,699,943,1046]
[0,640,1046]
[0,148,245,640,1046]
[0,148,245,640,699,1046]
[0,148,771,1046]
[0,148,640,816,1046]
[0,45,148,245,412,640,699,771,816,1046]
