[0,50,525,955,1365,1465]
[0,325,483,913,1465]
[0,325,442,1365,1465]
[0,525,955,1365,1465]
[0,442,913,1465]
[0,1365,1465]
[0,325,483,1465]
[0,50,325,442,525,912,955,1364,1465]
[0,50,325,483,913,1465]
[0,325,442,525,1365,1465]
[0,50,325,483,1364,1465]
[0,325,483,1364,1465]
[0,325,442,955,1321,1365,1465]
[0,50,325,442,525,955,1321,1465]
[0,50,325,483,1465]
[0,325,442,955,1321,1465]
[0,955,1365,1465]
[0,525,955,1465]
[0,325,442,955,1465]
[0,955,1465]
[0,325,1213,1465]
[0,50,325,955,1365,1465]
[0,325,442,525,955,1465]
[0,325,442,912,955,1321,1365,1465]
[0,50,325,442,525,955,1321,1365,1465]
[0,442,1465]
[0,325,442,525,955,1321,1365,1465]
[0,913,1465]
[0,325,955,1365,1465]
[0,325,955,1321,1465]
[0,325,442,525,955,1364,1465]
[0,325,442,1321,1365,1465]
[0,325,483,913,1321,1465]
[0,50,525,955,1465]
[0,325,442,1465]
[0,325,442,913,1465]
[0,325,442,525,913,1465]
[0,50,325,483,1213,1364,1465]
[0,325,955,1465]
[0,50,325,442,525,955,1364,1465]
[0,325,442,955,1364,1465]
[0,325,442,525,1321,1365,1465]
[0,325,913,1465]
[0,913,1321,1465]
[0,325,1465]
[0,442,1213,1465]
[0,50,325,442,525,955,1465]
[0,50,325,483,913,1321,1465]
[0,50,325,442,525,913,1465]
[0,50,325,442,525,912,955,1465]
[0,325,442,912,955,1465]
[0,50,325,442,525,912,955,1321,1365,1465]
[0,50,955,1465]
[0,50,325,442,525,1465]
[0,325,483,1213,1465]
[0,325,442,525,1465]
[0,50,325,955,1465]
[0,442,913,1321,1465]
[0,325,442,525,912,955,1465]
[0,325,483,1213,1364,1465]
[0,325,442,525,912,955,1321,1365,1465]
[0,325,442,525,955,1321,1465]
[0,50,913,1321,1465]
