[0,207,363,736,901,1651]
[0,1583,1651]
[0,207,1151,1651]
[0,363,1583,1651]
[0,148,207,363,456,736,901,1151,1192,1497,1583,1651]
[0,207,1651]
[0,736,901,1583,1651]
[0,363,456,736,901,1651]
[0,1151,1651]
[0,363,456,736,901,1583,1651]
[0,363,1151,1651]
[0,363,736,901,1651]
[0,207,363,736,901,1151,1651]
[0,207,1151,1583,1651]
[0,207,901,1651]
[0,363,1151,1583,1651]
[0,148,207,363,456,736,901,1151,1497,1583,1651]
[0,207,363,456,736,901,1497,1583,1651]
[0,207,363,736,901,1151,1497,1651]
[0,207,1583,1651]
[0,723,1651]
[0,148,207,736,901,1583,1651]
[0,363,456,736,901,1497,1583,1651]
[0,901,1651]
[0,363,901,1651]
[0,148,207,363,456,736,901,1583,1651]
[0,363,901,1151,1651]
[0,736,1651]
[0,207,363,456,736,901,1651]
[0,207,363,456,736,901,1151,1497,1583,1651]
[0,207,736,901,1651]
[0,148,207,363,456,736,901,1497,1583,1651]
[0,207,363,456,736,901,1151,1497,1651]
[0,207,363,736,901,1497,1651]
[0,363,456,736,901,1497,1651]
[0,363,1651]
[0,207,363,736,901,1583,1651]
[0,148,207,363,736,901,1583,1651]
[0,363,736,901,1497,1651]
[0,207,901,1583,1651]
[0,363,736,901,1583,1651]
[0,207,736,901,1583,1651]
[0,363,901,1583,1651]
[0,363,736,901,1151,1651]
[0,723,1583,1651]
[0,207,363,456,736,901,1583,1651]
[0,736,901,1651]
[0,736,1583,1651]
[0,207,363,456,736,901,1497,1651]
