[0,1132,1398,2033,2326,2649,4285]
[0,2170,4285]
[0,89,1398,4127,4285]
[0,2033,2326,3531,4285]
[0,89,2509,4127,4285]
[0,980,2326,3531,3856,4285]
[0,89,980,2033,2326,3531,3856,4127,4285]
[0,2033,2326,3531,3856,4127,4285]
[0,2326,4127,4285]
[0,1152,1398,2509,3531,3856,4127,4285]
[0,1132,1398,2033,2326,2649,3484,4285]
[0,2509,3531,4285]
[0,89,1152,2326,4127,4285]
[0,935,1398,2232,4285]
[0,89,1152,2170,4205,4285]
[0,1152,2033,2326,3531,3856,4285]
[0,3856,4127,4285]
[0,1132,1398,2326,4285]
[0,89,1152,1398,2033,2509,3531,3856,4127,4285]
[0,2326,3856,4285]
[0,980,2326,3531,3856,4127,4285]
[0,2326,3484,4285]
[0,1152,2326,4285]
[0,89,2509,3475,4285]
[0,1132,2033,2326,2649,4285]
[0,1152,2033,2509,3531,3856,4285]
[0,2509,4127,4285]
[0,89,935,2509,3475,4205,4285]
[0,980,1398,2326,3531,3856,4285]
[0,980,1398,2326,3531,4285]
[0,89,1152,1398,2509,3531,3856,4127,4285]
[0,89,1132,1398,2170,4285]
[0,1152,1398,2509,3531,3856,4285]
[0,2509,3531,3856,4127,4285]
[0,4086,4285]
[0,1132,2326,2649,3484,4285]
[0,1152,2033,2326,3531,4285]
[0,89,935,1398,4285]
[0,89,1132,1398,2170,4205,4285]
[0,980,1398,2033,2326,3531,3856,4127,4285]
[0,1152,2326,3531,3856,4127,4285]
[0,89,1132,1398,2033,2326,2649,3484,4285]
[0,89,935,1398,2232,4205,4285]
[0,1152,1398,2033,2509,3531,4285]
[0,980,2033,2326,3531,3856,4127,4285]
[0,2509,3856,4127,4285]
[0,935,2509,3475,4285]
[0,1152,2509,3531,3856,4285]
[0,935,1398,4285]
[0,1152,1398,2509,3531,4285]
[0,1152,2326,3531,4285]
[0,2033,2509,3856,4285]
[0,2326,2649,4285]
[0,89,1398,4285]
[0,2033,2509,3856,4127,4285]
[0,1132,1398,2033,2326,3484,4285]
[0,980,2033,2326,3531,3856,4285]
[0,1132,2326,3484,4285]
[0,89,2509,3475,4205,4285]
[0,89,2033,2509,3856,4127,4285]
[0,1152,2033,2509,3531,4285]
[0,1152,1398,2326,3531,3856,4285]
[0,1152,2033,2326,4285]
[0,1152,2326,4127,4285]
[0,1132,2033,2326,3484,4285]
[0,4127,4285]
[0,89,1152,1398,2033,2326,2509,3531,3856,4127,4285]
[0,2326,3531,3856,4285]
[0,1398,3856,4127,4285]
[0,89,935,1398,2232,4285]
[0,2033,2509,4285]
[0,2509,4285]
[0,1152,1398,2033,2326,4285]
[0,1152,1398,2326,3531,3856,4127,4285]
[0,1132,2170,4285]
[0,89,1132,1398,2170,3484,4205,4285]
[0,2033,2326,3531,3856,4285]
[0,1152,1398,2033,2326,3531,3856,4127,4285]
[0,89,1132,1398,2170,3484,4285]
[0,1152,1398,2033,2509,3531,3856,4127,4285]
[0,980,1398,2033,2326,3531,4285]
[0,1152,1398,2033,2326,2509,3531,3856,4127,4285]
[0,1152,1398,2509,4285]
[0,89,1132,1398,2033,2326,3484,4205,4285]
[0,89,1152,1398,2033,2326,3531,3856,4127,4285]
[0,3856,4285]
[0,1132,2326,2649,4285]
[0,1152,1398,2326,4285]
[0,1152,2509,4285]
[0,1152,2170,4285]
[0,2326,4285]
[0,2033,2326,4285]
[0,1132,1398,2170,4285]
[0,1398,4127,4285]
[0,980,2326,3531,4285]
[0,2509,3531,3856,4285]
[0,980,1398,4285]
[0,89,1132,1398,2033,2326,4285]
[0,1132,2170,3484,4285]
[0,1152,1398,2326,3531,4285]
[0,89,935,2509,3475,4285]
[0,980,1398,2033,2326,3531,3856,4285]
[0,1398,3856,4285]
[0,1152,2509,3531,3856,4127,4285]
[0,1152,1398,2033,2326,3531,4285]
[0,2509,3856,4285]
[0,89,1132,1398,2033,2326,2649,4285]
[0,1132,2326,4127,4285]
[0,1132,2033,2326,2649,3484,4285]
[0,2033,2326,3484,4285]
[0,2509,3475,4205,4285]
[0,980,2033,2326,3531,4285]
[0,89,4285]
[0,980,2326,4285]
[0,89,935,1398,4205,4285]
[0,2033,2509,4127,4285]
[0,980,1398,3856,4285]
[0,1132,1398,2170,3484,4285]
[0,1132,1398,4285]
[0,2509,3475,4285]
[0,89,4127,4285]
[0,89,980,1398,2033,2326,3531,3856,4127,4285]
[0,1152,1398,2033,2326,2509,3531,3856,4285]
[0,89,1132,1398,2033,2326,2649,3484,4205,4285]
[0,1398,4285]
[0,2232,4285]
[0,89,2033,2509,4127,4285]
[0,1152,2509,3531,4285]
[0,935,2232,4285]
[0,89,980,2326,3531,3856,4127,4285]
[0,1132,1398,2033,2326,4285]
[0,935,2509,4285]
[0,980,1398,3856,4127,4285]
[0,2033,2326,2649,4285]
[0,1152,2326,3531,3856,4285]
[0,2326,3531,4285]
[0,1398,4086,4285]
[0,1132,2326,4285]
[0,89,980,1398,3856,4127,4285]
[0,1152,1398,2033,2509,3531,3856,4285]
[0,2326,3531,3856,4127,4285]
[0,89,1132,1398,4285]
[0,1152,1398,4285]
[0,1132,2033,2326,4285]
[0,1152,1398,2033,2326,3531,3856,4285]
[0,2326,3856,4127,4285]
[0,89,1152,2170,4285]
[0,89,1132,1398,2033,2326,3484,4285]
