[0,136,1377,1872,2100,2211]
[0,136,336,1539,1872,2017,2100,2211]
[0,1377,2211]
[0,336,2211]
[0,136,2100,2211]
[0,336,546,1539,1872,2017,2100,2211]
[0,136,336,1377,1540,2100,2211]
[0,136,336,546,1539,1872,2211]
[0,336,546,1377,1540,1872,2017,2100,2211]
[0,546,1377,1872,2211]
[0,79,136,1377,1540,1872,2017,2100,2211]
[0,136,336,546,1377,1540,1872,2017,2100,2211]
[0,136,336,1872,2100,2211]
[0,1377,1540,2100,2211]
[0,136,336,546,1539,1872,2100,2211]
[0,136,336,1539,1872,2211]
[0,136,336,546,1377,1540,1872,2100,2211]
[0,79,136,336,546,1539,1872,2017,2100,2211]
[0,336,1377,1540,1872,2211]
[0,1377,1872,2211]
[0,136,1377,1540,1872,2211]
[0,136,336,1872,2211]
[0,136,336,546,1377,1540,1872,2211]
[0,336,546,1377,1540,1872,2211]
[0,336,546,1539,1872,2211]
[0,136,336,2211]
[0,546,1539,1872,2211]
[0,1539,2211]
[0,136,336,1377,1540,1872,2100,2211]
[0,136,1872,2017,2100,2211]
[0,1377,2100,2211]
[0,136,336,1539,2211]
[0,136,1377,2211]
[0,136,1872,2211]
[0,336,546,1539,1872,2100,2211]
[0,136,336,546,1377,1540,2100,2211]
[0,546,1377,1540,1872,2211]
[0,546,1377,1540,1872,2100,2211]
[0,1539,1872,2017,2100,2211]
[0,546,1377,1540,1872,2017,2100,2211]
[0,136,336,1377,1540,2211]
[0,136,1377,1540,2100,2211]
[0,136,336,546,1377,1540,2211]
[0,136,336,546,1539,2211]
[0,546,1539,1872,2100,2211]
[0,136,1539,2211]
[0,1377,1872,2100,2211]
[0,136,336,1872,2017,2100,2211]
[0,136,1377,1872,2017,2100,2211]
[0,79,136,1377,1872,2017,2100,2211]
[0,136,1377,1540,2211]
[0,336,546,1377,1540,1872,2100,2211]
[0,136,1377,1540,1872,2100,2211]
[0,336,1539,2211]
[0,1377,1540,2211]
[0,136,1377,1872,2211]
[0,79,136,336,546,1377,1540,1872,2017,2100,2211]
[0,1377,1540,1872,2017,2100,2211]
[0,1377,1872,2017,2100,2211]
[0,1872,2211]
[0,546,1377,2211]
[0,79,136,1872,2100,2211]
[0,136,336,1377,1540,1872,2017,2100,2211]
[0,79,136,2100,2211]
[0,1872,2100,2211]
[0,136,1377,1540,1872,2017,2100,2211]
[0,336,1377,1540,2211]
[0,79,136,1872,2017,2100,2211]
[0,1377,1540,1872,2100,2211]
[0,1539,1872,2211]
[0,336,1377,1872,2211]
[0,336,546,1377,1540,2211]
[0,2100,2211]
[0,79,136,336,1539,1872,2017,2100,2211]
[0,79,136,336,1872,2017,2100,2211]
[0,336,546,1377,2211]
[0,336,1539,1872,2211]
[0,1872,2017,2100,2211]
[0,136,336,546,1539,1872,2017,2100,2211]
[0,1539,1872,2100,2211]
[0,336,546,1377,1872,2211]
[0,546,1539,1872,2017,2100,2211]
[0,336,1377,2211]
[0,336,1872,2211]
[0,546,1539,2211]
[0,79,136,336,1377,1540,1872,2017,2100,2211]
[0,1377,1540,1872,2211]
[0,136,1872,2100,2211]
[0,136,336,2100,2211]
[0,336,546,1539,2211]
[0,136,336,1377,1540,1872,2211]
[0,546,1377,1540,2211]
[0,136,336,1539,1872,2100,2211]
[0,136,2211]
