[0,143,376,443,1046]
[0,143,231,443,526,921,1046]
[0,231,788,1046]
[0,143,231,376,443,526,1046]
[0,231,376,1046]
[0,921,1046]
[0,143,271,921,1046]
[0,231,443,921,1046]
[0,376,921,1046]
[0,143,231,376,443,1046]
[0,143,271,443,1046]
[0,143,231,443,526,1046]
[0,143,231,376,443,526,921,1046]
[0,143,231,443,788,1046]
[0,143,271,376,443,1046]
[0,143,231,1046]
[0,143,376,1046]
[0,376,443,1046]
[0,143,231,921,1046]
[0,271,1046]
[0,143,271,376,443,921,1046]
[0,788,1046]
[0,143,231,443,526,788,1046]
[0,143,271,443,921,1046]
[0,231,921,1046]
[0,143,231,376,443,921,1046]
[0,231,376,921,1046]
[0,231,443,1046]
[0,143,231,443,1046]
[0,143,1046]
[0,231,1046]
[0,231,443,788,1046]
[0,271,443,1046]
[0,143,271,376,443,526,921,1046]
[0,143,231,376,443,526,788,1046]
[0,143,231,443,921,1046]
[0,143,271,443,526,921,1046]
[0,376,1046]
[0,143,231,788,1046]
[0,143,271,1046]
