[0,400,463,578,731,922]
[0,400,463,922]
[0,227,400,463,578,639,731,922]
[0,227,400,463,526,922]
[0,227,400,731,922]
[0,227,400,463,578,731,922]
[0,227,463,731,922]
[0,400,463,578,922]
[0,307,400,585,748,922]
[0,227,463,578,731,922]
[0,731,922]
[0,227,463,625,748,922]
[0,227,400,463,581,922]
[0,227,463,581,748,922]
[0,227,308,463,526,639,731,922]
[0,227,463,526,639,731,922]
[0,463,581,922]
[0,227,526,922]
[0,227,308,526,639,731,922]
[0,227,308,400,463,578,731,922]
[0,227,581,922]
[0,227,308,922]
[0,227,308,400,463,578,625,922]
[0,227,922]
[0,227,463,526,922]
[0,227,400,748,922]
[0,227,463,748,922]
[0,227,463,578,748,922]
[0,308,400,731,922]
[0,227,308,400,463,578,922]
[0,227,308,400,463,578,748,922]
[0,400,731,922]
[0,227,400,463,578,922]
[0,227,308,400,463,591,748,922]
[0,227,308,731,922]
[0,227,308,463,581,922]
[0,400,922]
[0,578,922]
[0,308,453,622,922]
[0,622,922]
[0,227,308,463,526,625,748,922]
[0,227,308,400,463,526,748,922]
[0,227,308,400,463,526,581,625,748,922]
[0,227,526,731,922]
[0,227,463,591,922]
[0,227,308,463,748,922]
[0,400,463,526,922]
[0,227,308,748,922]
[0,463,922]
[0,227,463,922]
[0,227,308,400,463,581,625,748,922]
[0,227,308,463,591,922]
[0,307,400,748,922]
[0,400,463,578,639,922]
[0,227,463,591,748,922]
[0,227,308,639,731,922]
[0,227,463,639,731,922]
[0,400,585,748,922]
[0,463,526,922]
[0,578,731,922]
[0,227,308,463,625,748,922]
[0,227,308,400,463,578,639,731,922]
[0,227,731,922]
[0,400,463,591,922]
[0,227,308,400,463,581,748,922]
[0,227,308,400,463,526,639,731,922]
[0,308,622,922]
[0,227,463,581,922]
[0,526,922]
[0,227,308,400,463,526,731,922]
[0,400,463,578,639,731,922]
[0,581,922]
[0,227,308,400,463,526,922]
[0,308,922]
[0,227,308,400,463,581,922]
[0,227,308,463,581,748,922]
[0,227,526,639,731,922]
[0,227,308,400,731,922]
[0,227,308,463,731,922]
[0,227,748,922]
[0,585,748,922]
[0,227,463,526,731,922]
[0,463,578,922]
[0,748,922]
[0,227,578,922]
[0,227,308,400,463,578,625,748,922]
[0,227,400,463,591,922]
[0,227,308,463,526,922]
[0,227,308,463,591,748,922]
[0,227,308,526,922]
[0,227,308,400,748,922]
[0,227,308,463,578,731,922]
[0,591,922]
[0,463,578,731,922]
[0,400,463,581,922]
[0,463,591,922]
[0,227,308,463,526,731,922]
[0,227,308,400,463,591,922]
[0,227,591,922]
[0,227,463,578,922]
[0,400,748,922]
[0,227,463,526,748,922]
[0,227,639,731,922]
[0,227,308,463,578,922]
[0,227,308,463,578,748,922]
[0,227,308,400,463,526,625,748,922]
[0,227,308,463,526,748,922]
