[0,578,1046]
[0,210,578,1046]
[0,357,658,1046]
[0,210,578,658,1046]
[0,309,658,1046]
[0,357,578,658,883,976,1046]
[0,210,357,578,658,1046]
[0,357,578,658,883,1046]
[0,177,357,658,883,1046]
[0,177,357,578,658,883,1046]
[0,357,658,883,1046]
[0,210,357,578,658,883,976,1046]
[0,658,1046]
[0,210,357,578,658,883,1046]
[0,309,1046]
[0,309,658,883,1046]
[0,177,357,658,1046]
[0,578,658,883,976,1046]
[0,578,658,883,1046]
[0,210,357,658,883,1046]
[0,658,883,1046]
[0,210,357,658,1046]
[0,210,357,1046]
[0,883,1046]
[0,578,658,1046]
[0,357,1046]
[0,177,357,578,658,883,976,1046]
