[0,908,1009,1642]
[0,487,615,908,1009,1361,1420,1642]
[0,487,908,1009,1361,1642]
[0,487,554,908,1009,1642]
[0,487,615,908,1009,1361,1642]
[0,487,908,1009,1361,1478,1642]
[0,487,615,1009,1478,1642]
[0,487,554,908,1009,1361,1478,1642]
[0,487,1009,1478,1642]
[0,487,961,1374,1642]
[0,908,1009,1478,1642]
[0,487,615,1009,1361,1642]
[0,1009,1361,1478,1642]
[0,487,908,1009,1642]
[0,487,615,908,1009,1642]
[0,487,1009,1361,1642]
[0,487,961,1642]
[0,487,615,1009,1361,1478,1642]
[0,487,1009,1642]
[0,487,554,908,1009,1361,1420,1642]
[0,1009,1478,1642]
[0,487,615,908,1009,1361,1478,1642]
[0,961,1642]
[0,487,908,1642]
[0,487,554,908,1009,1478,1642]
[0,908,1009,1361,1478,1642]
[0,487,908,1009,1478,1642]
[0,1361,1642]
[0,1009,1642]
[0,487,1009,1361,1478,1642]
[0,487,1361,1642]
[0,487,554,908,1009,1361,1642]
[0,487,1642]
[0,1361,1478,1642]
[0,487,615,1009,1642]
