[0,903,1343]
[0,389,578,745,1343]
[0,194,389,578,1343]
[0,194,389,578,745,903,1343]
[0,194,578,728,1283,1343]
[0,341,1244,1343]
[0,166,432,1343]
[0,166,1244,1343]
[0,806,1343]
[0,194,1343]
[0,194,578,728,1343]
[0,166,806,1343]
[0,166,409,578,745,1343]
[0,194,409,578,1283,1343]
[0,166,389,578,1343]
[0,194,389,432,578,745,1283,1343]
[0,166,432,745,1283,1343]
[0,194,1283,1343]
[0,194,389,578,745,1343]
[0,194,389,432,578,745,903,1283,1343]
[0,341,1343]
[0,194,389,578,745,903,1283,1343]
[0,166,389,432,578,745,1283,1343]
[0,166,1283,1343]
[0,166,389,578,1283,1343]
[0,194,374,432,578,728,785,1283,1343]
[0,389,578,1343]
[0,166,389,432,1283,1343]
[0,166,432,745,806,1283,1343]
[0,432,745,1343]
[0,166,409,578,1343]
[0,166,389,578,745,903,1343]
[0,194,728,1343]
[0,194,389,1343]
[0,194,578,1343]
[0,194,578,728,785,1283,1343]
[0,785,1343]
[0,166,578,1343]
[0,194,374,578,728,785,1283,1343]
[0,194,409,578,745,1343]
[0,166,578,1283,1343]
[0,745,1343]
[0,166,432,1283,1343]
[0,194,409,578,745,1283,1343]
[0,166,806,1283,1343]
[0,166,389,432,745,1283,1343]
[0,954,1343]
[0,194,409,578,1343]
[0,166,745,1343]
[0,166,428,1343]
[0,166,389,578,745,1343]
[0,166,428,1283,1343]
[0,166,389,432,578,745,903,1283,1343]
[0,194,389,432,578,1283,1343]
[0,166,389,903,1283,1343]
[0,166,389,578,745,1283,1343]
[0,166,389,578,745,903,1283,1343]
[0,194,374,578,728,1283,1343]
[0,166,389,432,578,1283,1343]
[0,194,728,785,1283,1343]
[0,166,745,806,1343]
[0,194,374,578,728,1343]
[0,166,432,745,1343]
[0,166,389,432,578,745,806,1283,1343]
[0,166,409,578,745,903,1343]
[0,194,389,432,1343]
[0,194,374,1343]
[0,166,432,1244,1343]
[0,194,389,578,745,1283,1343]
[0,409,1343]
[0,166,745,806,1283,1343]
[0,166,428,954,1343]
[0,166,389,1343]
[0,166,409,578,745,1283,1343]
[0,194,409,1343]
[0,166,903,1283,1343]
[0,194,389,432,1283,1343]
[0,166,389,432,745,806,1283,1343]
[0,728,1343]
[0,389,1343]
[0,166,428,954,1283,1343]
[0,166,409,1343]
[0,194,785,1343]
[0,578,1343]
[0,194,389,1283,1343]
[0,578,745,1343]
[0,166,389,578,745,806,1283,1343]
[0,166,389,432,1343]
[0,166,409,578,1283,1343]
[0,194,785,1283,1343]
[0,389,432,1343]
[0,166,389,578,745,806,1343]
[0,389,903,1343]
[0,409,578,1343]
[0,166,389,903,1343]
[0,166,409,578,745,903,1283,1343]
[0,194,374,432,578,728,1283,1343]
[0,194,389,578,1283,1343]
[0,194,374,578,1343]
[0,428,1343]
[0,166,1343]
[0,166,954,1343]
[0,194,578,1283,1343]
[0,432,1343]
[0,409,578,745,1343]
[0,166,432,745,806,1343]
[0,166,903,1343]
[0,428,954,1343]
