[0,868,972,1208,1413,1911]
[0,868,992,1208,1911]
[0,150,868,972,1223,1442,1666,1911]
[0,181,972,1911]
[0,868,972,1666,1862,1911]
[0,150,241,868,972,1208,1413,1666,1911]
[0,1666,1911]
[0,150,868,1223,1442,1666,1911]
[0,868,972,1223,1442,1666,1911]
[0,868,1862,1911]
[0,150,868,972,1223,1442,1666,1862,1911]
[0,868,972,1666,1911]
[0,868,1666,1911]
[0,150,868,1208,1413,1666,1911]
[0,150,868,972,1208,1413,1666,1862,1911]
[0,868,972,1208,1413,1666,1911]
[0,1208,1911]
[0,868,1223,1442,1666,1911]
[0,150,241,868,972,1208,1413,1666,1862,1911]
[0,868,992,1666,1862,1911]
[0,868,972,1208,1911]
[0,868,1208,1911]
[0,1223,1911]
[0,868,992,1208,1666,1911]
[0,868,1223,1666,1911]
[0,868,992,1208,1666,1862,1911]
[0,868,972,1208,1413,1666,1862,1911]
[0,972,1911]
[0,868,1223,1911]
[0,868,1208,1413,1911]
[0,868,1208,1666,1911]
[0,868,1208,1413,1666,1911]
[0,150,868,972,1208,1413,1666,1911]
[0,868,972,1223,1666,1862,1911]
[0,241,868,1862,1911]
[0,181,972,1666,1911]
[0,868,992,1911]
[0,868,972,1911]
[0,150,241,868,972,1223,1442,1666,1911]
[0,1128,1911]
[0,868,1911]
[0,868,972,1223,1442,1666,1862,1911]
[0,868,1128,1911]
[0,181,1666,1911]
[0,868,992,1666,1911]
[0,150,241,868,972,1223,1442,1666,1862,1911]
[0,241,868,1911]
[0,972,1666,1911]
[0,868,972,1223,1666,1911]
