[0,206,603,843,1224,1544,1752,2020]
[0,206,603,750,1752,2020]
[0,352,1752,2020]
[0,352,660,1752,2020]
[0,206,1752,2020]
[0,603,843,2020]
[0,352,660,2020]
[0,352,750,2020]
[0,750,1193,2020]
[0,206,1544,1752,2020]
[0,352,660,1752,1970,2020]
[0,603,1752,2020]
[0,1193,1752,2020]
[0,1193,2020]
[0,660,1752,2020]
[0,603,2020]
[0,206,603,843,1544,1752,2020]
[0,603,843,1193,1752,2020]
[0,1752,2020]
[0,1193,1544,1752,2020]
[0,750,1544,1752,2020]
[0,843,2020]
[0,206,603,750,1193,1273,1544,1752,2020]
[0,660,2020]
[0,603,750,1752,2020]
[0,843,1224,2020]
[0,352,843,1224,2020]
[0,206,603,750,1193,1544,1752,1836,2020]
[0,843,1193,1544,1752,2020]
[0,843,1193,1752,2020]
[0,750,1193,1544,1752,2020]
[0,206,603,750,1193,1273,1544,1752,1836,1970,2020]
[0,206,2020]
[0,352,750,1752,2020]
[0,206,603,843,1752,2020]
[0,206,603,843,2020]
[0,206,603,843,1193,1544,1752,2020]
[0,206,603,1752,2020]
[0,603,1544,1752,2020]
[0,206,603,750,1544,1752,2020]
[0,206,603,843,1224,1752,2020]
[0,352,843,1224,1752,2020]
[0,352,750,1193,1752,2020]
[0,603,843,1224,1752,2020]
[0,206,603,2020]
[0,843,1544,1752,2020]
[0,750,1752,2020]
[0,1544,1752,2020]
[0,206,1193,1544,1752,2020]
[0,206,603,843,1193,1273,1544,1752,1839,2020]
[0,843,1224,1544,1752,2020]
[0,206,603,843,1193,1544,1752,1839,2020]
[0,206,603,843,1193,1273,1544,1752,1839,1970,2020]
[0,352,1752,1970,2020]
[0,206,603,750,1193,1544,1752,1836,1970,2020]
[0,352,603,750,1752,2020]
[0,206,603,750,2020]
[0,603,843,1193,1544,1752,2020]
[0,660,1224,2020]
[0,352,2020]
[0,206,603,843,1193,1273,1544,1752,2020]
[0,206,750,1193,1544,1752,2020]
[0,750,2020]
[0,206,603,750,1193,1544,1752,2020]
[0,843,1193,2020]
[0,352,660,1224,1752,2020]
[0,352,660,1224,1752,1970,2020]
[0,206,603,1544,1752,2020]
[0,660,1752,1970,2020]
[0,352,603,843,1224,1752,2020]
[0,843,1752,2020]
[0,206,603,843,1224,1544,1752,1839,2020]
[0,352,603,750,1193,1752,2020]
[0,750,1193,1752,2020]
[0,603,843,1752,2020]
[0,603,843,1544,1752,2020]
[0,603,843,1224,1544,1752,2020]
[0,206,603,750,1193,1273,1544,1752,1836,2020]
[0,352,750,1193,2020]
[0,843,1224,1752,2020]
[0,206,603,843,1224,1544,1752,1839,1970,2020]
[0,352,660,1224,2020]
