[0,482,635,818,1768,2019]
[0,818,2019]
[0,635,818,1768,2019]
[0,482,635,1008,2019]
[0,1764,2019]
[0,389,482,635,818,1764,2019]
[0,482,635,823,2019]
[0,635,823,1764,2019]
[0,482,635,818,1008,1768,2019]
[0,482,823,2019]
[0,635,1008,1768,2019]
[0,818,1764,2019]
[0,46,482,635,818,1008,1768,2019]
[0,93,482,1768,2019]
[0,46,482,635,1008,1768,2019]
[0,1768,2019]
[0,1008,1768,2019]
[0,635,823,1768,2019]
[0,46,482,635,818,1768,2019]
[0,635,818,1008,1768,2019]
[0,818,1768,2019]
[0,1008,2019]
[0,482,2019]
[0,482,635,818,2019]
[0,482,823,1768,2019]
[0,46,635,1008,1768,2019]
[0,374,1768,2019]
[0,635,823,2019]
[0,635,1008,2019]
[0,482,635,1008,1768,2019]
[0,823,1764,2019]
[0,823,2019]
[0,482,635,818,1764,2019]
[0,374,2019]
[0,482,635,823,1764,2019]
[0,635,818,1764,2019]
[0,482,1768,2019]
[0,482,635,823,1768,2019]
[0,823,1768,2019]
[0,482,635,1768,2019]
[0,93,482,823,1768,2019]
[0,635,818,2019]
