[0,122,561,1046]
[0,613,883,953,1046]
[0,613,1046]
[0,338,662,841,1046]
[0,122,561,841,1046]
[0,122,613,662,1046]
[0,613,781,841,1046]
[0,122,338,662,841,1046]
[0,122,613,1046]
[0,338,661,883,1046]
[0,122,613,662,781,841,953,1046]
[0,841,1046]
[0,613,662,841,1046]
[0,613,662,953,1046]
[0,613,662,781,841,1046]
[0,338,661,1046]
[0,122,338,613,662,1046]
[0,613,662,781,841,953,1046]
[0,338,883,1046]
[0,613,781,953,1046]
[0,122,338,662,953,1046]
[0,122,613,781,841,1046]
[0,122,613,662,781,841,883,953,1046]
[0,122,613,781,953,1046]
[0,613,953,1046]
[0,613,781,1046]
[0,122,338,561,662,841,1046]
[0,122,338,561,662,953,1046]
[0,613,662,1046]
[0,122,338,613,662,781,841,953,1046]
[0,613,781,841,953,1046]
[0,561,662,1046]
[0,561,1046]
[0,122,338,613,662,781,841,883,953,1046]
[0,122,338,613,781,841,1046]
[0,122,338,613,781,953,1046]
[0,338,662,1046]
[0,122,338,613,662,953,1046]
[0,613,662,883,953,1046]
[0,338,1046]
[0,122,613,781,1046]
[0,613,662,841,883,1046]
[0,561,662,841,1046]
[0,561,662,953,1046]
[0,338,613,781,1046]
[0,122,613,662,781,841,1046]
[0,561,841,1046]
[0,613,883,1046]
[0,122,338,1046]
[0,122,338,613,781,841,953,1046]
[0,662,841,1046]
[0,122,338,662,1046]
[0,122,338,613,781,1046]
[0,613,841,1046]
[0,122,338,613,662,781,841,1046]
[0,613,662,781,841,883,953,1046]
[0,122,613,781,841,953,1046]
[0,122,561,662,1046]
[0,338,781,1046]
[0,613,662,841,883,953,1046]
[0,122,338,561,662,1046]
[0,122,561,662,841,1046]
[0,122,561,662,953,1046]
