[0,234,407,474,588,969]
[0,407,473,588,755,969]
[0,407,473,570,755,809,969]
[0,473,755,806,969]
[0,474,588,969]
[0,473,969]
[0,473,570,969]
[0,458,586,969]
[0,755,806,969]
[0,407,473,570,969]
[0,474,755,969]
[0,473,755,969]
[0,458,755,969]
[0,458,586,806,969]
[0,465,586,969]
[0,407,474,588,755,969]
[0,234,474,588,969]
[0,234,588,969]
[0,71,251,465,586,755,909,969]
[0,755,909,969]
[0,465,586,755,909,969]
[0,407,755,909,969]
[0,251,465,586,755,909,969]
[0,407,473,570,809,969]
[0,465,755,969]
[0,473,588,806,969]
[0,586,806,969]
[0,487,969]
[0,588,806,969]
[0,474,969]
[0,570,809,969]
[0,465,586,755,969]
[0,234,474,755,969]
[0,473,570,809,969]
[0,407,473,588,755,806,969]
[0,458,586,755,909,969]
[0,458,586,755,969]
[0,234,474,969]
[0,251,465,755,969]
[0,407,588,755,909,969]
[0,586,969]
[0,407,755,969]
[0,71,251,465,586,755,969]
[0,465,969]
[0,473,588,755,806,969]
[0,588,969]
[0,407,473,588,755,909,969]
[0,473,588,755,969]
[0,234,407,474,588,755,909,969]
[0,473,588,969]
[0,407,474,588,969]
[0,126,487,969]
[0,458,969]
[0,328,969]
[0,570,969]
[0,474,588,755,969]
[0,407,473,588,806,969]
[0,407,474,588,755,909,969]
[0,407,588,755,969]
[0,234,407,474,588,755,969]
[0,234,474,588,755,969]
[0,755,969]
[0,328,737,969]
[0,407,473,588,969]
[0,473,570,755,809,969]
[0,407,969]
[0,251,465,586,755,969]
[0,737,969]
