[0,419,830,1113,1651]
[0,830,939,1113,1372,1481,1651]
[0,419,531,830,939,1113,1372,1481,1568,1651]
[0,830,939,1372,1481,1568,1651]
[0,419,531,830,909,1481,1568,1651]
[0,939,1372,1651]
[0,844,1113,1372,1481,1651]
[0,973,1651]
[0,419,1372,1651]
[0,531,844,1113,1372,1481,1651]
[0,419,1113,1372,1481,1568,1651]
[0,419,939,1372,1651]
[0,419,531,830,909,1113,1372,1481,1651]
[0,939,1651]
[0,419,531,830,909,1372,1481,1568,1651]
[0,1113,1372,1651]
[0,830,1481,1651]
[0,419,830,909,1651]
[0,419,531,1568,1651]
[0,531,583,844,1113,1372,1651]
[0,830,1113,1651]
[0,419,830,1481,1651]
[0,419,531,1372,1651]
[0,1372,1481,1568,1651]
[0,1480,1651]
[0,419,531,830,939,1113,1372,1651]
[0,419,531,1113,1372,1481,1651]
[0,1372,1481,1651]
[0,419,1113,1651]
[0,830,939,1372,1651]
[0,419,531,1372,1481,1568,1651]
[0,419,531,909,1372,1481,1651]
[0,419,531,1481,1651]
[0,419,531,830,939,1372,1481,1651]
[0,583,1113,1372,1651]
[0,419,830,1113,1372,1481,1651]
[0,830,939,1481,1651]
[0,419,531,583,830,909,1113,1372,1481,1568,1651]
[0,419,531,1113,1651]
[0,830,909,1651]
[0,419,531,830,939,1568,1651]
[0,419,830,1651]
[0,531,583,1113,1372,1651]
[0,419,531,830,939,1372,1651]
[0,1481,1568,1651]
[0,1113,1372,1481,1568,1651]
[0,419,1481,1568,1651]
[0,419,830,939,1113,1372,1481,1651]
[0,419,909,1651]
[0,419,531,830,1481,1651]
[0,830,1113,1372,1481,1651]
[0,419,1481,1651]
[0,531,844,1113,1651]
[0,419,531,830,939,1481,1568,1651]
[0,1372,1651]
[0,419,531,830,1113,1651]
[0,419,531,830,939,1113,1372,1481,1651]
[0,830,939,1651]
[0,419,531,830,939,1372,1481,1568,1651]
[0,419,531,830,1481,1568,1651]
[0,419,531,830,909,1568,1651]
[0,419,531,583,830,939,1113,1372,1481,1568,1651]
[0,419,531,830,909,1372,1651]
[0,419,830,939,1651]
[0,419,531,830,1651]
[0,419,531,830,939,1481,1651]
[0,531,844,1113,1372,1651]
[0,419,531,1113,1372,1481,1568,1651]
[0,419,531,909,1651]
[0,939,1372,1481,1651]
[0,419,531,909,1372,1651]
[0,419,531,1651]
[0,531,830,1113,1372,1481,1651]
[0,419,830,1113,1372,1651]
[0,419,531,939,1372,1651]
[0,419,531,830,1113,1372,1651]
[0,844,1113,1651]
[0,1113,1651]
[0,419,531,830,909,1651]
[0,419,531,1113,1372,1651]
[0,531,830,1113,1651]
[0,531,583,844,1113,1372,1481,1651]
[0,830,939,1372,1481,1651]
[0,419,531,830,909,1113,1372,1481,1568,1651]
[0,419,531,1481,1568,1651]
[0,419,531,939,1372,1481,1651]
[0,830,939,1113,1372,1651]
[0,830,1113,1372,1651]
[0,1568,1651]
[0,830,939,1568,1651]
[0,419,531,830,1113,1372,1481,1651]
[0,844,1113,1372,1651]
[0,419,1651]
[0,419,531,1372,1481,1651]
[0,419,909,1372,1651]
[0,419,531,830,939,1651]
[0,531,830,1113,1372,1651]
[0,419,939,1651]
[0,419,531,909,1568,1651]
[0,830,1651]
[0,583,1113,1651]
[0,419,531,909,1372,1481,1568,1651]
[0,419,531,830,909,1113,1372,1651]
[0,909,1651]
[0,419,1113,1372,1481,1651]
[0,1481,1651]
[0,830,939,1113,1372,1481,1568,1651]
[0,583,973,1651]
[0,830,939,1481,1568,1651]
[0,419,1113,1372,1651]
[0,531,583,830,1113,1372,1481,1651]
[0,1113,1372,1481,1651]
[0,419,531,830,1113,1372,1481,1568,1651]
[0,531,1113,1651]
