[0,157,202,289,339,556,760,829,1046]
[0,202,289,556,1046]
[0,157,202,289,339,465,760,829,921,1046]
[0,289,339,465,1046]
[0,202,289,556,829,921,1046]
[0,492,1046]
[0,202,289,465,1046]
[0,202,289,465,760,829,921,1046]
[0,202,289,556,760,829,1046]
[0,202,289,339,465,921,1046]
[0,289,556,760,1046]
[0,289,465,1046]
[0,465,1046]
[0,202,289,339,556,760,829,1046]
[0,289,465,921,1046]
[0,179,339,492,829,1046]
[0,179,492,829,1046]
[0,202,289,339,465,760,829,921,1046]
[0,157,202,289,339,383,465,1046]
[0,202,289,556,921,1046]
[0,157,202,289,339,1046]
[0,492,829,1046]
[0,179,556,1046]
[0,202,289,465,829,921,1046]
[0,289,339,556,1046]
[0,202,289,556,760,1046]
[0,179,556,921,1046]
[0,179,465,556,829,921,1046]
[0,289,339,556,760,829,1046]
[0,179,465,829,921,1046]
[0,202,289,465,556,760,829,921,1046]
[0,179,492,1046]
[0,202,289,556,760,829,921,1046]
[0,289,492,1046]
[0,289,339,383,465,1046]
[0,202,289,339,556,760,1046]
[0,202,289,339,556,760,829,921,1046]
[0,202,289,339,556,1046]
[0,202,289,339,465,829,921,1046]
[0,179,339,492,1046]
[0,556,1046]
[0,157,202,289,339,465,556,760,829,921,1046]
[0,202,289,465,921,1046]
[0,202,289,339,465,1046]
[0,289,465,829,921,1046]
[0,179,465,1046]
[0,289,556,921,1046]
[0,202,289,339,383,465,1046]
[0,289,760,1046]
[0,179,556,829,921,1046]
[0,179,465,921,1046]
[0,289,556,829,921,1046]
[0,157,202,289,339,556,760,1046]
[0,157,202,289,339,465,921,1046]
[0,157,202,289,339,383,465,829,921,1046]
[0,289,465,556,829,921,1046]
[0,289,556,760,829,1046]
[0,289,1046]
[0,157,202,289,339,556,1046]
[0,289,556,760,829,921,1046]
[0,157,202,289,339,465,829,921,1046]
[0,157,202,289,339,383,465,760,829,921,1046]
[0,289,339,556,760,829,921,1046]
[0,202,289,339,1046]
[0,202,289,1046]
[0,202,289,339,465,556,760,829,921,1046]
[0,289,339,1046]
[0,289,339,556,760,1046]
[0,157,202,289,339,556,760,829,921,1046]
[0,157,202,289,339,465,1046]
[0,157,202,289,339,383,465,556,760,829,921,1046]
[0,202,289,465,556,829,921,1046]
[0,157,202,289,339,383,465,921,1046]
[0,289,556,1046]
