[0,311,977,1540,1766,2211]
[0,966,2211]
[0,566,966,1540,2211]
[0,566,1540,1766,2211]
[0,566,1331,2211]
[0,566,977,1168,1331,1766,2067,2211]
[0,813,1119,1331,1766,2067,2211]
[0,966,1119,2067,2211]
[0,1232,2211]
[0,566,977,1168,1331,2211]
[0,566,966,1119,1331,1540,1766,2211]
[0,813,1119,1331,1540,1766,2211]
[0,566,977,1540,1766,2211]
[0,566,966,1540,1766,2211]
[0,813,1119,2067,2211]
[0,311,977,1540,2211]
[0,977,1331,2211]
[0,813,1168,1540,2211]
[0,966,1766,2067,2211]
[0,566,1119,1331,1540,1766,2211]
[0,566,977,1168,1331,1540,1766,2211]
[0,977,1540,2211]
[0,1232,1728,2211]
[0,566,1766,2211]
[0,966,1540,2211]
[0,566,977,1168,1331,1540,1766,2067,2211]
[0,966,1119,1331,2211]
[0,566,977,1331,1766,2211]
[0,566,977,1331,2211]
[0,966,1540,1766,2211]
[0,311,1331,2211]
[0,1331,2067,2211]
[0,1539,2211]
[0,2067,2211]
[0,977,1540,1766,2211]
[0,566,2211]
[0,966,1119,1331,1766,2211]
[0,977,1331,1766,2211]
[0,977,1766,2211]
[0,1331,1766,2067,2211]
[0,966,2067,2211]
[0,566,1766,2067,2211]
[0,966,1119,1331,1766,2067,2211]
[0,311,977,2067,2211]
[0,813,1168,1540,1766,2211]
[0,966,1596,2211]
[0,966,1119,1331,2067,2211]
[0,977,1331,1766,2067,2211]
[0,566,1119,1331,2211]
[0,977,2067,2211]
[0,566,1331,1766,2211]
[0,813,1119,1331,1766,2211]
[0,566,1540,2211]
[0,1331,2211]
[0,813,1119,2211]
[0,1540,2211]
[0,566,977,1168,1540,1766,2211]
[0,813,1119,1331,1540,1766,2067,2211]
[0,813,1119,1331,2067,2211]
[0,813,1168,1331,2211]
[0,566,977,1168,1331,1766,2211]
[0,311,977,2211]
[0,813,2067,2211]
[0,835,1596,2211]
[0,566,966,1540,1766,2067,2211]
[0,966,1331,2211]
[0,1331,1766,2211]
[0,966,1331,1766,2211]
[0,813,2211]
[0,835,2211]
[0,977,1168,1540,1766,2211]
[0,971,1539,1835,2211]
[0,1539,1835,2211]
[0,566,2067,2211]
[0,977,1168,1331,1766,2211]
[0,813,1168,1331,1540,1766,2067,2211]
[0,966,1596,2067,2211]
[0,966,1119,2211]
[0,566,977,1540,2211]
[0,311,1540,2211]
[0,977,1168,1331,2211]
[0,813,1119,1331,2211]
[0,566,966,1119,1331,1540,1766,2067,2211]
[0,566,966,1119,1331,1766,2211]
[0,566,1119,1331,1766,2211]
[0,971,2211]
[0,966,1766,2211]
[0,813,1168,1331,1540,1766,2211]
[0,566,966,1119,1331,2211]
[0,813,1331,1766,2211]
[0,813,1331,2211]
[0,977,1766,2067,2211]
[0,566,966,2211]
[0,971,1539,2211]
[0,311,977,1540,1766,2067,2211]
[0,1596,2211]
[0,813,1168,1331,1766,2211]
[0,966,1540,1766,2067,2211]
[0,813,1540,2211]
[0,813,1168,2211]
[0,566,1540,1766,2067,2211]
[0,977,2211]
[0,813,1168,1331,1766,2067,2211]
[0,566,966,1119,1331,1766,2067,2211]
[0,977,1168,1331,1766,2067,2211]
[0,977,1540,1766,2067,2211]
[0,813,1168,2067,2211]
[0,813,1168,1331,2067,2211]
