[0,188,293,471,888,1046]
[0,85,293,471,661,888,1046]
[0,293,696,1046]
[0,85,243,884,1046]
[0,85,188,231,293,538,807,890,1046]
[0,85,188,293,471,661,815,891,1046]
[0,85,293,890,1046]
[0,85,188,293,890,1046]
[0,85,891,1046]
[0,188,293,569,661,891,1046]
[0,85,293,888,1046]
[0,85,293,471,661,815,891,1046]
[0,85,188,231,293,807,890,1046]
[0,85,293,569,891,1046]
[0,243,563,1046]
[0,293,471,1046]
[0,85,293,471,807,888,1046]
[0,188,293,569,891,1046]
[0,85,293,471,815,891,1046]
[0,85,293,807,890,1046]
[0,85,188,891,1046]
[0,85,188,293,538,890,1046]
[0,85,293,471,661,807,888,1046]
[0,85,293,774,891,1046]
[0,815,1046]
[0,85,188,293,538,807,890,1046]
[0,85,188,293,538,661,890,1046]
[0,231,884,1046]
[0,85,293,471,774,891,1046]
[0,85,188,293,471,569,661,891,1046]
[0,293,538,661,890,1046]
[0,293,1046]
[0,231,815,1046]
[0,85,243,1046]
[0,293,891,1046]
[0,85,188,293,569,661,891,1046]
[0,293,774,891,1046]
[0,231,1046]
[0,293,884,1046]
[0,293,569,661,891,1046]
[0,293,888,1046]
[0,293,471,774,891,1046]
[0,188,293,471,661,891,1046]
[0,85,188,293,471,774,891,1046]
[0,85,293,1046]
[0,293,569,1046]
[0,293,890,1046]
[0,85,293,884,1046]
[0,188,293,538,661,890,1046]
[0,293,538,1046]
[0,293,661,1046]
[0,85,293,563,884,1046]
[0,188,293,471,661,888,1046]
[0,188,293,471,569,891,1046]
[0,188,293,888,1046]
[0,293,471,661,888,1046]
[0,188,1046]
[0,243,1046]
[0,243,563,884,1046]
[0,85,188,293,538,661,807,890,1046]
[0,85,188,293,471,661,888,1046]
[0,85,293,696,888,1046]
[0,188,293,471,774,891,1046]
[0,188,293,890,1046]
[0,293,563,884,1046]
[0,85,188,293,471,661,807,888,1046]
[0,696,1046]
[0,661,1046]
[0,243,884,1046]
[0,85,293,569,661,815,891,1046]
[0,293,471,891,1046]
[0,293,569,891,1046]
[0,188,293,538,890,1046]
[0,188,293,1046]
[0,85,293,471,891,1046]
[0,293,563,1046]
[0,85,188,293,471,891,1046]
[0,188,293,471,891,1046]
[0,85,293,471,661,891,1046]
[0,85,188,293,807,890,1046]
[0,85,188,231,293,471,661,807,888,1046]
[0,85,188,293,569,661,815,891,1046]
[0,85,188,293,471,569,661,815,891,1046]
[0,85,188,231,293,471,569,661,815,891,1046]
[0,293,696,888,1046]
[0,85,188,231,293,569,661,815,891,1046]
[0,188,293,471,569,661,891,1046]
[0,293,471,888,1046]
[0,188,891,1046]
[0,85,188,231,293,538,661,807,890,1046]
[0,85,188,231,293,471,661,815,891,1046]
[0,293,538,890,1046]
[0,85,293,891,1046]
[0,85,188,293,471,888,1046]
[0,85,243,563,884,1046]
[0,293,471,661,1046]
[0,188,293,891,1046]
[0,293,471,661,891,1046]
[0,563,1046]
[0,891,1046]
[0,188,293,774,891,1046]
[0,85,293,569,661,891,1046]
[0,85,188,293,471,661,891,1046]
[0,85,293,471,888,1046]
[0,884,1046]
