[0,619,992,1327]
[0,142,270,619,758,992,1327]
[0,758,1327]
[0,142,382,899,1086,1327]
[0,142,382,619,758,1086,1221,1327]
[0,705,1327]
[0,142,382,619,899,1086,1327]
[0,270,619,992,1327]
[0,142,571,1086,1327]
[0,597,1327]
[0,619,1327]
[0,142,382,619,1086,1327]
[0,899,1086,1327]
[0,634,1327]
[0,571,1086,1327]
[0,270,619,758,992,1327]
[0,142,382,619,758,1221,1327]
[0,142,382,619,758,1327]
[0,142,382,634,1086,1327]
[0,142,270,597,974,1079,1327]
[0,142,270,619,758,899,992,1221,1327]
[0,270,619,1086,1327]
[0,270,619,758,1327]
[0,142,382,619,758,899,1086,1221,1327]
[0,142,382,899,1327]
[0,142,270,619,758,899,992,1327]
[0,142,382,758,1327]
[0,382,899,1086,1327]
[0,142,382,619,1327]
[0,142,270,597,974,1327]
[0,142,270,619,758,1086,1221,1327]
[0,270,619,758,1086,1327]
[0,382,899,1327]
[0,992,1327]
[0,142,270,619,1327]
[0,270,705,1327]
[0,382,597,1327]
[0,382,619,899,1086,1327]
[0,382,619,1086,1327]
[0,382,619,758,1327]
[0,142,270,597,758,1327]
[0,142,382,619,843,1327]
[0,142,571,1327]
[0,270,597,1327]
[0,270,619,1327]
[0,899,1327]
[0,382,634,1327]
[0,142,1327]
[0,571,1327]
[0,597,974,1327]
[0,142,270,597,758,878,974,1079,1327]
[0,382,634,1086,1327]
[0,142,382,758,1086,1327]
[0,619,1086,1327]
[0,142,270,619,758,1086,1327]
[0,619,758,1327]
[0,270,597,758,974,1327]
[0,142,270,597,758,974,1079,1327]
[0,270,597,974,1327]
[0,382,619,843,1327]
[0,758,1086,1327]
[0,382,992,1327]
[0,142,382,597,758,1327]
[0,142,382,619,758,899,1086,1327]
[0,270,597,758,1327]
[0,382,758,1086,1327]
[0,142,382,619,758,1086,1327]
[0,142,270,597,758,974,1327]
[0,382,758,1327]
[0,142,382,1327]
[0,382,619,1327]
[0,142,270,597,1327]
[0,382,1327]
[0,142,270,619,758,992,1221,1327]
[0,142,382,634,1327]
[0,142,270,619,758,1327]
[0,382,597,758,1327]
[0,142,270,619,758,1221,1327]
