[0,1149,1654,1911]
[0,790,1349,1654,1911]
[0,91,790,1677,1911]
[0,91,1089,1677,1911]
[0,472,790,1349,1911]
[0,1838,1911]
[0,91,330,570,790,1089,1230,1654,1911]
[0,623,1911]
[0,790,1911]
[0,1230,1911]
[0,623,1089,1911]
[0,1230,1677,1911]
[0,330,570,790,1089,1654,1911]
[0,91,790,1089,1654,1838,1911]
[0,970,1775,1911]
[0,570,790,1089,1230,1654,1911]
[0,1149,1230,1775,1911]
[0,472,790,1230,1349,1654,1911]
[0,91,330,472,790,1230,1349,1654,1838,1911]
[0,91,790,1089,1654,1911]
[0,472,790,1349,1654,1911]
[0,970,1911]
[0,970,1230,1775,1911]
[0,91,1149,1654,1911]
[0,790,1089,1230,1654,1911]
[0,790,1349,1911]
[0,91,623,1089,1677,1911]
[0,1349,1654,1775,1911]
[0,970,1349,1654,1775,1911]
[0,91,330,472,790,1230,1349,1654,1911]
[0,570,1230,1911]
[0,91,570,790,1089,1230,1654,1911]
[0,330,472,790,1230,1349,1654,1911]
[0,883,1677,1911]
[0,330,790,1089,1654,1911]
[0,623,1654,1911]
[0,1089,1677,1911]
[0,1654,1911]
[0,91,790,1089,1230,1654,1838,1911]
[0,330,790,1911]
[0,91,1149,1230,1654,1911]
[0,91,1911]
[0,1230,1349,1654,1911]
[0,1349,1654,1911]
[0,1349,1775,1911]
[0,623,1089,1677,1911]
[0,91,472,790,1230,1349,1654,1838,1911]
[0,970,1230,1911]
[0,790,1654,1838,1911]
[0,883,1911]
[0,91,623,1654,1911]
[0,790,1230,1349,1654,1911]
[0,330,472,790,1349,1654,1911]
[0,1349,1654,1838,1911]
[0,570,1911]
[0,570,790,1089,1654,1911]
[0,1149,1775,1911]
[0,790,1089,1654,1911]
[0,486,1273,1911]
[0,1230,1349,1654,1838,1911]
[0,1149,1911]
[0,1677,1911]
[0,1349,1911]
[0,486,1911]
[0,570,790,1654,1911]
[0,472,790,1911]
[0,91,472,790,1230,1349,1654,1911]
[0,91,970,1230,1349,1654,1775,1911]
[0,1149,1230,1654,1911]
[0,790,1838,1911]
[0,790,1677,1911]
[0,1089,1911]
[0,91,570,1230,1677,1911]
[0,91,790,1230,1349,1654,1911]
[0,91,883,1677,1911]
[0,330,790,1089,1911]
[0,330,570,790,1089,1230,1654,1911]
[0,570,1677,1911]
[0,91,790,1089,1230,1654,1911]
[0,91,790,1654,1911]
[0,790,1089,1911]
[0,570,1230,1677,1911]
[0,1775,1911]
[0,91,1230,1654,1911]
[0,970,1230,1349,1654,1775,1911]
[0,790,1230,1349,1654,1838,1911]
[0,1273,1911]
[0,970,1230,1349,1775,1911]
[0,1230,1654,1911]
[0,1230,1349,1775,1911]
[0,91,570,1677,1911]
[0,91,790,1654,1838,1911]
[0,970,1349,1775,1911]
[0,91,330,570,790,1089,1230,1654,1838,1911]
[0,91,790,1230,1349,1654,1838,1911]
[0,970,1349,1911]
[0,790,1654,1911]
[0,91,570,790,1089,1230,1654,1838,1911]
