[0,221,292,559,742,977,1056,1260,1465]
[0,221,292,581,1465]
[0,221,559,742,1465]
[0,478,1465]
[0,292,581,742,1465]
[0,221,292,1465]
[0,291,741,998,1293,1465]
[0,292,581,1056,1260,1465]
[0,741,1056,1465]
[0,221,292,581,742,1260,1465]
[0,221,998,1465]
[0,221,998,1293,1465]
[0,559,742,1260,1465]
[0,559,742,1293,1465]
[0,221,292,478,998,1056,1465]
[0,221,292,581,742,1056,1260,1465]
[0,292,559,998,1293,1465]
[0,559,742,1465]
[0,221,559,742,998,1465]
[0,221,292,559,998,1465]
[0,291,1056,1465]
[0,741,998,1465]
[0,221,559,998,1465]
[0,221,742,1465]
[0,221,292,468,581,742,977,1056,1260,1465]
[0,221,292,559,977,1260,1465]
[0,292,559,1056,1260,1465]
[0,1260,1465]
[0,1293,1465]
[0,998,1465]
[0,292,581,742,977,1056,1260,1465]
[0,221,292,559,742,1465]
[0,292,559,998,1465]
[0,741,998,1293,1465]
[0,221,292,478,998,1293,1465]
[0,291,998,1465]
[0,221,292,559,1465]
[0,559,998,1260,1465]
[0,292,559,1465]
[0,292,581,1465]
[0,559,1260,1465]
[0,221,292,559,977,1465]
[0,559,998,1465]
[0,291,1465]
[0,292,559,977,1260,1465]
[0,742,1465]
[0,221,292,559,998,1293,1465]
[0,292,559,742,1465]
[0,292,478,998,1293,1465]
[0,292,559,742,1056,1260,1465]
[0,581,1260,1465]
[0,291,741,998,1465]
[0,221,1293,1465]
[0,221,292,559,998,1056,1293,1465]
[0,221,292,581,742,1465]
[0,559,1465]
[0,581,1465]
[0,977,1465]
[0,291,741,1056,1465]
[0,292,559,742,1260,1465]
[0,221,559,742,1293,1465]
[0,292,559,977,1465]
[0,559,742,998,1465]
[0,221,292,478,998,1465]
[0,292,559,742,1293,1465]
[0,292,468,581,742,1260,1465]
[0,581,742,1465]
[0,221,292,559,977,1056,1260,1465]
[0,1056,1465]
[0,292,468,581,742,977,1056,1260,1465]
[0,292,559,742,977,1056,1260,1465]
[0,292,559,977,1056,1260,1465]
[0,559,977,1465]
[0,292,468,581,742,1056,1260,1465]
[0,292,559,1260,1465]
[0,292,581,742,1260,1465]
[0,221,292,478,1465]
[0,292,478,1465]
[0,292,581,1260,1465]
[0,221,292,559,998,1056,1465]
[0,221,1465]
[0,559,742,998,1260,1465]
[0,559,742,998,1293,1465]
[0,221,559,742,998,1293,1465]
[0,221,292,478,998,1056,1293,1465]
[0,221,292,581,742,977,1056,1260,1465]
[0,478,998,1465]
[0,292,478,998,1465]
[0,292,581,742,1056,1260,1465]
[0,221,292,559,742,1260,1465]
[0,221,292,559,742,1293,1465]
