[0,804,1921,3366,4308,4758]
[0,969,1921,2080,3742,4150,4758]
[0,1596,2079,3366,4459,4758]
[0,2079,3357,4758]
[0,1596,2079,3366,4758]
[0,969,2079,3366,4758]
[0,804,1921,3366,4758]
[0,804,3366,4758]
[0,1595,2079,3357,4488,4758]
[0,1921,4758]
[0,1538,4758]
[0,1538,3516,4758]
[0,804,3366,4308,4758]
[0,684,4459,4758]
[0,684,1538,2079,3366,4459,4758]
[0,586,1596,2080,4758]
[0,2079,4758]
[0,969,2079,4758]
[0,586,969,1921,2080,3742,4673,4758]
[0,684,2079,3366,4459,4758]
[0,2080,3307,4758]
[0,969,1538,2080,3742,4758]
[0,586,1596,2080,3366,4488,4758]
[0,969,1538,2080,3742,4150,4758]
[0,586,969,1538,2080,3742,4150,4758]
[0,1921,3366,4758]
[0,1596,2079,4758]
[0,804,1921,4758]
[0,969,2080,3742,4150,4758]
[0,684,1538,2079,3366,4758]
[0,1596,2080,3366,4758]
[0,586,2080,4758]
[0,1595,2079,4758]
[0,586,2080,3366,4758]
[0,586,4758]
[0,969,1921,2080,3742,4758]
[0,586,969,1538,1921,2080,3742,4150,4673,4758]
[0,586,2079,3366,4758]
[0,586,969,1538,2080,3742,4673,4758]
[0,586,969,1921,2080,3742,4758]
[0,586,1596,2079,3366,4459,4758]
[0,1596,4758]
[0,969,2080,3742,4758]
[0,2080,4758]
[0,586,969,1921,2080,3742,4150,4673,4758]
[0,969,2080,4758]
[0,586,1595,2079,3357,4758]
[0,969,2080,3742,4673,4758]
[0,586,1538,2080,3742,4673,4758]
[0,586,969,1538,2080,3742,4758]
[0,684,2079,3366,4310,4758]
[0,969,1538,2080,3742,4673,4758]
[0,586,969,2080,3742,4758]
[0,2079,3366,4758]
[0,586,2079,4758]
[0,684,1538,2079,3366,4310,4758]
[0,586,1596,2080,3366,4758]
[0,1596,2080,4758]
[0,684,4758]
[0,586,1595,2079,3357,4488,4758]
[0,1595,4758]
[0,586,1538,2080,4758]
[0,586,969,2080,3742,4150,4758]
[0,1596,2079,4459,4758]
[0,586,1538,2080,4673,4758]
[0,969,2079,4459,4758]
[0,684,2079,3366,4758]
[0,586,1538,2080,3742,4758]
[0,969,1921,2080,3742,4673,4758]
[0,1596,2080,3366,4488,4758]
[0,4308,4758]
[0,804,4758]
[0,586,1596,2079,3366,4758]
[0,586,1595,2079,4758]
[0,3366,4758]
[0,3366,4308,4758]
[0,2080,3366,4758]
[0,969,4758]
[0,684,2079,4758]
[0,684,2079,4459,4758]
[0,2080,3742,4758]
[0,586,1596,2079,4758]
[0,969,2079,3366,4459,4758]
[0,586,2079,3357,4758]
[0,969,2080,4673,4758]
[0,586,969,1538,1921,2080,3742,4150,4758]
[0,1595,2079,3357,4758]
[0,586,969,1921,2080,3742,4150,4758]
[0,586,2080,3742,4758]
[0,586,969,1538,2080,3742,4150,4673,4758]
