[0,64,398,669,893,1343]
[0,669,893,1021,1343]
[0,398,669,893,1343]
[0,338,558,817,893,1264,1343]
[0,817,893,1264,1343]
[0,204,558,722,1021,1264,1343]
[0,64,204,669,893,1343]
[0,955,1264,1343]
[0,64,338,398,669,893,1343]
[0,338,398,669,893,1343]
[0,64,204,338,398,558,669,893,1021,1264,1343]
[0,558,669,817,893,1264,1343]
[0,204,338,558,669,817,893,1264,1343]
[0,64,1343]
[0,204,338,558,893,1343]
[0,204,338,558,669,893,1021,1343]
[0,669,1343]
[0,204,338,893,1343]
[0,64,558,669,893,1343]
[0,558,669,893,1343]
[0,64,558,669,893,1264,1343]
[0,722,1021,1343]
[0,64,204,558,669,893,1021,1264,1343]
[0,204,338,558,669,893,1343]
[0,558,817,893,1264,1343]
[0,722,1021,1264,1343]
[0,64,204,338,398,558,669,817,893,1264,1343]
[0,398,1343]
[0,558,893,1264,1343]
[0,893,1343]
[0,204,669,893,1343]
[0,558,1343]
[0,558,765,955,1343]
[0,338,398,1343]
[0,338,669,893,1343]
[0,204,338,893,1264,1343]
[0,64,558,722,1021,1264,1343]
[0,765,955,1343]
[0,64,204,338,558,669,893,1264,1343]
[0,338,398,893,1343]
[0,558,722,1021,1343]
[0,558,669,893,1264,1343]
[0,558,893,1343]
[0,64,204,558,669,893,1343]
[0,494,765,955,1264,1343]
[0,558,765,1343]
[0,204,558,669,893,1021,1264,1343]
[0,204,338,558,669,893,1264,1343]
[0,765,955,1264,1343]
[0,204,338,558,817,893,1264,1343]
[0,338,893,1264,1343]
[0,204,338,558,893,1264,1343]
[0,204,558,669,893,1343]
[0,1021,1264,1343]
[0,64,204,338,558,669,893,1021,1264,1343]
[0,893,1264,1343]
[0,204,722,1021,1343]
[0,204,669,893,1021,1343]
[0,64,204,338,398,669,893,1343]
[0,204,338,669,893,1021,1343]
[0,64,204,338,398,558,669,893,1264,1343]
[0,338,558,669,817,893,1264,1343]
[0,558,669,893,1021,1264,1343]
[0,338,558,669,893,1343]
[0,64,204,338,558,669,817,893,1021,1264,1343]
[0,204,558,669,893,1264,1343]
[0,955,1343]
[0,494,765,955,1343]
[0,1021,1343]
[0,558,669,893,1021,1343]
[0,64,204,338,558,669,817,893,1264,1343]
[0,338,558,893,1264,1343]
[0,494,955,1343]
[0,669,1021,1343]
[0,204,669,1021,1343]
[0,204,338,558,669,893,1021,1264,1343]
[0,64,669,893,1343]
[0,338,558,669,893,1264,1343]
[0,204,338,669,893,1343]
[0,64,204,338,558,669,893,1343]
[0,398,893,1343]
[0,64,893,1343]
[0,558,765,955,1264,1343]
[0,338,558,893,1343]
[0,204,558,722,1021,1343]
[0,669,893,1343]
[0,558,722,1021,1264,1343]
[0,64,204,338,398,558,669,893,1343]
[0,204,558,669,893,1021,1343]
[0,64,204,398,669,893,1343]
[0,204,398,669,893,1343]
[0,338,893,1343]
[0,494,1343]
[0,64,204,558,722,1021,1264,1343]
[0,64,204,558,669,893,1264,1343]
[0,817,893,1343]
[0,64,204,338,398,558,669,817,893,1021,1264,1343]
[0,204,338,558,669,817,893,1021,1264,1343]
