[0,115,317,385,557,664,844,1046]
[0,115,317,557,664,844,979,1046]
[0,317,844,1046]
[0,317,385,557,664,844,979,1046]
[0,47,561,1046]
[0,844,1046]
[0,385,844,1046]
[0,664,1046]
[0,115,317,385,492,557,664,844,979,1046]
[0,115,557,664,844,1046]
[0,559,864,1046]
[0,385,664,844,1046]
[0,115,557,844,1046]
[0,115,317,664,844,1046]
[0,557,664,857,979,1046]
[0,857,1046]
[0,317,385,492,557,664,844,979,1046]
[0,47,557,664,844,979,1046]
[0,557,979,1046]
[0,47,317,385,492,557,664,844,979,1046]
[0,317,385,557,664,844,1046]
[0,317,557,664,844,979,1046]
[0,557,664,1046]
[0,557,1046]
[0,317,557,664,844,1046]
[0,115,557,664,844,979,1046]
[0,47,561,864,1046]
[0,557,864,1046]
[0,47,317,385,492,557,664,710,844,979,1046]
[0,557,664,844,979,1046]
[0,115,317,557,664,844,1046]
[0,385,557,664,844,979,1046]
[0,557,664,864,1046]
[0,47,492,557,664,710,844,979,1046]
[0,317,1046]
[0,385,1046]
[0,115,557,1046]
[0,559,1046]
[0,664,844,1046]
[0,385,557,664,844,1046]
[0,47,492,557,664,844,979,1046]
[0,115,317,385,492,557,664,710,844,979,1046]
[0,47,385,492,557,664,844,979,1046]
[0,557,844,1046]
[0,115,317,492,557,664,844,979,1046]
[0,115,317,385,557,664,844,979,1046]
[0,47,557,979,1046]
[0,557,664,844,1046]
[0,317,664,844,1046]
[0,561,1046]
[0,557,664,857,1046]
[0,385,492,557,664,844,979,1046]
[0,664,857,1046]
[0,561,864,1046]
[0,492,557,664,844,979,1046]
