[0,101,351,441,700,756,888,997]
[0,687,756,830,997]
[0,101,551,613,700,756,997]
[0,551,613,700,756,826,997]
[0,101,700,888,997]
[0,101,613,756,888,997]
[0,101,441,756,888,997]
[0,551,687,756,826,997]
[0,888,997]
[0,700,826,997]
[0,351,441,687,830,997]
[0,441,997]
[0,551,687,756,830,997]
[0,551,613,687,756,826,997]
[0,351,441,700,756,997]
[0,551,613,687,756,830,997]
[0,551,687,830,997]
[0,351,441,687,756,830,997]
[0,101,551,687,756,826,997]
[0,101,687,830,997]
[0,826,997]
[0,700,830,997]
[0,687,826,997]
[0,101,551,687,826,997]
[0,687,997]
[0,613,756,888,997]
[0,700,756,826,997]
[0,687,830,997]
[0,441,700,756,997]
[0,101,551,613,700,756,826,997]
[0,351,687,830,997]
[0,441,687,830,997]
[0,551,700,888,997]
[0,101,441,756,997]
[0,101,351,441,756,997]
[0,551,700,826,997]
[0,441,756,997]
[0,310,997]
[0,551,613,700,826,997]
[0,700,888,997]
[0,101,551,700,888,997]
[0,441,756,888,997]
[0,551,826,997]
[0,101,351,441,756,888,997]
[0,101,351,441,687,756,830,997]
[0,101,551,700,826,997]
[0,351,441,756,997]
[0,551,687,826,997]
[0,613,756,997]
[0,101,551,613,756,997]
[0,351,997]
[0,756,997]
[0,551,997]
[0,101,551,613,687,756,826,997]
[0,101,551,613,700,826,997]
[0,551,700,997]
[0,687,888,997]
[0,351,830,997]
[0,441,830,997]
[0,101,551,613,756,888,997]
[0,551,700,756,826,997]
[0,830,997]
[0,101,551,613,700,756,888,997]
[0,101,551,613,687,756,830,997]
[0,700,997]
[0,101,351,687,830,997]
[0,101,551,687,756,830,997]
[0,441,687,756,830,997]
[0,101,351,441,687,830,997]
[0,101,551,687,830,997]
[0,551,613,756,997]
[0,551,613,700,756,997]
[0,101,997]
[0,551,756,997]
[0,700,756,997]
[0,551,700,756,997]
[0,310,700,997]
[0,687,756,826,997]
[0,101,613,756,997]
[0,101,351,441,700,756,997]
