[0,194,766,958,1046]
[0,194,512,619,766,958,1046]
[0,194,343,446,513,619,766,958,1046]
[0,118,619,766,1046]
[0,194,513,619,766,958,1046]
[0,239,446,766,1046]
[0,118,343,619,766,1046]
[0,239,1046]
[0,118,1046]
[0,343,446,513,619,766,958,1046]
[0,194,446,766,958,1046]
[0,343,766,1046]
[0,958,1046]
[0,513,619,1046]
[0,343,513,619,766,1046]
[0,194,619,766,1046]
[0,194,343,766,1046]
[0,118,513,619,766,958,1046]
[0,194,343,619,766,1046]
[0,512,619,766,958,1046]
[0,239,513,619,766,1046]
[0,118,766,1046]
[0,512,619,766,1046]
[0,239,446,766,958,1046]
[0,194,1046]
[0,343,619,766,1046]
[0,512,619,1046]
[0,513,1046]
[0,766,1046]
[0,194,343,513,619,766,958,1046]
[0,118,343,446,513,619,766,958,1046]
[0,239,446,513,619,766,958,1046]
[0,446,766,1046]
[0,239,766,958,1046]
[0,194,446,513,766,958,1046]
[0,343,513,619,766,958,1046]
[0,194,766,1046]
[0,239,619,766,958,1046]
[0,619,766,1046]
[0,619,766,958,1046]
[0,239,766,1046]
[0,446,958,1046]
[0,513,619,766,958,1046]
[0,239,513,619,766,958,1046]
[0,194,343,513,619,766,1046]
[0,194,513,619,766,1046]
[0,118,343,513,619,766,1046]
[0,513,619,766,1046]
[0,194,512,619,766,1046]
[0,343,1046]
[0,194,446,766,1046]
[0,118,513,619,766,1046]
[0,766,958,1046]
[0,239,619,766,1046]
[0,446,1046]
[0,343,958,1046]
[0,512,1046]
[0,118,343,513,619,766,958,1046]
