[0,825,916,1348,1427]
[0,123,796,916,1103,1427]
[0,123,796,1103,1427]
[0,437,825,916,1427]
[0,123,825,1155,1427]
[0,825,916,1103,1427]
[0,437,1427]
[0,437,676,825,916,1103,1427]
[0,123,437,676,825,916,979,1103,1348,1427]
[0,437,676,825,916,979,1103,1348,1427]
[0,437,618,825,916,1348,1427]
[0,437,676,825,916,979,1103,1427]
[0,437,796,1103,1427]
[0,437,618,825,916,1103,1348,1427]
[0,437,825,1103,1427]
[0,825,916,1427]
[0,123,437,618,825,1103,1427]
[0,437,618,825,1103,1427]
[0,437,825,916,1348,1427]
[0,437,676,825,916,1103,1348,1427]
[0,123,437,796,916,1103,1427]
[0,123,437,618,825,916,1103,1427]
[0,437,676,825,916,1427]
[0,437,618,825,916,1427]
[0,825,1103,1427]
[0,437,618,825,916,1103,1427]
[0,437,676,825,1103,1427]
[0,123,825,1103,1335,1427]
[0,123,825,1427]
[0,437,676,916,1427]
[0,123,437,676,825,916,1103,1335,1427]
[0,123,437,676,825,1103,1335,1427]
[0,123,437,676,825,1103,1427]
[0,1103,1427]
[0,335,1427]
[0,123,437,796,1103,1427]
[0,437,825,916,1103,1427]
[0,437,1103,1427]
[0,123,825,1103,1427]
[0,437,916,1427]
[0,123,437,618,825,916,1103,1348,1427]
[0,825,1155,1427]
[0,916,1427]
[0,123,437,676,825,916,1103,1348,1427]
[0,796,1103,1427]
[0,123,796,916,1103,1335,1427]
[0,825,916,979,1103,1427]
[0,123,1427]
[0,123,437,796,916,1103,1335,1427]
[0,825,1427]
[0,437,825,916,979,1103,1427]
[0,437,676,825,916,1348,1427]
[0,123,437,676,825,916,1103,1427]
[0,123,825,916,1103,1427]
[0,437,618,916,1427]
