[0,1433,1477,1860,1915,2956]
[0,1433,1915,2956]
[0,939,1433,1915,2956]
[0,549,939,1199,1434,1915,2956]
[0,1433,1860,1915,2956]
[0,479,549,1433,1915,2956]
[0,1199,1434,2956]
[0,939,1434,1915,2956]
[0,549,1434,2956]
[0,479,1199,1434,2956]
[0,1915,2956]
[0,549,939,1915,2956]
[0,479,549,1199,1434,1915,2956]
[0,549,939,1434,1915,2956]
[0,1433,2956]
[0,1199,1434,1915,2956]
[0,549,1433,1915,2956]
[0,479,549,939,1433,1915,2956]
[0,479,549,939,1199,1434,1915,2956]
[0,1860,1915,2956]
[0,479,549,1199,1434,2956]
[0,939,1199,1434,1915,2956]
[0,1199,1915,2956]
[0,939,1915,2956]
[0,479,1199,1434,1915,2956]
[0,479,1434,2956]
[0,549,1915,2956]
[0,479,1199,1915,2956]
[0,549,939,1433,1915,2956]
[0,1433,1477,2956]
[0,939,2956]
[0,1434,2956]
[0,939,1433,2956]
[0,479,2956]
[0,1433,1477,1915,2956]
