[0,294,1046]
[0,745,1046]
[0,538,745,1046]
[0,723,932,1046]
[0,308,398,538,745,883,932,1046]
[0,398,538,745,932,1046]
[0,308,497,723,932,1046]
[0,177,398,538,750,1046]
[0,398,497,723,932,1046]
[0,928,1046]
[0,308,607,723,932,1046]
[0,723,1046]
[0,308,398,538,750,928,1046]
[0,607,723,1046]
[0,538,750,928,1046]
[0,607,723,932,1046]
[0,932,1046]
[0,308,398,497,723,932,1046]
[0,308,398,607,723,883,932,1046]
[0,398,538,750,928,1046]
[0,398,538,750,1046]
[0,398,932,1046]
[0,308,398,750,928,1046]
[0,497,723,1046]
[0,229,497,723,932,1046]
[0,177,538,750,1046]
[0,229,497,723,1046]
[0,497,723,928,1046]
[0,308,398,1046]
[0,308,745,932,1046]
[0,308,723,932,1046]
[0,308,750,1046]
[0,745,932,1046]
[0,229,398,497,723,932,1046]
[0,398,538,745,1046]
[0,497,723,932,1046]
[0,308,398,538,745,932,1046]
[0,308,398,932,1046]
[0,308,723,1046]
[0,308,745,1046]
[0,308,1046]
[0,308,932,1046]
[0,750,928,1046]
[0,177,398,538,750,928,1046]
[0,750,1046]
[0,308,398,745,932,1046]
[0,308,607,723,1046]
[0,308,398,723,932,1046]
[0,308,398,607,723,932,1046]
[0,538,750,1046]
[0,308,750,928,1046]
[0,723,928,1046]
[0,538,745,932,1046]
[0,229,723,1046]
[0,398,1046]
[0,308,497,723,1046]
