[0,1081,1727,2211]
[0,366,816,1294,1727,2025,2211]
[0,816,1081,1540,2211]
[0,1727,2211]
[0,1294,2050,2211]
[0,837,1081,1727,2211]
[0,816,1081,2211]
[0,366,576,734,816,1083,1543,1727,2025,2211]
[0,366,576,816,1083,2025,2211]
[0,672,1727,2211]
[0,734,2211]
[0,1081,2050,2211]
[0,554,672,837,1081,1540,1727,2050,2211]
[0,837,1081,1540,1727,2211]
[0,1083,1543,2211]
[0,2050,2211]
[0,837,1081,1540,1727,2050,2211]
[0,816,1294,2211]
[0,816,1294,2025,2211]
[0,366,816,1083,1543,2211]
[0,707,1083,1540,1727,2050,2211]
[0,366,816,1083,2025,2211]
[0,816,1081,1540,1727,2050,2211]
[0,707,1083,2211]
[0,707,2211]
[0,837,1081,1540,2050,2211]
[0,672,2211]
[0,837,1081,2050,2211]
[0,1083,1727,2211]
[0,707,1083,1727,2211]
[0,2025,2211]
[0,672,837,1081,1540,1727,2050,2211]
[0,816,1083,2025,2211]
[0,816,1081,1540,1727,2211]
[0,366,576,816,1083,1543,2025,2211]
[0,672,837,1081,1540,1727,2211]
[0,146,366,576,734,816,1083,1543,1727,2025,2211]
[0,707,1083,1540,1727,2211]
[0,816,1294,1727,2211]
[0,366,576,816,1083,2211]
[0,816,2211]
[0,565,707,1083,1540,1727,2050,2211]
[0,734,1294,2211]
[0,707,1083,2050,2211]
[0,734,1294,2025,2211]
[0,366,816,1294,1727,2211]
[0,1081,1540,2211]
[0,816,1081,1727,2211]
[0,837,1081,1540,2211]
[0,366,576,816,1083,1543,1727,2025,2211]
[0,816,1083,2211]
[0,366,576,816,1083,1543,2211]
[0,816,1081,2050,2211]
[0,366,1083,1543,2211]
[0,1294,2025,2211]
[0,837,1081,2211]
[0,366,2211]
[0,366,1083,2211]
[0,1081,2211]
[0,816,1540,2211]
[0,366,816,1294,2025,2211]
[0,707,1083,1540,2211]
[0,1083,2211]
[0,366,816,1083,2211]
[0,1294,2211]
[0,366,816,1294,2211]
[0,816,1081,1540,2050,2211]
[0,146,366,576,816,1083,1543,1727,2025,2211]
[0,707,1540,2211]
[0,707,1083,1540,2050,2211]
[0,1083,2050,2211]
