[0,843,965,1217,1343]
[0,115,965,1343]
[0,115,290,1103,1343]
[0,290,411,843,1103,1343]
[0,290,871,1217,1343]
[0,115,290,411,843,1103,1343]
[0,115,871,1217,1343]
[0,1103,1343]
[0,411,965,1343]
[0,290,411,1103,1343]
[0,290,1103,1343]
[0,813,965,1217,1343]
[0,411,843,1103,1343]
[0,411,843,965,1103,1343]
[0,115,290,411,843,1103,1217,1343]
[0,115,290,411,965,1217,1343]
[0,1217,1343]
[0,115,290,411,843,965,1103,1343]
[0,843,1343]
[0,115,290,411,843,965,1217,1343]
[0,290,1343]
[0,965,1103,1343]
[0,843,1103,1343]
[0,411,843,1343]
[0,411,1343]
[0,411,843,965,1217,1343]
[0,871,1217,1343]
[0,290,965,1103,1343]
[0,965,1217,1343]
[0,290,813,965,1217,1343]
[0,115,290,965,1103,1343]
[0,290,1217,1343]
[0,871,1343]
[0,115,290,965,1217,1343]
[0,813,965,1343]
[0,411,965,1217,1343]
[0,290,871,1343]
[0,115,290,411,843,965,1103,1217,1343]
[0,290,411,843,965,1103,1343]
[0,115,290,965,1103,1217,1343]
[0,115,290,965,1343]
[0,290,411,965,1343]
[0,290,411,843,965,1217,1343]
[0,115,290,813,965,1217,1343]
[0,115,290,411,965,1343]
[0,965,1343]
[0,290,965,1343]
[0,290,965,1217,1343]
[0,115,290,871,1217,1343]
[0,290,813,965,1343]
[0,290,411,965,1217,1343]
