[0,637,834,1136,1384,2019]
[0,1311,2019]
[0,68,637,834,1136,1384,2019]
[0,1311,1654,1854,2019]
[0,382,637,834,1654,2019]
[0,382,637,1384,1496,1654,2019]
[0,834,1978,2019]
[0,167,1854,2019]
[0,637,1136,1311,1654,1854,2019]
[0,1384,1496,1654,1854,1978,2019]
[0,637,1311,1496,1654,2019]
[0,68,477,637,834,1654,2019]
[0,637,1136,1632,2019]
[0,477,637,1136,1311,1496,1654,1854,2019]
[0,68,382,637,834,1136,1384,1496,1654,2019]
[0,1496,1654,2019]
[0,637,2019]
[0,382,637,1384,2019]
[0,637,1632,2019]
[0,1311,1496,2019]
[0,752,1692,2019]
[0,382,637,1136,1384,2019]
[0,477,637,834,1136,1654,1854,2019]
[0,382,637,834,1136,1654,1854,2019]
[0,637,834,1136,1654,1854,2019]
[0,637,834,1136,1311,1654,1854,2019]
[0,382,637,1496,1654,2019]
[0,68,633,834,1136,1654,2019]
[0,477,637,834,1136,1654,2019]
[0,637,834,1384,2019]
[0,477,637,834,1654,2019]
[0,1311,1654,2019]
[0,1136,1654,2019]
[0,637,834,1311,1496,2019]
[0,697,1136,2019]
[0,1311,1496,1654,1854,2019]
[0,637,1136,2019]
[0,68,382,637,834,1136,1384,2019]
[0,633,834,1136,1654,2019]
[0,382,637,834,1384,1496,1654,1854,2019]
[0,167,697,2019]
[0,382,637,834,1136,1384,1496,1654,2019]
[0,477,637,834,1136,1311,1496,1654,1854,1978,2019]
[0,382,637,834,1384,2019]
[0,382,637,1136,1654,2019]
[0,167,2019]
[0,68,633,834,1654,2019]
[0,68,382,637,834,1136,1384,1496,1654,1854,1978,2019]
[0,68,382,637,834,1384,1496,1654,2019]
[0,68,382,637,1384,1496,1654,1854,2019]
[0,382,637,2019]
[0,68,477,637,834,1136,1311,1496,1654,1854,1978,2019]
[0,1384,1496,1654,1854,2019]
[0,68,1136,1654,2019]
[0,752,2019]
[0,637,1384,1496,1654,1854,2019]
[0,1496,2019]
[0,697,1245,2019]
[0,637,1311,1654,2019]
[0,637,1136,1654,2019]
[0,633,2019]
[0,477,637,834,2019]
[0,382,637,834,2019]
[0,637,1311,2019]
[0,477,637,1136,1311,1496,1654,1854,1978,2019]
[0,477,637,834,1136,1311,1496,1654,2019]
[0,477,637,1311,1496,1654,2019]
[0,1654,2019]
[0,68,637,834,1136,1632,2019]
[0,68,637,2019]
[0,637,1245,1854,2019]
[0,1136,1978,2019]
[0,68,637,1384,1496,1654,1854,2019]
[0,477,637,1136,1311,1496,1654,2019]
[0,1854,2019]
[0,382,637,834,1384,1496,1654,2019]
[0,637,1311,1654,1854,2019]
[0,68,477,637,834,1136,1311,1496,1654,1854,2019]
[0,633,1654,2019]
[0,1384,1496,1654,2019]
[0,637,834,1654,1854,2019]
[0,477,637,1311,1496,2019]
[0,477,637,834,1136,1311,1654,1854,2019]
[0,477,637,1311,1654,1854,2019]
[0,68,477,637,834,1136,1311,1496,1654,2019]
[0,68,637,834,1632,2019]
[0,382,637,834,1654,1854,2019]
[0,637,1136,1384,2019]
[0,477,637,834,1654,1854,2019]
[0,68,1978,2019]
[0,637,834,1136,1311,1496,2019]
[0,637,1496,1654,2019]
[0,68,382,637,1384,1496,1654,1854,1978,2019]
[0,637,1384,2019]
[0,637,1311,1496,1654,1854,2019]
[0,1978,2019]
[0,68,637,1384,1496,1654,2019]
[0,633,834,1654,2019]
[0,633,834,2019]
[0,697,2019]
[0,68,633,2019]
[0,637,1245,2019]
[0,68,633,834,2019]
[0,68,633,834,1136,1654,1978,2019]
[0,68,637,834,1136,1384,1978,2019]
[0,637,1654,2019]
[0,167,697,1136,1632,1978,2019]
[0,68,1136,1654,1978,2019]
[0,637,1654,1854,2019]
[0,477,637,1311,2019]
[0,68,637,1384,1496,1654,1854,1978,2019]
[0,382,637,834,1496,1654,1854,2019]
[0,68,382,637,834,1136,1384,1978,2019]
[0,167,697,1245,1854,2019]
[0,637,1854,2019]
[0,1136,1632,2019]
[0,68,637,834,1654,2019]
[0,382,637,1654,1854,2019]
[0,68,637,834,1136,1654,1978,2019]
[0,477,637,834,1136,1311,1496,2019]
[0,834,2019]
[0,633,1136,1654,2019]
[0,382,637,834,1136,1496,1654,2019]
[0,637,1384,1496,1654,1854,1978,2019]
[0,477,637,2019]
[0,477,637,1136,1311,1654,1854,2019]
[0,1654,1854,2019]
[0,68,1136,1978,2019]
[0,637,834,1632,2019]
[0,637,834,1136,1311,1654,2019]
[0,637,1496,1654,1854,2019]
[0,68,2019]
[0,382,637,834,1136,1384,2019]
[0,68,637,834,2019]
[0,633,1136,2019]
[0,382,637,1384,1496,1654,1854,2019]
[0,637,1384,1496,1654,2019]
[0,167,1136,1632,2019]
[0,382,637,834,1496,1654,2019]
[0,68,477,637,834,1136,1654,2019]
[0,637,834,1136,1311,2019]
[0,477,637,1654,1854,2019]
[0,68,382,637,1384,1496,1654,2019]
[0,68,382,637,834,1384,1496,1654,1854,2019]
[0,382,637,834,1136,1384,1496,1654,1854,2019]
[0,1632,2019]
[0,167,697,1245,2019]
[0,167,697,1136,1632,2019]
[0,637,834,1136,1654,2019]
[0,68,637,834,1384,2019]
[0,68,637,834,1136,1654,2019]
[0,382,637,834,1136,1496,1654,1854,2019]
[0,382,637,834,1136,1654,2019]
[0,68,1136,2019]
[0,68,477,637,834,2019]
[0,68,637,1632,2019]
[0,68,382,637,834,1136,1384,1496,1654,1854,2019]
[0,637,834,1136,1632,2019]
[0,477,637,834,1136,1311,1496,1654,1854,2019]
[0,1136,2019]
[0,382,637,1496,1654,1854,2019]
[0,1311,1496,1654,2019]
[0,382,637,1654,2019]
[0,477,637,1311,1496,1654,1854,2019]
[0,68,477,637,834,1136,1654,1978,2019]
[0,167,697,1854,2019]
[0,477,637,1311,1496,1654,1854,1978,2019]
[0,637,1136,1311,1496,2019]
[0,637,834,1311,2019]
[0,68,382,637,834,1384,2019]
[0,637,834,1654,2019]
[0,637,1311,1496,2019]
[0,477,637,1136,1311,1496,2019]
[0,637,1136,1311,2019]
[0,637,1136,1311,1654,2019]
[0,637,834,2019]
[0,68,382,637,834,1384,1496,1654,1854,1978,2019]
[0,68,382,637,834,2019]
[0,697,1136,1632,2019]
[0,1496,1654,1854,2019]
