[0,240,389,693,1261,1465,1510,1651]
[0,697,1057,1651]
[0,240,1375,1571,1651]
[0,693,1084,1651]
[0,240,1465,1509,1651]
[0,972,1261,1651]
[0,240,389,693,1465,1510,1651]
[0,240,972,1261,1651]
[0,240,697,1509,1651]
[0,240,972,1261,1509,1651]
[0,240,1375,1509,1651]
[0,240,693,1375,1571,1651]
[0,240,693,1375,1651]
[0,240,389,693,1084,1261,1465,1510,1651]
[0,805,1379,1651]
[0,1261,1651]
[0,240,693,1379,1651]
[0,240,389,972,1261,1465,1509,1651]
[0,693,1651]
[0,240,1261,1509,1651]
[0,240,693,1084,1261,1651]
[0,240,389,972,1261,1651]
[0,693,1261,1651]
[0,240,389,693,1261,1510,1651]
[0,240,389,693,1379,1651]
[0,240,972,1379,1571,1651]
[0,240,697,1057,1651]
[0,240,389,805,1379,1571,1651]
[0,972,1379,1651]
[0,805,1651]
[0,972,1651]
[0,240,693,1379,1571,1651]
[0,240,389,693,1084,1261,1510,1651]
[0,240,1571,1651]
[0,240,805,1651]
[0,240,389,693,1379,1571,1651]
[0,240,697,1651]
[0,240,972,1465,1509,1651]
[0,693,1375,1651]
[0,1379,1651]
[0,240,389,693,1375,1571,1651]
[0,240,389,693,973,1084,1379,1651]
[0,240,1379,1651]
[0,240,805,1509,1651]
[0,240,693,1084,1379,1651]
[0,240,972,1651]
[0,240,389,972,1379,1651]
[0,344,1651]
[0,240,805,1379,1651]
[0,240,805,1379,1571,1651]
[0,240,389,693,973,1084,1379,1571,1651]
[0,240,389,693,1084,1261,1651]
[0,240,1379,1509,1651]
[0,240,693,1261,1651]
[0,240,389,693,1375,1509,1651]
[0,240,1651]
[0,240,389,693,1261,1651]
[0,240,972,1261,1465,1509,1651]
[0,240,389,693,1375,1651]
[0,240,389,693,1084,1379,1571,1651]
[0,240,389,972,1261,1509,1651]
[0,240,693,1465,1651]
[0,240,972,1465,1651]
[0,240,1261,1651]
[0,240,389,693,1084,1379,1651]
[0,240,389,693,1465,1651]
[0,240,693,1375,1509,1651]
[0,240,693,1651]
[0,240,389,805,1379,1651]
[0,240,697,1057,1509,1651]
[0,240,972,1379,1651]
[0,1375,1651]
[0,697,1651]
[0,240,1375,1651]
[0,240,389,972,1379,1509,1651]
[0,240,972,1379,1509,1651]
[0,240,1379,1571,1651]
[0,693,1379,1651]
[0,240,1509,1651]
[0,693,1084,1379,1651]
[0,240,389,693,1651]
