[0,142,386,508,711,911,1180]
[0,120,183,386,486,680,822,968,1068,1180]
[0,508,711,911,1068,1180]
[0,142,386,508,711,911,1068,1180]
[0,120,486,680,990,1180]
[0,120,183,486,711,911,990,1180]
[0,120,183,386,486,711,911,990,1068,1180]
[0,386,711,1180]
[0,120,386,711,1180]
[0,142,432,911,1068,1180]
[0,486,711,911,1180]
[0,486,911,1180]
[0,120,386,911,1180]
[0,486,711,849,1068,1180]
[0,508,711,1068,1180]
[0,120,386,486,680,822,911,990,1068,1180]
[0,486,849,1180]
[0,120,486,680,822,968,1068,1180]
[0,142,1180]
[0,386,1180]
[0,120,386,486,551,680,822,911,990,1180]
[0,432,597,911,1180]
[0,120,386,486,680,822,911,990,1180]
[0,142,508,680,822,968,1180]
[0,120,386,911,1068,1180]
[0,120,183,386,486,711,849,911,990,1068,1180]
[0,120,183,486,711,849,1068,1180]
[0,120,486,711,911,990,1180]
[0,486,822,1180]
[0,120,386,486,680,822,968,1068,1180]
[0,142,432,597,911,1068,1180]
[0,486,680,990,1180]
[0,142,386,486,551,680,822,968,1068,1180]
[0,486,849,1068,1180]
[0,508,822,1180]
[0,386,711,1068,1180]
[0,120,183,386,486,551,680,822,911,990,1180]
[0,120,486,711,990,1180]
[0,486,711,911,990,1180]
[0,486,711,1068,1180]
[0,142,508,822,968,1180]
[0,120,183,486,680,911,990,1180]
[0,486,680,822,968,1180]
[0,911,1180]
[0,386,911,1068,1180]
[0,120,486,680,822,990,1180]
[0,142,486,711,1180]
[0,486,822,990,1180]
[0,120,486,711,1180]
[0,142,508,711,911,1068,1180]
[0,120,386,486,680,911,990,1180]
[0,120,386,1180]
[0,120,386,486,711,990,1180]
[0,142,486,680,822,968,1068,1180]
[0,508,711,1180]
[0,120,486,711,849,1180]
[0,120,486,711,911,1068,1180]
[0,120,183,386,486,711,849,911,990,1180]
[0,120,386,486,711,849,1068,1180]
[0,120,486,680,1180]
[0,120,486,711,849,1068,1180]
[0,120,183,386,486,551,680,822,911,990,1068,1180]
[0,120,386,486,551,680,822,911,990,1068,1180]
[0,142,911,1068,1180]
[0,142,486,680,822,968,1180]
[0,142,386,508,680,822,968,1068,1180]
[0,486,680,1180]
[0,120,183,386,486,680,822,968,1180]
[0,120,183,386,486,711,911,990,1180]
[0,142,508,711,911,1180]
[0,142,432,911,1180]
[0,486,711,990,1180]
[0,486,711,911,1068,1180]
[0,386,911,1180]
[0,120,386,486,551,680,822,968,1068,1180]
[0,120,183,486,680,822,968,1180]
[0,432,1180]
[0,486,711,849,1180]
[0,142,386,486,680,822,968,1068,1180]
[0,120,486,680,911,990,1180]
[0,432,911,1180]
[0,486,680,911,990,1180]
[0,120,386,486,711,911,990,1180]
[0,120,386,711,1068,1180]
[0,486,911,990,1180]
[0,508,822,968,1180]
[0,120,386,486,711,911,990,1068,1180]
[0,508,680,822,968,1180]
[0,142,386,508,680,822,968,1180]
[0,486,680,822,990,1180]
[0,508,711,911,1180]
[0,120,486,680,822,911,990,1180]
[0,486,822,968,1180]
[0,432,939,1180]
[0,142,486,1180]
[0,120,386,486,680,990,1180]
[0,120,183,386,486,680,911,990,1180]
[0,120,183,386,486,551,680,822,968,1068,1180]
[0,120,486,711,911,1180]
[0,142,386,508,711,1180]
[0,486,1180]
[0,508,1180]
[0,142,508,711,1180]
[0,142,911,1180]
[0,120,183,386,486,680,822,911,990,1180]
[0,120,183,386,486,711,849,1068,1180]
[0,120,486,680,822,968,1180]
[0,142,432,597,911,1180]
[0,120,386,486,680,822,968,1180]
[0,120,386,486,680,822,990,1180]
[0,486,711,1180]
[0,120,386,486,711,911,1068,1180]
