[0,816,1481,2020]
[0,261,946,1379,2020]
[0,261,946,1455,1678,2020]
[0,946,1455,2020]
[0,261,484,744,946,1455,2020]
[0,744,946,1481,1678,2020]
[0,744,946,1379,1678,2020]
[0,261,484,744,946,1481,2020]
[0,261,484,744,946,1379,1678,2020]
[0,909,2020]
[0,946,1481,2020]
[0,484,744,946,1481,2020]
[0,261,484,946,1379,1678,2020]
[0,744,946,1481,2020]
[0,1481,2020]
[0,909,1379,1678,2020]
[0,261,484,744,946,1455,1678,2020]
[0,261,946,1455,2020]
[0,261,484,946,1455,1678,2020]
[0,484,2020]
[0,946,2020]
[0,261,484,946,1455,2020]
[0,946,1379,1678,2020]
[0,261,909,1379,1678,2020]
[0,261,909,1481,2020]
[0,261,484,744,946,1481,1678,2020]
[0,484,946,1481,2020]
[0,484,744,946,1481,1678,2020]
[0,816,2020]
[0,484,744,2020]
[0,484,744,946,2020]
[0,744,946,2020]
[0,261,484,744,946,1379,2020]
[0,261,946,1481,2020]
[0,909,1481,2020]
[0,946,1455,1678,2020]
[0,261,484,946,1481,2020]
[0,261,909,2020]
[0,261,2020]
[0,261,484,744,2020]
[0,946,1379,2020]
[0,261,484,946,1379,2020]
[0,261,946,1379,1678,2020]
[0,261,909,1379,2020]
[0,744,946,1379,2020]
[0,261,484,744,946,2020]
[0,261,484,2020]
[0,909,1379,2020]
[0,261,946,2020]
