[0,174,550,686,894,1217,1484,1704,1952,2189]
[0,686,869,1217,1504,1704,1952,2189]
[0,550,1217,2189]
[0,686,869,1217,2189]
[0,174,550,940,1198,1484,1952,2189]
[0,869,1217,1504,1704,1952,2189]
[0,869,1217,2189]
[0,174,550,686,894,1013,1217,1484,1704,1952,2128,2189]
[0,686,869,1217,1704,1952,2128,2189]
[0,869,1217,1952,2189]
[0,550,1375,2189]
[0,174,550,686,894,1013,1217,1484,1952,2189]
[0,550,869,1217,2189]
[0,550,940,1484,2189]
[0,686,894,1217,1952,2189]
[0,174,686,869,1217,1504,1704,1952,2189]
[0,174,550,686,894,1217,1484,1952,2189]
[0,869,1217,1704,1952,2189]
[0,174,686,869,1217,1704,1952,2128,2189]
[0,550,1013,2189]
[0,174,550,686,869,1013,1217,1504,1704,1952,2189]
[0,550,869,1217,1704,1952,2189]
[0,686,894,1217,1484,1952,2189]
[0,550,940,1217,2189]
[0,550,1484,1952,2189]
[0,174,686,869,1217,1704,1952,2189]
[0,174,550,940,1217,1952,2189]
[0,550,1504,2189]
[0,686,869,1217,1952,2128,2189]
[0,1484,2189]
[0,550,1704,2189]
[0,963,1375,2189]
[0,869,1217,1704,2189]
[0,174,686,869,1013,1217,1704,1952,2128,2189]
[0,686,894,1217,2189]
[0,550,1013,1642,2189]
[0,550,1217,1704,2189]
[0,174,550,686,869,1013,1217,1704,1952,2189]
[0,686,869,1217,1952,2189]
[0,174,686,894,1013,1217,1484,1952,2128,2189]
[0,550,940,1217,1952,2189]
[0,550,869,1504,2189]
[0,1217,2189]
[0,550,2189]
[0,1484,1952,2189]
[0,894,1217,2189]
[0,1217,1704,2189]
[0,550,869,2189]
[0,174,686,894,1217,1484,1704,1952,2189]
[0,550,940,1198,2189]
[0,174,550,963,1375,2189]
[0,174,686,869,1013,1217,1704,1952,2189]
[0,1375,2189]
[0,174,686,894,1217,1484,1952,2128,2189]
[0,686,869,1217,1704,1952,2189]
[0,174,550,686,894,1013,1217,1484,1952,2128,2189]
[0,174,550,869,1217,1704,1952,2189]
[0,550,963,1375,2189]
[0,174,550,869,1504,2189]
[0,174,686,894,1217,1484,1952,2189]
[0,550,869,1217,1704,2189]
[0,550,940,1198,1484,2189]
[0,174,550,686,894,1013,1217,1484,1704,1952,2189]
[0,651,1504,2189]
[0,550,940,1484,1952,2189]
[0,550,869,1217,1952,2189]
[0,550,940,1198,1484,1704,1952,2189]
[0,894,1217,1484,2189]
[0,550,1198,2189]
[0,550,940,1198,1484,1952,2189]
[0,174,550,963,1375,1759,2189]
[0,686,894,1217,1484,1952,2128,2189]
[0,174,686,869,1013,1217,1504,1704,1952,2189]
[0,1504,2189]
[0,1198,2189]
[0,894,1217,1484,1952,2189]
[0,550,1484,2189]
[0,174,550,940,1198,1484,1704,1952,2189]
[0,686,894,1217,1484,1704,1952,2189]
[0,550,963,1375,1759,2189]
[0,894,1217,1952,2189]
[0,894,1217,1484,1704,1952,2189]
[0,686,894,1217,1952,2128,2189]
[0,550,1642,2189]
[0,174,686,894,1013,1217,1484,1952,2189]
