[0,2182,3353]
[0,2052,3353]
[0,784,2182,2964,3353]
[0,1637,2182,3353]
[0,3005,3353]
[0,973,1496,1657,2182,2964,3353]
[0,1553,2269,3353]
[0,1496,2182,3353]
[0,1637,2182,3005,3353]
[0,593,784,2182,2964,3353]
[0,1140,2182,3353]
[0,1553,2182,3005,3353]
[0,2182,3005,3353]
[0,127,1140,2182,2568,3005,3353]
[0,973,1496,2182,3353]
[0,2182,2568,3005,3353]
[0,1553,2269,3005,3353]
[0,784,2182,3353]
[0,1553,1657,2182,2964,3353]
[0,1140,2182,2568,3353]
[0,784,2182,3005,3353]
[0,768,2182,3353]
[0,2052,2964,3353]
[0,1496,2182,2964,3353]
[0,784,2182,2568,3005,3353]
[0,593,784,2182,3005,3353]
[0,623,3353]
[0,623,768,2182,2964,3353]
[0,1496,1657,2182,2964,3353]
[0,1637,2182,2568,3353]
[0,1553,2182,2568,3005,3353]
[0,2269,3353]
[0,973,1496,2182,2964,3353]
[0,623,2568,3353]
[0,1553,2182,3353]
[0,1637,2182,2568,3005,3353]
[0,2964,3353]
[0,2568,3353]
[0,1553,2182,2568,3353]
[0,768,2182,2964,3353]
[0,1553,2182,2964,3353]
[0,1140,2182,2568,3005,3353]
[0,593,1553,2269,3005,3353]
[0,593,1553,2269,3353]
[0,593,784,2182,2568,3005,3353]
[0,2182,2568,3353]
[0,2269,3005,3353]
[0,2182,2964,3353]
[0,784,2182,2568,3353]
