[0,322,450,826,979,1066,1180]
[0,741,1180]
[0,322,450,1066,1180]
[0,826,978,1180]
[0,826,1066,1180]
[0,450,826,979,1066,1180]
[0,348,444,582,980,1066,1115,1180]
[0,348,444,980,1066,1180]
[0,348,444,1180]
[0,444,980,1066,1180]
[0,348,444,582,1031,1180]
[0,348,444,1066,1180]
[0,450,602,980,1070,1180]
[0,450,741,1180]
[0,444,741,1180]
[0,450,602,1180]
[0,348,444,1031,1180]
[0,1031,1180]
[0,602,980,1070,1180]
[0,430,1180]
[0,348,444,582,1066,1180]
[0,348,444,1024,1180]
[0,450,1066,1180]
[0,444,1031,1180]
[0,444,582,1031,1180]
[0,978,1180]
[0,348,444,582,789,1031,1115,1180]
[0,444,789,1031,1180]
[0,322,1180]
[0,1066,1180]
[0,322,450,602,980,1070,1180]
[0,444,1024,1180]
[0,348,444,582,980,1031,1115,1180]
[0,450,826,978,1131,1180]
[0,430,1007,1180]
[0,322,450,1180]
[0,444,582,1066,1180]
[0,450,826,1180]
[0,322,450,826,1066,1180]
[0,980,1031,1180]
[0,450,1070,1180]
[0,348,444,1031,1115,1180]
[0,450,826,978,1024,1131,1180]
[0,979,1066,1180]
[0,322,450,741,1180]
[0,826,978,1024,1131,1180]
[0,322,450,602,1180]
[0,741,1115,1180]
[0,348,444,741,1180]
[0,348,444,582,980,1031,1180]
[0,322,450,826,978,1024,1131,1180]
[0,980,1070,1180]
[0,348,444,582,741,789,1031,1115,1180]
[0,322,450,602,1070,1180]
[0,444,1180]
[0,978,1131,1180]
[0,444,980,1031,1180]
[0,348,444,582,789,1031,1180]
[0,602,1070,1180]
[0,826,978,1131,1180]
[0,444,582,789,1031,1180]
[0,322,450,826,1180]
[0,602,1180]
[0,348,444,582,1031,1115,1180]
[0,1007,1180]
[0,322,450,602,741,826,1180]
[0,322,450,826,978,1131,1180]
[0,322,450,1070,1180]
[0,450,1180]
[0,450,826,978,1180]
[0,348,444,582,1024,1180]
[0,978,1024,1131,1180]
[0,450,826,1066,1180]
[0,582,1180]
[0,444,789,1180]
[0,826,1180]
[0,444,582,1180]
[0,444,1066,1180]
[0,1024,1180]
[0,450,826,979,1066,1131,1180]
[0,444,582,1024,1180]
[0,322,450,826,978,1180]
[0,1070,1180]
[0,450,602,826,1180]
[0,980,1066,1180]
[0,348,444,980,1066,1115,1180]
[0,978,1024,1180]
[0,826,979,1066,1180]
[0,450,602,1070,1180]
[0,1131,1180]
[0,826,979,1066,1131,1180]
[0,322,450,602,826,1180]
[0,322,450,826,979,1066,1131,1180]
[0,348,444,980,1031,1180]
[0,348,444,582,980,1066,1180]
