[0,66,192,312,485,542,774,938,1046]
[0,66,192,312,474,542,720,938,1046]
[0,774,1046]
[0,192,312,378,474,542,720,938,1046]
[0,485,774,1046]
[0,192,312,378,485,720,938,1046]
[0,192,312,485,938,1046]
[0,175,312,485,1046]
[0,474,1046]
[0,192,312,485,1046]
[0,192,312,485,720,1046]
[0,192,312,474,1046]
[0,192,312,474,720,938,1046]
[0,192,312,485,774,938,1046]
[0,192,720,1046]
[0,378,720,1046]
[0,66,192,312,485,542,720,938,1046]
[0,485,1046]
[0,312,474,720,1046]
[0,192,1046]
[0,66,192,312,485,720,938,1046]
[0,720,1046]
[0,192,312,720,1046]
[0,192,312,474,542,720,938,1046]
[0,312,485,720,1046]
[0,192,312,378,720,938,1046]
[0,192,720,938,1046]
[0,378,720,938,1046]
[0,66,192,312,378,485,542,720,938,1046]
[0,66,192,312,378,474,542,720,938,1046]
[0,66,192,312,378,720,938,1046]
[0,312,485,1046]
[0,192,312,485,720,938,1046]
[0,485,720,1046]
[0,312,474,1046]
[0,312,378,720,938,1046]
[0,474,720,1046]
[0,192,312,485,774,1046]
[0,242,774,1046]
[0,66,192,312,485,774,938,1046]
[0,378,1046]
[0,192,774,1046]
[0,66,192,312,378,485,720,938,1046]
[0,66,192,312,474,1046]
[0,66,192,312,474,720,938,1046]
[0,192,312,474,720,1046]
[0,192,312,474,938,1046]
[0,720,938,1046]
[0,66,192,312,485,938,1046]
[0,66,192,312,474,938,1046]
[0,66,192,312,485,1046]
[0,192,312,720,938,1046]
[0,312,485,774,1046]
[0,192,312,774,1046]
