[0,477,757,973,1419]
[0,423,757,1062,1283,1419]
[0,477,534,757,1062,1283,1419]
[0,349,477,757,1062,1283,1419]
[0,477,534,757,973,1419]
[0,349,423,477,534,617,757,973,1062,1283,1419]
[0,477,757,973,1062,1419]
[0,477,534,757,1419]
[0,423,534,757,1283,1419]
[0,423,757,973,1062,1419]
[0,477,757,1283,1419]
[0,477,617,757,973,1062,1283,1419]
[0,349,477,534,757,973,1062,1283,1419]
[0,491,757,1419]
[0,477,757,1062,1283,1419]
[0,477,534,757,1283,1419]
[0,423,757,973,1419]
[0,423,757,1419]
[0,423,757,1283,1419]
[0,477,757,973,1062,1283,1419]
[0,477,534,1419]
[0,757,1419]
[0,477,617,757,1062,1419]
[0,477,757,1062,1419]
[0,477,534,617,757,973,1062,1283,1419]
[0,423,757,973,1062,1283,1419]
[0,349,477,757,973,1062,1283,1419]
[0,477,534,757,973,1062,1419]
[0,349,423,477,534,757,973,1062,1283,1419]
[0,534,1419]
[0,757,1062,1419]
[0,423,534,757,1062,1283,1419]
[0,423,534,757,1419]
[0,423,757,1062,1419]
[0,423,534,757,973,1062,1283,1419]
[0,349,477,617,757,973,1062,1283,1419]
[0,477,534,757,973,1062,1283,1419]
[0,1062,1419]
[0,534,1062,1419]
[0,349,477,617,757,1062,1283,1419]
[0,491,757,1283,1419]
[0,349,477,534,617,757,973,1062,1283,1419]
[0,477,617,757,1062,1283,1419]
[0,477,757,1419]
