[0,137,460,612,794,1180]
[0,137,460,612,816,1180]
[0,137,434,1180]
[0,137,612,1041,1180]
[0,137,612,1180]
[0,137,460,612,972,1041,1180]
[0,82,137,414,460,612,794,1180]
[0,612,941,1180]
[0,460,612,1041,1180]
[0,82,137,612,794,1041,1180]
[0,82,137,286,972,1041,1180]
[0,137,612,972,1041,1180]
[0,137,1041,1180]
[0,137,414,612,1180]
[0,82,137,460,612,683,816,1180]
[0,286,612,1180]
[0,286,612,1041,1180]
[0,286,1041,1180]
[0,137,414,612,1041,1180]
[0,82,137,414,460,612,794,1041,1180]
[0,82,137,414,460,612,683,816,1180]
[0,82,137,612,1180]
[0,137,1180]
[0,82,286,612,972,1041,1180]
[0,137,460,612,683,1041,1180]
[0,414,612,1180]
[0,414,1041,1180]
[0,82,286,972,1041,1180]
[0,82,137,612,683,816,1180]
[0,460,612,794,1041,1180]
[0,82,137,286,612,972,1041,1180]
[0,137,460,612,1041,1180]
[0,137,612,683,1180]
[0,82,137,612,794,1180]
[0,82,137,612,683,941,1180]
[0,82,137,414,460,612,1041,1180]
[0,612,794,1180]
[0,612,816,1180]
[0,82,137,460,612,794,1180]
[0,137,612,794,1041,1180]
[0,82,137,460,612,683,1041,1180]
[0,82,137,612,972,1041,1180]
[0,612,794,1041,1180]
[0,137,414,1180]
[0,82,286,1041,1180]
[0,82,137,434,1180]
[0,82,137,612,683,1180]
[0,82,137,414,460,612,683,1041,1180]
[0,137,612,683,941,1180]
[0,82,137,1180]
[0,82,137,460,612,683,1180]
[0,82,137,414,1180]
[0,137,612,794,1180]
[0,137,612,816,1180]
[0,612,683,1180]
[0,82,137,612,683,1041,1180]
[0,460,612,794,1180]
[0,460,612,816,1180]
[0,137,460,612,683,1180]
[0,414,612,1041,1180]
[0,82,137,286,1180]
[0,137,612,941,1180]
[0,137,414,612,972,1041,1180]
[0,82,137,612,1041,1180]
[0,137,460,612,1180]
[0,434,1180]
[0,82,137,460,612,972,1041,1180]
[0,612,1180]
[0,82,137,414,460,612,683,1180]
[0,82,286,1180]
[0,137,414,1041,1180]
[0,612,1041,1180]
[0,82,137,414,460,1180]
[0,82,137,460,612,1041,1180]
[0,82,137,414,460,612,972,1041,1180]
[0,460,612,1180]
[0,414,1180]
[0,82,137,460,612,1180]
[0,286,941,1180]
[0,137,612,683,1041,1180]
[0,286,1180]
[0,1041,1180]
[0,82,137,460,612,794,1041,1180]
[0,137,460,612,794,1041,1180]
[0,137,460,612,683,816,1180]
[0,82,286,612,1041,1180]
[0,82,137,286,1041,1180]
[0,82,137,414,460,612,1180]
[0,137,612,683,816,1180]
