[0,162,326,539,658,889,1046]
[0,127,539,658,889,1046]
[0,326,658,867,1046]
[0,539,658,867,1004,1046]
[0,330,658,809,1046]
[0,163,658,809,1046]
[0,127,330,539,658,809,1004,1046]
[0,539,658,867,1046]
[0,539,658,889,1046]
[0,539,658,1046]
[0,658,867,1046]
[0,162,326,658,889,1046]
[0,163,326,539,658,867,1046]
[0,658,889,1046]
[0,162,326,658,867,1046]
[0,163,662,1046]
[0,163,326,539,658,809,1004,1046]
[0,127,539,658,809,1046]
[0,330,658,1046]
[0,127,326,539,658,889,1046]
[0,539,658,809,1046]
[0,326,539,658,867,1046]
[0,326,539,658,889,1046]
[0,326,539,658,867,1004,1046]
[0,658,809,1046]
[0,539,658,809,1004,1046]
[0,163,326,539,658,809,1046]
[0,326,658,1046]
[0,162,326,658,1046]
[0,163,539,658,867,1046]
[0,127,539,658,809,1004,1046]
[0,163,326,658,867,1046]
[0,127,658,889,1046]
[0,163,658,867,1046]
[0,127,330,539,658,809,1046]
[0,658,1046]
[0,127,658,809,1046]
[0,163,326,539,658,867,1004,1046]
[0,662,1046]
[0,163,326,658,1046]
[0,162,326,539,658,867,1004,1046]
[0,163,658,889,1046]
[0,162,326,539,658,867,1046]
[0,162,658,867,1046]
[0,162,658,889,1046]
[0,326,658,889,1046]
[0,163,539,658,809,1046]
[0,162,658,1046]
[0,163,326,658,809,1046]
[0,127,326,658,889,1046]
[0,127,330,658,809,1046]
[0,163,658,1046]
