[0,787,897,1433,1657,1803,1911]
[0,141,395,787,897,1911]
[0,53,208,553,787,897,1433,1803,1911]
[0,53,141,218,553,787,897,1433,1803,1911]
[0,141,218,395,553,787,897,1433,1803,1911]
[0,553,897,1433,1911]
[0,395,553,787,897,1433,1677,1911]
[0,218,448,1657,1803,1911]
[0,141,218,787,1433,1803,1911]
[0,218,787,1433,1803,1911]
[0,395,553,787,897,1433,1911]
[0,412,1433,1723,1911]
[0,1657,1911]
[0,395,787,1911]
[0,218,448,1433,1657,1911]
[0,787,1723,1911]
[0,787,897,1433,1911]
[0,53,208,395,553,787,897,1433,1677,1803,1911]
[0,208,787,1433,1803,1911]
[0,53,141,218,448,787,897,1433,1657,1803,1911]
[0,218,1657,1803,1911]
[0,141,1433,1803,1911]
[0,141,395,553,1433,1911]
[0,395,787,897,1433,1911]
[0,208,395,553,897,1433,1911]
[0,1433,1677,1803,1911]
[0,53,1657,1803,1911]
[0,152,412,1433,1723,1911]
[0,141,395,787,1433,1911]
[0,395,553,1911]
[0,218,787,1433,1657,1911]
[0,53,141,218,395,553,787,897,1433,1803,1911]
[0,141,218,787,897,1433,1657,1803,1911]
[0,53,218,1657,1803,1911]
[0,152,412,787,1433,1723,1911]
[0,218,1433,1911]
[0,208,787,897,1433,1911]
[0,218,448,787,1803,1911]
[0,1433,1723,1911]
[0,395,553,897,1433,1911]
[0,218,787,897,1433,1911]
[0,395,553,787,897,1433,1803,1911]
[0,208,787,897,1433,1803,1911]
[0,395,787,897,1433,1803,1911]
[0,208,395,553,787,897,1433,1803,1911]
[0,412,787,1911]
[0,208,553,787,897,1433,1911]
[0,218,553,1433,1911]
[0,448,1803,1911]
[0,152,1433,1723,1911]
[0,208,1433,1677,1803,1911]
[0,141,1911]
[0,141,395,553,787,897,1433,1677,1911]
[0,152,412,787,1911]
[0,53,787,897,1433,1803,1911]
[0,412,787,1433,1723,1911]
[0,218,448,1911]
[0,218,787,897,1433,1803,1911]
[0,53,218,448,787,897,1433,1657,1803,1911]
[0,141,218,395,553,787,897,1433,1677,1803,1911]
[0,787,897,1433,1803,1911]
[0,448,897,1433,1911]
[0,141,218,448,787,897,1433,1657,1803,1911]
[0,412,787,1723,1911]
[0,1657,1803,1911]
[0,448,1657,1911]
[0,141,395,787,1911]
[0,141,395,553,897,1433,1911]
[0,448,1433,1657,1911]
[0,787,897,1911]
[0,53,208,395,553,787,897,1433,1803,1911]
[0,152,412,1433,1677,1911]
[0,448,787,1911]
[0,218,1433,1803,1911]
[0,152,412,787,1433,1677,1911]
[0,141,395,787,897,1433,1911]
[0,141,218,1433,1803,1911]
[0,208,787,1433,1911]
[0,141,395,553,1911]
[0,1433,1677,1911]
[0,395,1911]
[0,53,218,448,1657,1803,1911]
[0,141,395,553,787,897,1433,1803,1911]
[0,208,1433,1911]
[0,141,218,553,787,897,1433,1803,1911]
[0,218,448,1433,1657,1803,1911]
[0,208,395,553,897,1433,1677,1911]
[0,787,1433,1911]
[0,553,1433,1911]
[0,1803,1911]
[0,218,448,787,897,1433,1911]
[0,787,1803,1911]
[0,208,553,897,1433,1911]
[0,412,787,1433,1677,1911]
[0,218,448,1803,1911]
[0,897,1433,1803,1911]
[0,53,141,218,395,553,787,897,1433,1677,1803,1911]
[0,218,1911]
[0,897,1433,1911]
[0,412,1433,1677,1911]
[0,208,395,553,787,897,1433,1911]
[0,208,553,787,897,1433,1803,1911]
[0,412,1433,1911]
[0,208,787,1911]
[0,218,448,897,1433,1657,1911]
[0,53,218,787,897,1433,1803,1911]
[0,395,553,897,1433,1677,1911]
[0,208,395,553,787,897,1433,1677,1803,1911]
[0,141,395,1911]
[0,218,787,1803,1911]
[0,218,553,1911]
[0,53,1433,1803,1911]
[0,141,395,787,897,1433,1803,1911]
[0,208,553,897,1433,1677,1911]
[0,218,448,897,1433,1911]
[0,218,787,897,1433,1657,1911]
[0,152,412,787,1433,1677,1803,1911]
[0,448,1911]
[0,141,218,1803,1911]
[0,897,1911]
[0,218,448,787,1911]
[0,787,897,1433,1657,1911]
[0,395,1433,1911]
[0,553,1911]
[0,141,395,553,787,897,1433,1911]
[0,218,787,1433,1911]
[0,448,1657,1803,1911]
[0,141,218,787,897,1433,1803,1911]
[0,141,1803,1911]
[0,553,897,1433,1677,1911]
[0,218,448,1433,1803,1911]
[0,787,1433,1657,1911]
[0,787,1433,1723,1911]
[0,208,1433,1677,1911]
[0,395,553,1433,1911]
[0,218,448,787,897,1433,1657,1803,1911]
[0,141,1433,1911]
[0,53,218,787,897,1433,1657,1803,1911]
[0,152,1433,1677,1911]
[0,208,553,1433,1911]
[0,218,1657,1911]
[0,53,208,787,1433,1803,1911]
[0,141,218,1911]
[0,412,787,1433,1911]
[0,53,208,1433,1677,1803,1911]
[0,395,787,1433,1911]
[0,448,897,1433,1657,1911]
[0,218,553,897,1433,1911]
[0,208,395,553,787,897,1433,1677,1911]
[0,208,787,1433,1677,1803,1911]
[0,141,395,553,897,1433,1677,1911]
[0,1433,1911]
[0,218,448,1433,1911]
[0,218,787,1911]
[0,218,553,787,897,1433,1911]
[0,1723,1911]
[0,152,412,787,1433,1911]
[0,218,448,1657,1911]
[0,53,141,218,787,897,1433,1803,1911]
[0,152,412,787,1723,1911]
[0,1433,1803,1911]
[0,218,787,897,1433,1657,1803,1911]
[0,787,1911]
[0,395,787,897,1911]
[0,208,1433,1803,1911]
[0,141,395,553,787,897,1433,1677,1803,1911]
[0,897,1433,1657,1911]
[0,218,553,787,897,1433,1803,1911]
[0,208,787,1433,1677,1911]
[0,395,553,787,897,1433,1677,1803,1911]
[0,152,1433,1677,1803,1911]
[0,53,208,787,1433,1677,1803,1911]
[0,152,412,1433,1677,1803,1911]
[0,208,553,1911]
[0,787,1433,1677,1911]
[0,218,448,787,897,1433,1657,1911]
[0,53,141,218,787,897,1433,1657,1803,1911]
[0,53,208,787,897,1433,1803,1911]
[0,218,787,1723,1911]
[0,53,208,1433,1803,1911]
[0,448,1433,1911]
