[0,1519,1905,2693,2956]
[0,65,642,1444,1905,2685,2956]
[0,1444,2685,2956]
[0,1914,2956]
[0,642,1444,2025,2956]
[0,642,1225,1519,1914,2956]
[0,642,2025,2956]
[0,1905,2956]
[0,642,1519,1905,2693,2956]
[0,642,1270,1519,1905,2685,2956]
[0,1225,1519,1914,2956]
[0,642,1444,2685,2956]
[0,642,1914,2685,2956]
[0,642,2685,2956]
[0,65,642,2956]
[0,642,1444,1905,2685,2956]
[0,1444,2025,2956]
[0,1225,1519,1914,2685,2956]
[0,444,642,1270,1519,1905,2701,2956]
[0,65,642,1270,1519,1905,2693,2956]
[0,65,642,1225,1519,1914,2685,2956]
[0,65,642,1444,2685,2956]
[0,1519,1905,2701,2956]
[0,65,642,1914,2685,2956]
[0,65,642,1270,1519,1905,2956]
[0,685,2956]
[0,1519,2956]
[0,1444,2956]
[0,1485,2086,2956]
[0,642,1270,1519,1905,2956]
[0,1519,1914,2956]
[0,642,1225,1519,1914,2685,2956]
[0,65,642,1270,1519,1905,2701,2956]
[0,65,444,642,1270,1519,1905,2701,2956]
[0,685,2025,2956]
[0,642,2086,2956]
[0,1444,1905,2956]
[0,642,1519,1914,2956]
[0,2025,2956]
[0,1225,1519,1914,2685,2877,2956]
[0,642,1270,1519,1905,2693,2956]
[0,642,1519,1905,2701,2956]
[0,642,1519,1905,2956]
[0,642,1914,2956]
[0,642,1444,1905,2956]
[0,2685,2956]
[0,642,1225,2956]
[0,642,1905,2956]
[0,1519,1905,2956]
[0,642,1444,2025,2685,2956]
[0,1444,1905,2685,2956]
[0,65,1444,1905,2956]
[0,1519,1905,2685,2956]
[0,642,1225,2685,2956]
[0,65,642,1225,1519,1914,2685,2877,2956]
[0,65,1444,1905,2685,2956]
[0,65,642,1270,1519,1905,2685,2956]
[0,444,642,1270,1519,1905,2956]
[0,642,1519,1905,2685,2956]
[0,642,1225,1519,1914,2685,2877,2956]
[0,2086,2956]
[0,642,1270,1519,1905,2701,2956]
[0,1270,1519,1905,2956]
[0,1485,2956]
[0,642,2956]
[0,65,642,2685,2956]
[0,65,642,1225,1519,1914,2956]
[0,642,1444,2956]
[0,65,2956]
