[0,548,1066,1787,2020]
[0,407,548,1066,2020]
[0,203,407,536,671,1066,2020]
[0,536,1066,1376,1787,2020]
[0,203,407,536,671,1066,1181,1689,1787,2020]
[0,203,536,671,1066,2020]
[0,407,548,1066,1689,1787,2020]
[0,69,407,536,671,1066,1181,1689,1787,2020]
[0,407,548,1066,1181,2020]
[0,407,548,2020]
[0,203,2020]
[0,203,536,1066,1181,2020]
[0,407,536,1066,1181,1689,2020]
[0,407,536,671,1181,1689,2020]
[0,536,671,1181,2020]
[0,536,1066,1376,2020]
[0,536,1600,2020]
[0,548,1107,2020]
[0,407,536,1689,2020]
[0,1600,1787,2020]
[0,536,671,2020]
[0,203,407,536,1066,1181,1689,2020]
[0,69,407,536,671,1066,1181,1600,1787,2020]
[0,203,407,536,1066,1689,2020]
[0,203,407,536,671,1181,1689,2020]
[0,203,407,536,1066,1181,1689,1787,2020]
[0,407,536,1066,2020]
[0,69,1787,2020]
[0,203,536,1066,1181,1689,2020]
[0,407,536,1689,1787,2020]
[0,407,548,1066,1181,1689,2020]
[0,203,536,1689,2020]
[0,69,407,548,1107,1787,2020]
[0,69,407,536,1066,1787,2020]
[0,203,536,1066,2020]
[0,548,2020]
[0,407,548,1066,1376,1787,2020]
[0,407,536,1066,1689,1787,2020]
[0,203,536,1066,1181,1689,1787,2020]
[0,548,1107,1787,2020]
[0,536,1107,1787,2020]
[0,407,536,2020]
[0,69,407,536,1066,1181,1376,2020]
[0,407,548,1107,1787,2020]
[0,548,1066,1376,2020]
[0,203,407,536,671,1066,1181,1689,2020]
[0,536,1181,2020]
[0,69,407,548,1107,2020]
[0,536,1181,1600,1787,2020]
[0,69,536,1066,2020]
[0,407,548,1066,1376,2020]
[0,407,548,1066,1181,1376,1787,2020]
[0,407,536,671,1066,1181,1689,2020]
[0,407,536,671,1600,1787,2020]
[0,407,536,1066,1376,2020]
[0,69,407,548,1066,1181,2020]
[0,407,536,1066,1181,1689,1787,2020]
[0,69,407,536,1066,1181,2020]
[0,407,536,1181,1600,1787,2020]
[0,203,536,1066,1787,2020]
[0,407,536,1066,1787,2020]
[0,203,536,1066,1689,1787,2020]
[0,536,1066,2020]
[0,69,407,536,1066,1181,1600,1787,2020]
[0,407,536,671,2020]
[0,407,536,1600,1787,2020]
[0,548,1066,1376,1787,2020]
[0,407,536,1066,1181,1600,1787,2020]
[0,548,1689,2020]
[0,203,536,671,2020]
[0,548,1066,2020]
[0,69,407,548,1066,1181,1376,2020]
[0,203,407,536,1066,1181,2020]
[0,407,536,671,1066,1181,1600,1787,2020]
[0,536,1066,1689,2020]
[0,69,407,548,1066,1181,1376,1787,2020]
[0,203,536,1181,2020]
[0,69,536,1107,2020]
[0,407,536,1066,1181,2020]
[0,407,536,1066,1181,1376,1787,2020]
[0,203,536,2020]
[0,1181,1787,2020]
[0,203,536,671,1181,1689,2020]
[0,69,407,536,1066,1181,1689,1787,2020]
[0,203,536,1181,1689,2020]
[0,203,407,536,1066,2020]
[0,69,407,536,2020]
[0,69,407,536,1066,2020]
[0,407,536,671,1066,2020]
[0,536,1181,1689,2020]
[0,203,407,536,671,1066,1181,2020]
[0,203,536,1066,1689,2020]
[0,536,671,1181,1600,1787,2020]
[0,536,1107,2020]
[0,407,548,1107,2020]
[0,548,1066,1689,2020]
[0,407,548,1066,1181,1689,1787,2020]
[0,1787,2020]
[0,407,548,1066,1689,2020]
[0,407,548,1689,1787,2020]
[0,407,536,1066,1181,1376,2020]
[0,1107,2020]
[0,203,536,1689,1787,2020]
[0,536,671,1181,1689,2020]
[0,407,2020]
[0,407,536,1066,1689,2020]
[0,69,407,536,1066,1181,1376,1787,2020]
[0,203,407,536,2020]
[0,407,536,671,1066,1181,1689,1787,2020]
[0,536,1600,1787,2020]
[0,536,1181,1600,2020]
[0,536,671,1066,2020]
[0,407,1181,2020]
[0,407,548,1066,1181,1376,2020]
[0,536,1066,1787,2020]
[0,536,1689,2020]
[0,203,407,536,671,2020]
[0,69,407,548,2020]
[0,1181,2020]
[0,69,536,1066,1787,2020]
[0,407,536,671,1066,1181,2020]
[0,407,536,1600,2020]
[0,407,536,1066,1376,1787,2020]
[0,407,1181,1787,2020]
[0,69,407,548,1066,1181,1689,1787,2020]
[0,203,407,536,671,1181,2020]
[0,69,536,2020]
[0,407,548,1066,1787,2020]
[0,203,536,671,1181,2020]
[0,407,536,671,1181,2020]
[0,536,2020]
[0,407,536,671,1181,1600,1787,2020]
[0,69,536,1107,1787,2020]
[0,536,671,1600,1787,2020]
[0,407,548,1689,2020]
[0,69,2020]
