[0,319,597,922,1096,1240,1469,1642]
[0,319,646,1240,1642]
[0,597,791,1396,1642]
[0,319,405,961,1240,1469,1642]
[0,319,646,791,922,1240,1642]
[0,597,1642]
[0,597,1396,1642]
[0,319,1240,1469,1642]
[0,319,922,1096,1240,1469,1642]
[0,319,597,646,1642]
[0,319,646,791,922,1096,1240,1642]
[0,1039,1642]
[0,319,597,646,791,922,1240,1642]
[0,319,646,922,1096,1240,1642]
[0,319,646,922,1240,1642]
[0,319,597,646,791,922,1642]
[0,646,1240,1642]
[0,319,597,646,922,1642]
[0,319,405,961,1240,1642]
[0,319,1642]
[0,319,597,961,1396,1642]
[0,597,1039,1642]
[0,319,961,1642]
[0,319,646,791,922,1642]
[0,922,1642]
[0,319,922,1096,1240,1642]
[0,319,961,1039,1642]
[0,1100,1642]
[0,319,405,961,1039,1240,1642]
[0,319,961,1396,1642]
[0,319,1240,1642]
[0,319,597,646,791,922,1096,1240,1642]
[0,319,961,1240,1469,1642]
[0,319,791,922,1096,1240,1642]
[0,319,405,961,1039,1240,1396,1469,1642]
[0,319,597,961,1642]
[0,319,597,961,1039,1396,1642]
[0,319,646,1642]
[0,597,922,1642]
[0,319,791,1396,1642]
[0,319,646,791,961,1039,1240,1642]
[0,597,1100,1642]
[0,319,476,597,922,1096,1240,1642]
[0,319,646,791,961,1240,1642]
[0,319,476,597,922,1096,1240,1469,1642]
[0,319,1396,1642]
[0,319,791,1642]
[0,319,597,646,791,961,1240,1642]
[0,319,597,922,1240,1642]
[0,319,922,1100,1642]
[0,319,922,1240,1469,1642]
[0,319,646,922,1642]
[0,319,597,646,791,1240,1642]
[0,319,791,922,1100,1642]
[0,319,597,646,1240,1642]
[0,319,597,646,791,961,1039,1240,1642]
[0,319,961,1240,1642]
[0,961,1642]
[0,646,1642]
[0,319,597,922,1096,1240,1642]
[0,319,961,1039,1240,1642]
[0,791,1642]
[0,319,646,791,1240,1642]
[0,1240,1642]
[0,597,646,1642]
[0,319,961,1039,1240,1469,1642]
[0,319,1039,1642]
[0,319,791,922,1642]
[0,319,646,1096,1240,1642]
[0,319,961,1039,1396,1642]
[0,319,922,1240,1642]
[0,319,922,1642]
[0,319,646,961,1240,1642]
[0,319,597,922,1240,1469,1642]
[0,319,405,961,1039,1240,1469,1642]
