[0,180,325,517,699,784,877,1163,1419]
[0,180,325,699,984,1163,1419]
[0,325,877,1419]
[0,325,736,984,1288,1419]
[0,325,736,1419]
[0,325,517,1163,1419]
[0,180,325,517,1288,1419]
[0,180,325,517,699,784,877,984,1163,1419]
[0,325,699,984,1163,1419]
[0,736,1419]
[0,325,699,1163,1419]
[0,736,984,1419]
[0,699,1163,1419]
[0,180,325,736,984,1419]
[0,180,325,517,984,1419]
[0,325,517,1288,1419]
[0,325,736,984,1419]
[0,984,1419]
[0,325,517,877,1163,1419]
[0,180,325,517,784,877,1163,1419]
[0,325,737,984,1419]
[0,180,325,517,984,1288,1419]
[0,325,699,984,1419]
[0,517,1163,1419]
[0,877,1163,1419]
[0,325,517,699,984,1163,1419]
[0,325,517,984,1419]
[0,699,984,1419]
[0,517,1419]
[0,180,325,517,699,1163,1419]
[0,325,984,1419]
[0,180,325,699,1163,1419]
[0,180,325,517,877,984,1163,1419]
[0,325,517,1419]
[0,325,517,699,784,877,1163,1419]
[0,180,325,517,1419]
[0,180,325,736,984,1288,1419]
[0,180,325,517,877,1163,1419]
[0,325,1419]
[0,699,1419]
[0,180,325,517,784,877,984,1163,1419]
[0,180,325,517,699,984,1163,1419]
[0,517,984,1419]
[0,325,877,1163,1419]
[0,180,325,517,1163,1419]
[0,877,1419]
[0,325,517,784,877,1163,1419]
[0,1163,1419]
[0,325,699,1419]
[0,325,517,699,1163,1419]
