[0,304,527,1837,2255,2591,2956]
[0,1378,2255,2956]
[0,2255,2956]
[0,527,1378,1641,2018,2255,2646,2956]
[0,304,527,1378,1641,1837,2255,2591,2956]
[0,304,527,1941,2369,2956]
[0,304,527,2018,2255,2591,2956]
[0,527,1641,2255,2646,2956]
[0,304,527,2018,2255,2646,2956]
[0,2369,2956]
[0,527,2255,2591,2956]
[0,527,953,1378,2255,2646,2956]
[0,304,527,1378,1641,2018,2255,2591,2956]
[0,304,1378,1641,2255,2646,2956]
[0,2255,2591,2956]
[0,304,527,1378,1641,2018,2255,2646,2956]
[0,304,527,2255,2956]
[0,304,527,1837,2255,2956]
[0,304,527,1641,1837,2255,2956]
[0,304,1378,1641,2018,2255,2646,2956]
[0,1378,2255,2591,2956]
[0,304,527,953,1378,1641,2018,2255,2591,2956]
[0,1378,2255,2646,2956]
[0,304,527,1641,2018,2255,2591,2956]
[0,527,1641,2956]
[0,2047,2956]
[0,1378,1837,2255,2646,2956]
[0,1378,2956]
[0,527,2018,2369,2956]
[0,1837,2255,2591,2956]
[0,304,1378,1837,2255,2646,2956]
[0,1378,1641,2255,2591,2956]
[0,1837,2255,2956]
[0,304,527,2047,2591,2956]
[0,527,2047,2591,2956]
[0,527,953,1378,1641,2018,2255,2646,2956]
[0,1378,1641,2255,2646,2956]
[0,304,527,2018,2255,2956]
[0,527,1837,2255,2591,2956]
[0,1641,2255,2956]
[0,527,2369,2956]
[0,304,527,2956]
[0,527,1941,2369,2956]
[0,527,953,1378,1641,2255,2646,2956]
[0,527,2018,2255,2646,2956]
[0,527,1378,1641,2018,2255,2591,2956]
[0,304,527,2018,2369,2956]
[0,527,1378,2255,2591,2956]
[0,552,2369,2956]
[0,304,527,1378,1641,1837,2255,2646,2956]
[0,304,1837,2255,2591,2956]
[0,304,1837,2255,2646,2956]
[0,527,1641,2255,2591,2956]
[0,527,2047,2956]
[0,304,527,1378,1837,2255,2646,2956]
[0,1641,2956]
[0,304,527,2255,2591,2956]
[0,1886,2369,2956]
[0,304,527,1837,2255,2646,2956]
[0,2018,2255,2956]
[0,2018,2255,2591,2956]
[0,527,2956]
[0,2018,2255,2646,2956]
[0,1378,1837,2255,2956]
[0,304,1378,2255,2591,2956]
[0,527,1641,2018,2255,2646,2956]
[0,304,1378,2255,2646,2956]
[0,1378,1641,2018,2255,2591,2956]
[0,304,527,1378,1837,2255,2591,2956]
[0,527,2255,2646,2956]
[0,1378,1641,2018,2255,2646,2956]
[0,527,953,1378,2255,2591,2956]
[0,527,1641,2018,2255,2591,2956]
[0,527,2018,2255,2956]
[0,527,1886,2369,2956]
[0,304,1378,1641,2255,2591,2956]
[0,304,527,953,1378,1641,2018,2255,2646,2956]
[0,304,527,1641,2018,2255,2646,2956]
[0,2255,2646,2956]
[0,1837,2255,2646,2956]
[0,304,1378,1641,2018,2255,2591,2956]
[0,304,552,2956]
[0,527,953,1378,1641,2018,2255,2591,2956]
[0,527,2255,2956]
[0,527,953,1378,2255,2956]
[0,304,552,2369,2956]
[0,1378,1837,2255,2591,2956]
[0,304,527,2369,2956]
[0,527,1837,2255,2646,2956]
[0,527,1641,2255,2956]
[0,527,1378,1641,2255,2591,2956]
[0,527,1378,1641,2255,2646,2956]
[0,527,953,1378,1641,2255,2591,2956]
[0,304,527,1641,1837,2255,2591,2956]
[0,304,527,1641,1837,2255,2646,2956]
[0,1378,2018,2255,2591,2956]
[0,304,1378,1837,2255,2591,2956]
[0,1378,2018,2255,2646,2956]
[0,527,1378,2255,2646,2956]
[0,552,2956]
[0,304,527,2047,2956]
[0,527,1837,2255,2956]
[0,527,2018,2255,2591,2956]
[0,527,1378,2255,2956]
