[0,183,549,857,1046]
[0,184,565,964,1046]
[0,137,385,565,693,857,964,1046]
[0,385,565,693,1046]
[0,184,545,1046]
[0,184,385,565,857,1046]
[0,385,549,1046]
[0,183,385,565,1046]
[0,183,385,549,693,857,964,1046]
[0,183,549,693,857,964,1046]
[0,187,565,1046]
[0,184,385,565,1046]
[0,137,493,565,693,857,964,1046]
[0,183,385,549,1046]
[0,385,549,693,857,1046]
[0,183,385,549,693,857,1046]
[0,385,565,693,857,1046]
[0,565,857,1046]
[0,137,857,964,1046]
[0,137,385,565,693,857,1046]
[0,137,857,1046]
[0,137,565,857,964,1046]
[0,183,385,549,857,964,1046]
[0,385,565,1046]
[0,137,565,693,857,1046]
[0,137,565,857,1046]
[0,183,857,1046]
[0,137,549,857,1046]
[0,385,565,857,1046]
[0,137,493,549,857,964,1046]
[0,385,565,857,964,1046]
[0,183,565,857,1046]
[0,183,549,693,857,1046]
[0,565,1046]
[0,183,549,857,964,1046]
[0,137,549,693,857,1046]
[0,137,385,549,693,857,1046]
[0,385,565,964,1046]
[0,565,964,1046]
[0,137,502,565,693,857,964,1046]
[0,184,565,693,1046]
[0,549,693,857,1046]
[0,184,565,1046]
[0,183,385,549,645,857,1046]
[0,385,549,857,1046]
[0,549,1046]
[0,184,385,565,857,964,1046]
[0,385,857,1046]
[0,183,385,565,857,1046]
[0,137,565,693,1046]
[0,137,493,549,693,857,964,1046]
[0,184,385,565,693,857,1046]
[0,857,1046]
[0,137,565,693,857,964,1046]
[0,137,549,857,964,1046]
[0,183,385,565,857,964,1046]
[0,137,565,1046]
[0,385,565,693,857,964,1046]
[0,184,385,565,693,857,964,1046]
[0,549,857,1046]
[0,183,385,549,857,1046]
[0,184,565,693,964,1046]
[0,183,565,1046]
[0,184,565,857,1046]
[0,183,857,964,1046]
[0,857,964,1046]
[0,137,549,1046]
[0,385,1046]
[0,137,385,565,857,1046]
[0,184,545,888,1046]
[0,137,549,693,857,964,1046]
[0,183,549,1046]
[0,183,385,549,645,857,964,1046]
[0,137,385,549,693,857,964,1046]
[0,137,385,565,1046]
[0,545,1046]
