[0,711,1342,1833,2759]
[0,758,2090,2759]
[0,711,1342,1993,2511,2759]
[0,452,743,1342,1791,2511,2759]
[0,743,1299,2511,2759]
[0,743,2578,2759]
[0,743,1299,2759]
[0,1342,1993,2511,2759]
[0,711,1317,1748,2511,2759]
[0,711,2405,2759]
[0,743,1299,1791,2759]
[0,452,743,2578,2759]
[0,711,1342,2759]
[0,452,743,1299,2578,2759]
[0,711,2759]
[0,1342,1993,2759]
[0,743,1331,1993,2511,2759]
[0,711,1342,1993,2759]
[0,452,743,1299,1791,2511,2759]
[0,1993,2511,2759]
[0,711,1272,1748,2511,2759]
[0,452,743,1299,2759]
[0,711,1317,1748,2759]
[0,452,711,1342,1993,2511,2759]
[0,2511,2759]
[0,743,2511,2759]
[0,1833,2759]
[0,1331,1993,2511,2759]
[0,743,1342,2511,2759]
[0,2405,2759]
[0,711,1342,1833,2511,2759]
[0,711,1317,2759]
[0,743,1331,2759]
[0,743,1342,1791,2759]
[0,1833,2511,2759]
[0,452,743,2759]
[0,1748,2511,2759]
[0,452,743,1342,1791,2759]
[0,743,2759]
[0,452,711,1342,1993,2759]
[0,743,2405,2759]
[0,452,743,1299,1791,2405,2578,2759]
[0,743,1342,2759]
[0,1331,1993,2759]
[0,452,743,1342,2759]
[0,1993,2759]
[0,711,1748,2759]
[0,743,1342,1791,2511,2759]
[0,452,743,1299,1791,2759]
[0,758,2759]
[0,743,1299,1791,2511,2759]
[0,743,1331,1993,2759]
[0,711,1342,2511,2759]
[0,78,711,1342,2511,2759]
[0,78,452,711,1342,1993,2511,2759]
[0,1342,1833,2759]
[0,2578,2759]
[0,711,1272,2759]
[0,1748,2759]
[0,711,2511,2759]
[0,711,1748,2511,2759]
[0,452,743,1299,1791,2578,2759]
[0,1342,1833,2511,2759]
[0,711,1272,1748,2759]
