[0,1195,1385,2019]
[0,931,1195,1819,2019]
[0,530,670,1006,1195,1385,1618,1819,2019]
[0,691,1001,1195,1819,2019]
[0,530,1006,1195,1385,1618,2019]
[0,530,1001,1195,1819,2019]
[0,530,1195,1385,1618,1819,2019]
[0,691,1001,1195,1385,1618,1819,2019]
[0,1001,1195,1819,2019]
[0,528,691,1001,1195,1385,1618,2019]
[0,1001,1195,2019]
[0,530,1001,1819,2019]
[0,528,1006,1195,1385,1618,2019]
[0,1385,1618,2019]
[0,691,1001,1195,1385,1618,2019]
[0,530,1001,1618,1819,2019]
[0,691,1001,1195,1385,2019]
[0,670,2019]
[0,187,670,1006,1195,1819,2019]
[0,530,670,1006,1195,1385,2019]
[0,691,1001,1195,1618,1819,2019]
[0,187,670,1006,1195,1385,2019]
[0,528,691,1001,1195,1385,1618,1819,2019]
[0,530,691,1195,2019]
[0,528,691,1001,1195,1385,2019]
[0,1385,2019]
[0,528,691,1195,1385,2019]
[0,530,691,2019]
[0,530,1385,1618,2019]
[0,1618,2019]
[0,530,1001,1195,1385,1618,1819,2019]
[0,530,1001,2019]
[0,530,1001,1618,2019]
[0,528,670,1195,2019]
[0,530,1195,1385,2019]
[0,530,1001,1195,1385,1618,2019]
[0,555,1368,2019]
[0,691,1195,2019]
[0,530,1385,1618,1819,2019]
[0,528,670,1006,1195,1385,1618,2019]
[0,530,1006,1195,1385,2019]
[0,528,670,1195,1385,2019]
[0,1006,2019]
[0,187,670,1195,1819,2019]
[0,528,1006,1195,1385,1618,1819,2019]
[0,670,1006,1195,1385,2019]
[0,931,1195,1385,1819,2019]
[0,1195,2019]
[0,1001,1195,1385,1618,2019]
[0,528,691,2019]
[0,691,1195,1385,2019]
[0,1001,2019]
[0,691,1195,1618,2019]
[0,530,691,1001,1195,1385,1618,2019]
[0,528,691,1195,2019]
[0,530,1195,1385,1618,2019]
[0,528,670,1006,1195,1385,2019]
[0,530,670,2019]
[0,530,670,1195,2019]
[0,530,1385,2019]
[0,1368,2019]
[0,1001,1195,1385,1618,1819,2019]
[0,1195,1385,1618,2019]
[0,1001,1195,1385,2019]
[0,1385,1618,1819,2019]
[0,670,1195,1385,2019]
[0,1006,1195,1385,2019]
[0,931,1195,1385,2019]
[0,530,1001,1195,1385,2019]
[0,670,1195,2019]
[0,1819,2019]
[0,530,1001,1195,1618,2019]
[0,528,670,2019]
[0,528,1195,1385,1618,2019]
[0,528,1385,2019]
[0,1006,1195,1385,1618,1819,2019]
[0,530,691,1001,1195,1385,2019]
[0,691,1001,1195,2019]
[0,530,1001,1195,1618,1819,2019]
[0,530,691,1001,1195,1385,1618,1819,2019]
[0,1001,1195,1618,2019]
[0,1001,1195,1618,1819,2019]
[0,528,670,1006,1195,1385,1618,1819,2019]
[0,691,1001,1195,1618,2019]
[0,1001,1618,1819,2019]
[0,691,1195,1819,2019]
[0,670,1006,1195,1385,1819,2019]
[0,670,1006,1195,1819,2019]
[0,530,691,1195,1385,2019]
[0,670,1195,1385,1819,2019]
[0,528,1385,1618,1819,2019]
[0,530,1001,1195,2019]
[0,1195,1819,2019]
[0,931,2019]
[0,528,1006,1195,1385,2019]
[0,530,1006,1195,1385,1618,1819,2019]
[0,691,2019]
[0,931,1195,2019]
[0,1006,1195,1385,1618,2019]
[0,528,1195,1385,1618,1819,2019]
[0,528,1385,1618,2019]
[0,187,670,1006,1195,1385,1819,2019]
[0,691,1195,1618,1819,2019]
[0,530,670,1006,1195,1385,1618,2019]
[0,670,1195,1819,2019]
[0,1618,1819,2019]
[0,1195,1385,1618,1819,2019]
[0,530,670,1195,1385,2019]
[0,1001,1618,2019]
[0,528,1195,1385,2019]
[0,1006,1195,2019]
[0,1006,1195,1819,2019]
