[0,510,2019]
[0,296,780,1114,1794,2019]
[0,296,531,1273,1408,1570,2019]
[0,296,780,1218,1408,2019]
[0,388,1408,2019]
[0,341,770,1617,2019]
[0,296,510,1408,1570,2019]
[0,296,1408,1570,2019]
[0,296,510,1114,1570,2019]
[0,96,296,531,1114,1273,1408,1570,2019]
[0,770,1547,2019]
[0,296,531,1570,2019]
[0,1273,1408,1570,2019]
[0,296,1114,1218,1408,1570,2019]
[0,296,1218,1408,1570,2019]
[0,296,780,1218,1408,1570,2019]
[0,388,1218,1408,2019]
[0,388,2019]
[0,296,1408,2019]
[0,96,296,531,1273,1408,1570,2019]
[0,780,1218,2019]
[0,1408,1570,2019]
[0,296,510,1273,1408,1570,2019]
[0,296,531,1408,2019]
[0,652,1617,2019]
[0,531,1570,2019]
[0,296,531,1114,1570,2019]
[0,296,388,1114,1218,1408,1570,2019]
[0,296,388,1408,1570,2019]
[0,296,510,1114,1408,1570,2019]
[0,770,1570,2019]
[0,296,780,2019]
[0,780,1114,2019]
[0,296,510,1570,2019]
[0,388,1218,1408,1570,2019]
[0,780,1218,1408,1570,2019]
[0,296,531,1114,1273,1408,1570,2019]
[0,1408,2019]
[0,296,780,1218,2019]
[0,296,531,1114,1408,1570,2019]
[0,296,531,2019]
[0,341,770,1547,2019]
[0,770,1273,1408,1570,2019]
[0,341,770,1408,1570,2019]
[0,770,1408,1570,2019]
[0,296,1114,1570,2019]
[0,720,1547,2019]
[0,296,780,1570,2019]
[0,296,780,1114,2019]
[0,296,388,1408,2019]
[0,780,2019]
[0,1114,1218,1408,1570,2019]
[0,296,510,1114,1273,1408,1570,2019]
[0,96,296,780,1114,1218,1408,1570,2019]
[0,770,1617,2019]
[0,296,531,1408,1570,2019]
[0,510,1570,2019]
[0,341,770,1570,2019]
[0,296,780,1794,2019]
[0,296,1218,1408,2019]
[0,296,510,1408,2019]
[0,531,2019]
[0,720,2019]
[0,1114,2019]
[0,652,2019]
[0,296,510,2019]
[0,296,780,1114,1218,1408,1570,2019]
[0,1114,1570,2019]
[0,780,1570,2019]
[0,1218,1408,1570,2019]
[0,296,388,1218,1408,1570,2019]
[0,296,780,1408,1570,2019]
[0,770,2019]
[0,296,388,2019]
[0,1218,1408,2019]
[0,780,1218,1408,2019]
[0,296,780,1114,1570,1794,2019]
