[0,233,367,442,570,665,943,1036,1247,1327]
[0,233,367,442,570,665,835,943,1036,1247,1327]
[0,233,442,570,665,835,943,1036,1327]
[0,309,442,570,955,1327]
[0,66,233,367,442,570,943,1247,1327]
[0,233,570,665,943,1327]
[0,233,367,442,570,943,1327]
[0,233,442,570,665,835,943,1036,1247,1327]
[0,66,309,570,943,1247,1327]
[0,309,570,943,1327]
[0,53,309,442,570,955,1327]
[0,233,442,570,943,1036,1247,1327]
[0,233,665,943,1327]
[0,66,233,367,442,570,943,1036,1247,1327]
[0,309,570,943,1247,1327]
[0,233,570,665,943,1036,1327]
[0,665,943,1036,1327]
[0,570,974,1327]
[0,367,964,1327]
[0,570,943,1327]
[0,233,367,442,570,665,943,1036,1327]
[0,272,570,955,1327]
[0,570,1327]
[0,278,570,1327]
[0,53,309,570,955,1327]
[0,233,354,442,570,943,1036,1327]
[0,233,570,943,1036,1327]
[0,665,1327]
[0,278,570,943,1327]
[0,570,943,1247,1327]
[0,66,233,367,442,570,665,835,943,1036,1247,1327]
[0,233,570,943,1247,1327]
[0,233,442,665,835,943,1327]
[0,233,665,835,943,1327]
[0,233,442,665,943,1327]
[0,233,367,442,570,943,1036,1327]
[0,233,442,570,943,1036,1327]
[0,233,442,570,665,943,1036,1247,1327]
[0,66,233,367,442,570,665,943,1036,1247,1327]
[0,233,442,570,943,1327]
[0,665,943,1327]
[0,233,442,570,943,1247,1327]
[0,272,570,1327]
[0,278,570,974,1327]
[0,309,570,1327]
[0,309,570,955,1327]
[0,233,442,570,665,943,1327]
[0,233,367,442,570,943,1247,1327]
[0,233,442,570,665,943,1036,1327]
[0,233,665,943,1036,1327]
[0,367,1327]
[0,233,367,442,570,943,1036,1247,1327]
[0,233,442,570,665,835,943,1327]
[0,272,570,943,1327]
[0,570,955,1327]
[0,233,570,943,1327]
