[0,1347,1720,2019]
[0,1727,2019]
[0,1429,1735,2019]
[0,942,1082,1347,1430,1684,2019]
[0,1684,1833,2019]
[0,942,1082,1347,2019]
[0,942,1684,1735,2019]
[0,942,1720,1795,2019]
[0,942,1082,1347,1720,1833,2019]
[0,942,1684,2019]
[0,942,1082,1347,1430,1684,1735,2019]
[0,942,1082,1684,2019]
[0,942,1082,1347,1684,1735,2019]
[0,942,1082,1684,1833,2019]
[0,1720,2019]
[0,942,1082,1347,1430,1720,1833,2019]
[0,1081,1429,2019]
[0,942,1347,2019]
[0,1720,1833,2019]
[0,1081,1429,1735,2019]
[0,1082,1347,1720,2019]
[0,942,1347,1684,2019]
[0,1720,1795,2019]
[0,1720,1782,2019]
[0,942,1082,1347,1684,2019]
[0,942,1082,1347,1430,1684,1833,2019]
[0,1429,2019]
[0,942,1082,1720,1782,1833,2019]
[0,942,1082,1347,1430,1720,1782,1833,2019]
[0,1684,1735,2019]
[0,942,1684,1833,2019]
[0,1347,1833,2019]
[0,942,1082,1720,1833,2019]
[0,942,1082,1347,1430,1684,1735,1833,2019]
[0,942,1082,2019]
[0,942,1720,1833,2019]
[0,942,1347,1833,2019]
[0,1684,2019]
[0,942,1082,1720,1782,2019]
[0,942,1720,2019]
[0,942,1082,1347,1833,2019]
[0,942,1082,1720,2019]
[0,1347,2019]
[0,942,1347,1684,1833,2019]
[0,942,2019]
[0,942,1082,1347,1684,1833,2019]
[0,942,1082,1684,1735,2019]
[0,942,1082,1720,1795,2019]
[0,942,1082,1347,1430,1684,1735,1782,1833,2019]
[0,942,1720,1782,2019]
