[0,483,1494,1810]
[0,223,483,814,1743,1810]
[0,223,483,627,908,1000,1563,1634,1743,1810]
[0,223,483,627,908,1000,1743,1810]
[0,281,908,1810]
[0,223,483,1372,1810]
[0,524,1000,1810]
[0,483,814,1494,1810]
[0,41,223,483,908,964,1743,1810]
[0,223,483,814,1494,1810]
[0,814,1381,1810]
[0,223,908,1810]
[0,483,1634,1810]
[0,41,223,524,908,1000,1743,1810]
[0,223,483,627,908,1563,1634,1810]
[0,223,483,908,1743,1810]
[0,524,908,1494,1810]
[0,223,483,627,908,1000,1372,1563,1634,1743,1810]
[0,483,627,908,1000,1810]
[0,524,814,1381,1810]
[0,223,908,1743,1810]
[0,627,1634,1810]
[0,223,524,814,1634,1810]
[0,41,223,483,627,908,964,1634,1743,1810]
[0,223,524,908,1494,1743,1810]
[0,223,524,1743,1810]
[0,223,483,627,908,1000,1372,1634,1810]
[0,223,483,1743,1810]
[0,223,483,627,908,1810]
[0,223,524,814,1810]
[0,524,1494,1810]
[0,223,483,814,1810]
[0,223,483,627,908,964,1563,1634,1743,1810]
[0,223,483,627,908,1000,1634,1743,1810]
[0,223,483,627,908,1372,1634,1810]
[0,223,524,814,964,1381,1810]
[0,223,524,814,964,1381,1634,1743,1810]
[0,814,1743,1810]
[0,908,1000,1743,1810]
[0,524,908,1000,1743,1810]
[0,223,524,1494,1743,1810]
[0,223,524,1494,1810]
[0,223,483,1494,1810]
[0,223,524,814,1381,1743,1810]
[0,223,524,908,1000,1743,1810]
[0,814,1494,1810]
[0,223,814,1381,1743,1810]
[0,483,1810]
[0,223,483,908,1634,1810]
[0,524,908,1000,1810]
[0,41,223,483,814,1494,1743,1810]
[0,223,483,627,908,1563,1634,1743,1810]
[0,524,908,1810]
[0,223,483,627,908,1000,1563,1634,1810]
[0,223,483,814,1494,1743,1810]
[0,223,524,908,1000,1494,1743,1810]
[0,223,524,1634,1810]
[0,908,1000,1810]
[0,483,814,1810]
[0,524,1634,1810]
[0,223,483,1634,1810]
[0,223,483,627,1743,1810]
[0,814,1381,1743,1810]
[0,524,1810]
[0,223,814,1381,1810]
[0,281,1634,1810]
[0,281,908,1634,1810]
[0,223,524,1000,1810]
[0,223,524,814,1381,1634,1810]
[0,223,524,814,964,1381,1743,1810]
[0,483,908,1372,1810]
[0,1743,1810]
[0,483,908,1810]
[0,223,483,1810]
[0,814,1810]
[0,41,223,524,814,964,1381,1634,1743,1810]
[0,223,524,908,1494,1810]
[0,223,483,627,908,1743,1810]
[0,908,1743,1810]
[0,223,483,908,1372,1634,1810]
[0,223,483,627,908,964,1743,1810]
[0,524,1743,1810]
[0,627,1810]
[0,41,223,483,627,908,964,1743,1810]
[0,483,1372,1810]
[0,524,814,1810]
[0,223,483,627,1634,1810]
[0,223,483,627,1810]
[0,41,223,524,814,1381,1743,1810]
[0,281,1810]
[0,223,483,627,908,964,1634,1743,1810]
[0,223,524,814,964,1634,1810]
[0,908,1810]
[0,41,223,483,627,908,1000,1743,1810]
[0,223,483,627,908,1000,1634,1810]
[0,223,524,814,1381,1810]
[0,41,223,483,627,908,1000,1372,1563,1634,1743,1810]
[0,223,524,814,964,1381,1634,1810]
[0,41,223,483,627,908,964,1563,1634,1743,1810]
[0,41,223,524,908,1000,1494,1743,1810]
[0,223,524,1810]
[0,223,483,908,1372,1810]
[0,223,483,627,908,1000,1372,1563,1634,1810]
[0,483,627,908,1810]
[0,483,1743,1810]
[0,223,483,908,964,1743,1810]
[0,483,627,1810]
[0,223,524,908,1000,1494,1810]
[0,41,223,524,814,964,1381,1743,1810]
[0,223,524,908,1634,1810]
[0,223,524,908,1000,1810]
[0,223,483,627,908,1634,1810]
[0,223,483,627,908,1000,1810]
[0,223,524,908,1810]
[0,1634,1810]
[0,223,483,908,1810]
[0,223,483,627,908,1634,1743,1810]
