[0,51,185,656,1046]
[0,408,656,1046]
[0,51,185,408,656,927,1046]
[0,185,488,656,927,1046]
[0,185,408,656,927,1046]
[0,51,123,185,279,488,656,706,927,1046]
[0,51,185,279,927,1046]
[0,185,279,408,641,706,927,1046]
[0,185,656,927,1046]
[0,408,1046]
[0,185,279,1046]
[0,185,408,641,927,1046]
[0,51,123,185,279,488,656,1046]
[0,641,1046]
[0,51,185,279,1046]
[0,123,185,408,656,1046]
[0,51,123,185,279,488,656,706,927,1000,1046]
[0,185,279,408,641,927,1046]
[0,90,185,408,656,927,1046]
[0,185,279,488,656,1046]
[0,51,123,185,279,488,656,927,1046]
[0,185,408,1046]
[0,51,185,408,927,1046]
[0,51,185,1046]
[0,51,123,185,279,927,1046]
[0,185,488,656,1046]
[0,51,123,185,408,656,927,1046]
[0,185,279,656,927,1046]
[0,51,123,185,279,408,641,927,1046]
[0,150,656,1046]
[0,51,185,408,656,1046]
[0,123,185,408,641,927,1046]
[0,185,408,927,1046]
[0,51,123,185,279,656,927,1046]
[0,123,185,279,488,656,927,1046]
[0,123,185,279,408,641,706,927,1046]
[0,51,123,185,408,656,706,927,1000,1046]
[0,51,123,185,408,656,927,1000,1046]
[0,185,408,656,1046]
[0,150,408,656,927,1046]
[0,51,185,279,656,1046]
[0,51,123,185,408,656,706,927,1046]
[0,123,185,408,656,927,1046]
[0,51,123,185,408,641,706,927,1046]
[0,123,185,408,641,706,927,1046]
[0,51,185,408,641,927,1046]
[0,51,123,185,279,656,706,927,1046]
[0,185,279,927,1046]
[0,51,185,408,656,927,1000,1046]
[0,150,1046]
[0,123,185,279,488,656,1046]
[0,185,408,641,706,927,1046]
[0,185,279,656,1046]
[0,185,927,1046]
[0,51,123,185,279,408,641,706,927,1046]
[0,123,185,279,408,641,927,1046]
[0,185,1046]
[0,656,1046]
[0,150,927,1046]
[0,123,185,279,927,1046]
[0,123,185,279,656,927,1046]
[0,51,123,185,279,656,1046]
[0,185,656,1046]
[0,51,123,185,408,656,1046]
[0,185,279,488,656,927,1046]
[0,51,185,927,1046]
[0,51,123,185,408,641,927,1046]
[0,150,408,656,1046]
[0,185,408,641,1046]
[0,123,185,279,656,1046]
[0,90,185,408,656,1046]
[0,408,641,1046]
