[0,670,828,1632,2302,2812]
[0,108,670,828,1050,2302,2546,2812]
[0,670,828,1050,2302,2812]
[0,138,670,828,2302,2812]
[0,1165,2302,2812]
[0,138,670,828,2302,2678,2812]
[0,295,1165,1632,2812]
[0,670,1165,1632,2254,2812]
[0,138,670,828,2678,2812]
[0,295,670,828,1050,2302,2546,2812]
[0,670,2254,2812]
[0,295,670,828,2812]
[0,138,670,828,1165,1632,2302,2678,2812]
[0,295,1165,1632,2302,2812]
[0,295,828,1632,2302,2812]
[0,670,828,1050,2812]
[0,138,670,828,2812]
[0,138,2302,2678,2812]
[0,670,2812]
[0,828,1632,2812]
[0,670,1050,2302,2812]
[0,138,670,2812]
[0,670,828,1050,2302,2546,2812]
[0,295,670,1165,1632,2254,2812]
[0,1050,2302,2812]
[0,295,828,2254,2812]
[0,295,670,828,1050,2302,2812]
[0,670,828,2302,2812]
[0,1050,2302,2546,2812]
[0,828,1050,2302,2812]
[0,828,2812]
[0,108,670,828,1050,2812]
[0,295,670,828,1632,2254,2812]
[0,1165,1632,2254,2812]
[0,108,828,1050,2302,2546,2812]
[0,1050,2812]
[0,828,1632,2254,2812]
[0,295,828,2302,2812]
[0,295,828,1050,2812]
[0,108,2812]
[0,295,670,828,2254,2812]
[0,828,2254,2812]
[0,108,1632,2302,2812]
[0,295,670,828,2769,2812]
[0,295,828,1050,2302,2812]
[0,295,670,828,1632,2254,2769,2812]
[0,670,1632,2812]
[0,295,670,828,1050,2812]
[0,108,670,828,1050,2302,2812]
[0,295,670,828,1165,1632,2302,2678,2812]
[0,108,828,1050,2302,2812]
[0,295,2302,2546,2812]
[0,828,1050,2812]
[0,295,828,1050,2302,2546,2812]
[0,670,1050,2302,2546,2812]
[0,295,1165,2812]
[0,295,670,828,1632,2302,2678,2812]
[0,670,1165,2812]
[0,295,828,2812]
[0,670,828,1165,1632,2302,2812]
[0,138,2302,2812]
[0,295,828,1632,2254,2812]
[0,138,2812]
[0,138,670,828,1632,2302,2678,2812]
[0,295,670,828,1165,1632,2302,2812]
[0,295,670,828,1050,2302,2678,2812]
[0,295,670,828,2678,2812]
[0,1632,2254,2812]
[0,670,1165,2254,2812]
[0,670,828,2812]
[0,108,1050,2812]
[0,1632,2812]
[0,670,1050,2812]
[0,295,670,828,1165,1632,2254,2769,2812]
[0,1632,2302,2812]
[0,138,670,828,1632,2302,2812]
[0,670,1165,2302,2812]
[0,295,670,828,2254,2769,2812]
[0,670,2302,2546,2812]
[0,295,2302,2812]
[0,670,1165,1632,2302,2812]
[0,108,2302,2812]
[0,670,2302,2812]
[0,828,1050,2302,2546,2812]
[0,1165,2812]
[0,1165,1632,2812]
[0,108,828,1050,2812]
[0,295,670,828,2302,2678,2812]
[0,295,828,2302,2546,2812]
[0,295,2812]
[0,828,2219,2812]
[0,295,670,1165,1632,2302,2812]
[0,295,670,828,2302,2812]
[0,295,1165,2302,2812]
[0,670,1632,2302,2812]
[0,670,1165,1632,2812]
[0,295,670,828,1632,2302,2812]
[0,1165,1632,2302,2812]
[0,295,670,828,1165,1632,2254,2812]
[0,828,1632,2302,2812]
[0,138,670,828,1165,1632,2302,2812]
[0,295,1165,1632,2254,2812]
[0,2302,2812]
[0,828,2302,2812]
