[0,524,817,995,1907,2090,2456,2689,2956]
[0,817,2090,2456,2956]
[0,959,1907,2956]
[0,524,959,1907,2956]
[0,1907,2956]
[0,667,817,2090,2456,2956]
[0,995,1907,2456,2956]
[0,524,959,2456,2689,2956]
[0,524,995,2456,2689,2956]
[0,667,2090,2456,2956]
[0,524,995,1907,2956]
[0,2090,2456,2956]
[0,995,1907,2090,2956]
[0,524,995,1907,2456,2689,2956]
[0,667,2090,2956]
[0,524,959,1907,2090,2956]
[0,524,667,959,1907,2090,2456,2689,2956]
[0,527,817,2090,2456,2956]
[0,527,817,1907,2090,2456,2956]
[0,524,959,1907,2090,2456,2956]
[0,667,817,2090,2956]
[0,1907,2090,2956]
[0,667,817,1907,2090,2456,2956]
[0,817,2956]
[0,667,817,1907,2090,2956]
[0,817,1907,2090,2456,2956]
[0,524,959,1907,2456,2956]
[0,524,959,1907,2090,2456,2689,2956]
[0,817,2090,2956]
[0,995,2956]
[0,817,1907,2090,2956]
[0,524,667,817,995,1907,2090,2456,2689,2956]
[0,817,1907,2956]
[0,524,995,1907,2456,2956]
[0,524,959,1907,2689,2956]
[0,959,1907,2456,2956]
[0,524,995,1907,2090,2456,2689,2956]
[0,524,995,1907,2689,2956]
[0,524,817,959,1907,2090,2456,2689,2956]
[0,524,667,817,959,1907,2090,2456,2689,2956]
[0,524,995,2956]
[0,524,668,995,1907,2090,2456,2689,2956]
[0,524,995,1907,2090,2956]
[0,667,817,2956]
[0,524,668,995,1907,2090,2956]
[0,524,959,1907,2456,2689,2956]
[0,959,2956]
[0,524,959,2689,2956]
[0,2090,2956]
[0,995,1907,2956]
[0,524,959,2956]
[0,524,995,1907,2090,2456,2956]
[0,524,995,2689,2956]
[0,524,668,995,1907,2090,2456,2956]
