[0,738,1103,1473,1810]
[0,1103,1810]
[0,383,703,1488,1810]
[0,383,703,1103,1488,1810]
[0,234,311,738,1810]
[0,215,383,703,939,1103,1488,1810]
[0,403,703,1488,1810]
[0,403,703,1103,1488,1810]
[0,403,1810]
[0,403,1488,1810]
[0,403,1103,1810]
[0,311,1544,1810]
[0,234,311,738,936,1103,1473,1810]
[0,311,824,1810]
[0,383,738,1103,1810]
[0,383,738,1223,1473,1810]
[0,311,738,1810]
[0,383,1810]
[0,383,703,1327,1810]
[0,383,738,936,1103,1473,1810]
[0,1327,1810]
[0,383,738,1473,1810]
[0,693,1810]
[0,403,703,939,1103,1488,1810]
[0,311,693,1327,1810]
[0,383,738,1810]
[0,234,311,1810]
[0,311,738,936,1103,1473,1810]
[0,215,383,703,1488,1810]
[0,76,403,703,939,1103,1488,1810]
[0,311,738,936,1810]
[0,693,1327,1810]
[0,311,738,1473,1810]
[0,76,403,703,1488,1810]
[0,738,1473,1810]
[0,311,693,1639,1810]
[0,383,738,936,1223,1473,1810]
[0,383,703,1810]
[0,234,311,738,1103,1473,1810]
[0,311,693,1810]
[0,383,738,1103,1473,1810]
[0,215,383,703,1103,1488,1810]
[0,311,824,1544,1810]
[0,738,1103,1810]
[0,1103,1473,1810]
[0,234,311,738,1473,1810]
[0,383,1103,1810]
[0,311,738,1103,1473,1810]
[0,311,1810]
[0,824,1810]
[0,383,1488,1810]
[0,738,1810]
[0,383,738,936,1223,1473,1687,1810]
[0,403,703,1810]
[0,383,1327,1810]
[0,403,1473,1810]
[0,403,1103,1488,1810]
[0,383,1103,1488,1810]
[0,1473,1810]
