[0,218,544,645,763,1180]
[0,183,329,544,645,763,1180]
[0,218,440,645,763,1180]
[0,329,544,645,763,819,1180]
[0,218,683,1180]
[0,218,370,440,544,645,763,1180]
[0,218,440,544,645,763,819,1180]
[0,183,329,440,645,763,1180]
[0,218,545,774,1180]
[0,774,1180]
[0,329,645,763,1180]
[0,183,329,440,645,1180]
[0,183,329,440,544,645,1180]
[0,329,1180]
[0,329,440,645,1180]
[0,763,819,1180]
[0,218,544,645,1180]
[0,683,1180]
[0,329,544,645,763,1180]
[0,183,329,440,544,645,763,1180]
[0,218,645,1180]
[0,440,645,1180]
[0,545,774,1180]
[0,645,763,1180]
[0,183,329,544,645,763,819,1180]
[0,218,645,763,1180]
[0,218,440,544,645,763,1180]
[0,645,1180]
[0,218,440,645,1180]
[0,544,645,763,1180]
[0,329,645,1180]
[0,592,774,1180]
[0,218,370,440,544,645,763,819,1180]
[0,218,774,1180]
[0,329,440,1180]
[0,819,1180]
[0,218,544,645,763,819,1180]
[0,218,1180]
[0,544,645,1180]
[0,329,544,645,1180]
[0,183,329,645,763,1180]
[0,183,329,440,544,645,763,819,1180]
[0,544,645,763,819,1180]
[0,183,329,1180]
[0,183,329,544,645,1180]
[0,183,329,645,1180]
[0,645,763,819,1180]
