[0,66,229,406,592,686,1180]
[0,685,1180]
[0,66,229,406,592,686,928,972,1180]
[0,686,1180]
[0,66,500,686,1180]
[0,500,686,1180]
[0,229,406,686,1180]
[0,229,406,539,686,1180]
[0,406,592,928,1180]
[0,66,229,406,500,1180]
[0,229,406,500,1180]
[0,406,592,1180]
[0,686,928,1180]
[0,406,539,1180]
[0,229,685,1180]
[0,66,686,1180]
[0,229,686,1180]
[0,66,229,406,592,686,928,1180]
[0,406,1180]
[0,229,406,592,686,928,1180]
[0,229,500,686,1180]
[0,229,406,592,1180]
[0,229,500,686,928,1180]
[0,66,229,406,539,686,1180]
[0,229,406,592,686,1180]
[0,229,406,592,928,1180]
[0,406,686,1180]
[0,406,928,1180]
[0,229,686,928,1180]
[0,229,406,539,1180]
[0,66,500,686,928,1180]
[0,500,686,928,1180]
[0,229,406,1180]
