[0,102,308,383,550,1223,1632]
[0,102,327,550,1195,1632]
[0,102,327,550,914,1195,1632]
[0,327,1632]
[0,102,308,1632]
[0,308,383,550,1632]
[0,974,1632]
[0,308,383,1632]
[0,327,933,1195,1632]
[0,308,1195,1632]
[0,308,914,1195,1632]
[0,102,327,550,845,933,1195,1632]
[0,327,550,1195,1632]
[0,308,550,1632]
[0,327,1195,1632]
[0,102,327,1632]
[0,102,308,550,1632]
[0,308,914,1223,1632]
[0,327,550,914,1195,1632]
[0,308,383,914,1195,1632]
[0,914,1223,1632]
[0,308,1223,1632]
[0,308,974,1632]
[0,317,1632]
[0,102,327,550,933,1195,1632]
[0,1195,1632]
[0,550,1195,1632]
[0,308,1632]
[0,550,1632]
[0,102,308,550,1223,1632]
[0,102,308,1223,1632]
[0,327,550,933,1195,1632]
[0,308,550,1223,1632]
[0,327,914,1195,1632]
[0,1223,1632]
[0,308,383,1195,1632]
[0,102,308,383,550,1632]
[0,102,327,933,1195,1632]
[0,102,327,1195,1632]
[0,317,974,1632]
