[0,698,756,807,923,1046]
[0,150,345,521,603,763,923,1046]
[0,763,923,1046]
[0,150,345,521,763,1046]
[0,755,1004,1046]
[0,345,521,756,923,1046]
[0,521,756,923,1046]
[0,521,698,756,807,923,1046]
[0,521,698,756,923,1046]
[0,756,1046]
[0,521,698,756,1046]
[0,345,521,685,1046]
[0,923,1046]
[0,345,521,698,756,923,1046]
[0,150,466,685,1046]
[0,150,345,521,756,1046]
[0,345,521,685,756,923,1046]
[0,150,345,521,763,923,1046]
[0,345,521,1046]
[0,466,685,1046]
[0,521,763,1046]
[0,345,521,685,756,807,923,1046]
[0,1004,1046]
[0,756,923,1046]
[0,685,756,807,923,1046]
[0,150,345,521,1046]
[0,150,345,521,685,1046]
[0,521,763,923,1046]
[0,756,807,923,1046]
[0,150,345,756,923,1046]
[0,150,345,756,1046]
[0,345,756,1046]
[0,345,521,698,756,807,923,1046]
[0,521,756,1046]
[0,685,756,923,1046]
[0,150,345,521,698,756,807,923,1046]
[0,345,521,763,923,1046]
[0,755,1046]
[0,150,466,685,780,1046]
[0,343,521,1046]
[0,150,345,521,756,923,1046]
[0,345,521,763,1046]
[0,345,1046]
[0,345,521,698,756,1046]
[0,345,756,923,1046]
[0,345,521,756,1046]
[0,521,685,756,807,923,1046]
[0,150,345,521,698,756,923,1046]
[0,698,756,1046]
[0,521,685,1046]
[0,343,521,756,1046]
[0,698,756,923,1046]
[0,343,756,1046]
[0,343,1046]
[0,466,1046]
[0,150,345,521,698,756,1046]
[0,521,1046]
[0,763,1046]
[0,521,685,756,923,1046]
