[0,1344,2019]
[0,1432,2019]
[0,159,429,533,716,874,1108,1432,2019]
[0,429,1114,1432,2019]
[0,159,454,666,1114,1344,1432,1960,2019]
[0,454,666,1432,1960,2019]
[0,454,666,1114,1344,1432,1960,2019]
[0,159,429,533,1108,1194,1344,1432,1960,2019]
[0,159,454,666,1114,1344,1432,2019]
[0,454,666,1344,1432,2019]
[0,666,1114,1962,2019]
[0,159,429,533,716,1432,2019]
[0,159,429,533,666,1432,2019]
[0,1962,2019]
[0,429,666,1114,1344,1432,2019]
[0,159,429,533,874,1108,1194,1344,1432,2019]
[0,429,533,1114,1344,1432,1960,2019]
[0,429,533,2019]
[0,533,1114,1432,2019]
[0,159,429,533,1114,1194,1344,1432,1962,2019]
[0,429,533,1344,1432,1962,2019]
[0,159,429,533,716,874,1108,1194,1344,1432,1960,2019]
[0,429,533,1114,1194,1344,1432,2019]
[0,159,429,533,1108,1432,2019]
[0,429,666,1114,1344,1432,1962,2019]
[0,666,1432,1960,2019]
[0,429,1432,1962,2019]
[0,159,429,666,1114,1344,1432,2019]
[0,454,666,1344,1432,1960,2019]
[0,159,454,666,1114,1432,2019]
[0,874,1432,2019]
[0,429,666,1344,1432,2019]
[0,666,1415,1960,2019]
[0,1114,1962,2019]
[0,159,429,1108,1432,2019]
[0,1432,1960,2019]
[0,159,429,533,716,874,1108,1194,1344,1432,2019]
[0,429,666,1432,1962,2019]
[0,666,1432,1962,2019]
[0,159,429,533,1114,1194,1344,1432,2019]
[0,159,429,533,716,874,1108,1344,1432,2019]
[0,429,874,1108,1432,2019]
[0,1344,1960,2019]
[0,429,2019]
[0,159,429,1114,1432,2019]
[0,429,533,1114,1432,2019]
[0,454,666,1114,1432,2019]
[0,159,429,533,666,1114,1194,1344,1432,1962,2019]
[0,666,1432,2019]
[0,159,429,533,1114,1344,1432,2019]
[0,429,666,1114,2019]
[0,159,429,874,1108,1432,2019]
[0,159,429,666,1114,1432,2019]
[0,159,429,533,1114,1432,2019]
[0,429,666,1415,1960,2019]
[0,159,429,666,1415,2019]
[0,429,1432,2019]
[0,1344,1962,2019]
[0,159,429,533,1108,1344,1432,2019]
[0,159,429,533,666,1114,1432,2019]
[0,159,429,533,874,1108,1432,2019]
[0,304,666,1415,1960,2019]
[0,159,429,533,874,1108,1344,1432,2019]
[0,429,533,1114,1344,1432,2019]
[0,1415,1960,2019]
[0,666,2019]
[0,429,533,1344,1432,2019]
[0,429,666,1415,2019]
[0,429,533,1432,2019]
[0,159,429,533,666,1114,1194,1344,1432,2019]
[0,159,429,533,1344,1432,2019]
[0,159,429,716,1432,2019]
[0,159,429,533,1344,1432,1960,2019]
[0,1960,2019]
[0,159,429,666,1432,2019]
[0,429,666,1114,1432,2019]
[0,666,1114,2019]
[0,429,533,1114,1194,1344,1432,1962,2019]
[0,429,874,1432,2019]
[0,429,716,1432,2019]
[0,429,533,1114,1344,1432,1962,2019]
[0,429,533,1432,1960,2019]
[0,429,666,1432,2019]
[0,454,666,1114,1344,1432,2019]
[0,429,666,1114,1962,2019]
[0,159,429,533,1114,1344,1432,1960,2019]
[0,159,429,716,874,1432,2019]
[0,159,429,533,1108,1194,1344,1432,2019]
[0,666,1415,2019]
[0,159,429,716,874,1108,1432,2019]
[0,159,429,533,716,874,1432,2019]
[0,533,1432,2019]
[0,429,1432,1960,2019]
[0,159,429,533,666,1114,1344,1432,1962,2019]
[0,429,533,1432,1962,2019]
[0,1114,2019]
[0,159,429,666,1415,1960,2019]
[0,429,533,1344,1432,1960,2019]
[0,454,666,1432,2019]
[0,159,454,666,1432,2019]
[0,159,429,533,1108,1344,1432,1960,2019]
[0,159,429,874,1432,2019]
[0,159,429,533,1114,1344,1432,1962,2019]
[0,429,666,1344,1432,1962,2019]
[0,159,429,666,1114,1962,2019]
[0,1432,1962,2019]
[0,666,1344,2019]
[0,159,429,666,1114,1344,1432,1962,2019]
[0,159,429,666,1114,2019]
[0,1415,2019]
[0,429,666,2019]
[0,304,666,1415,2019]
[0,159,429,1432,2019]
[0,159,429,533,1432,2019]
[0,159,429,533,666,1114,1344,1432,2019]
[0,429,1108,1432,2019]
[0,159,429,533,874,1108,1194,1344,1432,1960,2019]
[0,666,1114,1432,2019]
