[0,772,1180]
[0,1071,1180]
[0,290,772,1180]
[0,708,1180]
[0,290,627,819,999,1180]
[0,288,1071,1180]
[0,238,290,627,819,1180]
[0,708,876,1180]
[0,290,708,1180]
[0,627,819,1180]
[0,290,708,876,1008,1180]
[0,683,876,999,1180]
[0,238,290,418,627,819,999,1180]
[0,290,627,819,1180]
[0,238,290,683,876,999,1180]
[0,601,819,1071,1180]
[0,290,627,819,1003,1180]
[0,290,627,819,1071,1180]
[0,683,1180]
[0,238,290,1180]
[0,627,819,999,1180]
[0,708,876,1008,1180]
[0,238,290,708,876,1180]
[0,290,418,627,819,1180]
[0,601,819,1180]
[0,627,819,1003,1180]
[0,290,683,1180]
[0,290,418,627,819,999,1180]
[0,290,683,876,999,1180]
[0,238,290,708,876,1008,1180]
[0,122,290,418,627,819,999,1180]
[0,238,1180]
[0,290,683,876,1180]
[0,601,1180]
[0,772,819,1180]
[0,876,1180]
[0,819,1180]
[0,290,708,876,1180]
[0,238,290,627,819,999,1180]
[0,288,1180]
[0,290,627,1180]
[0,122,238,290,418,627,819,999,1180]
[0,290,772,819,1180]
[0,238,290,772,819,1180]
[0,238,290,772,1180]
[0,627,1180]
[0,683,876,1180]
