[0,504,617,878,953,1435,2120]
[0,356,616,1435,1903,2120]
[0,347,505,1435,2120]
[0,356,504,617,1435,1666,2120]
[0,73,356,953,1435,1903,2120]
[0,1436,2120]
[0,73,356,504,617,925,1435,1903,2120]
[0,505,2120]
[0,617,2120]
[0,347,505,2120]
[0,617,878,1435,1903,2120]
[0,356,617,953,1435,2120]
[0,356,617,925,1435,1666,2120]
[0,356,617,878,1435,1903,2120]
[0,617,953,1435,2120]
[0,356,504,617,878,1435,2120]
[0,617,1435,1666,2120]
[0,73,356,504,617,1435,1903,2120]
[0,617,925,1435,2120]
[0,356,504,617,878,953,1435,2120]
[0,347,505,1436,2120]
[0,73,356,504,953,1435,1903,2120]
[0,73,616,1435,2120]
[0,73,356,616,1435,1903,2120]
[0,356,504,617,864,953,1435,2120]
[0,617,953,1435,1903,2120]
[0,504,617,1435,2120]
[0,73,356,504,617,1435,2120]
[0,953,2120]
[0,617,878,1435,2120]
[0,356,504,617,864,953,1435,1666,2120]
[0,356,617,953,1435,1666,2120]
[0,356,504,953,1435,2120]
[0,347,505,1435,1903,2120]
[0,505,1436,2120]
[0,356,617,1435,1903,2120]
[0,356,504,617,925,1435,1903,2120]
[0,617,1435,1903,2120]
[0,356,616,1435,2120]
[0,356,504,617,953,1435,1666,2120]
[0,73,356,504,617,925,1435,1666,2120]
[0,73,356,504,617,864,953,1435,1903,2120]
[0,617,925,1435,1666,2120]
[0,505,1435,1903,2120]
[0,73,616,1435,1903,2120]
[0,356,504,617,878,1435,1903,2120]
[0,504,1436,2120]
[0,504,617,878,1435,2120]
[0,617,1435,2120]
[0,356,504,617,953,1435,2120]
[0,356,1435,2120]
[0,505,1435,2120]
[0,617,878,2120]
[0,356,504,617,953,1435,1903,2120]
[0,73,356,504,617,1435,1666,2120]
[0,356,617,1435,1666,2120]
[0,356,504,617,1435,1903,2120]
[0,356,617,878,1435,2120]
[0,617,953,1435,1666,2120]
[0,617,878,953,1435,2120]
[0,356,617,925,1435,2120]
[0,356,504,617,864,953,1435,1903,2120]
[0,73,356,504,617,864,953,1435,2120]
[0,616,1435,2120]
[0,356,504,617,1435,2120]
[0,356,504,617,925,1435,1666,2120]
[0,617,925,1435,1903,2120]
[0,617,878,953,2120]
[0,1435,2120]
[0,356,504,953,1435,1903,2120]
[0,356,617,925,1435,1903,2120]
[0,504,2120]
[0,73,356,504,617,864,953,1435,1666,2120]
[0,616,2120]
[0,73,356,504,617,878,953,1435,1903,2120]
[0,356,504,617,878,953,1435,1903,2120]
[0,356,617,1435,2120]
[0,666,1436,2120]
[0,356,953,1435,2120]
[0,953,1435,2120]
[0,356,953,1435,1903,2120]
[0,356,2120]
[0,616,1435,1903,2120]
[0,666,2120]
[0,356,617,953,1435,1903,2120]
