[0,656,974,1165,1379,1879,2019]
[0,715,1165,2019]
[0,328,715,974,1165,1528,2019]
[0,656,974,1165,1379,1654,1879,2019]
[0,583,656,974,1165,1379,1879,2019]
[0,656,1270,2019]
[0,698,1352,2019]
[0,656,974,1165,1379,2019]
[0,583,974,1528,2019]
[0,344,656,1379,2019]
[0,344,656,1546,2019]
[0,1379,2019]
[0,344,656,974,1173,1379,2019]
[0,656,974,1379,2019]
[0,344,656,974,1165,1329,1546,2019]
[0,344,656,1372,2019]
[0,583,656,974,1165,1379,1654,1879,2019]
[0,656,974,1165,1379,1654,2019]
[0,583,656,974,1379,2019]
[0,974,2019]
[0,344,656,974,1165,1546,2019]
[0,328,715,1165,1546,2019]
[0,715,974,1165,1546,2019]
[0,557,1316,2019]
[0,715,974,1165,1528,1716,2019]
[0,715,974,1165,1528,2019]
[0,656,974,1379,1654,2019]
[0,656,1379,2019]
[0,656,1546,2019]
[0,715,974,1165,1329,1546,2019]
[0,1528,2019]
[0,328,715,1165,1528,2019]
[0,715,974,1165,1329,1528,2019]
[0,698,2019]
[0,344,656,974,1379,2019]
[0,344,656,1165,1546,2019]
[0,328,715,974,1165,1528,1716,2019]
[0,583,656,974,1165,1379,2019]
[0,557,2019]
[0,656,1654,2019]
[0,715,1165,1546,2019]
[0,656,1165,1546,2019]
[0,974,1379,2019]
[0,583,656,1379,2019]
[0,656,1372,2019]
[0,715,1165,1528,2019]
[0,328,715,974,1165,1329,1546,2019]
[0,656,2019]
[0,1316,2019]
[0,715,974,1165,1329,1528,1716,2019]
[0,583,2019]
[0,583,974,1379,2019]
[0,656,1270,1654,2019]
[0,328,715,974,1165,1329,1528,1716,2019]
[0,974,1165,1379,2019]
[0,974,1528,2019]
[0,328,715,974,1165,1546,2019]
[0,715,2019]
[0,583,974,1165,1379,2019]
