[0,274,1904,2812]
[0,629,1569,2246,2812]
[0,1586,1793,2812]
[0,274,629,1569,1904,2812]
[0,1586,2812]
[0,274,2812]
[0,1200,1793,2812]
[0,629,1569,1904,2246,2490,2812]
[0,274,790,2246,2812]
[0,1569,1904,2812]
[0,274,790,2490,2812]
[0,2246,2812]
[0,790,1569,2490,2812]
[0,274,790,1200,2812]
[0,1586,1815,2812]
[0,274,790,1569,2246,2490,2812]
[0,1569,1904,2246,2812]
[0,2490,2812]
[0,1586,2490,2812]
[0,1569,1793,2812]
[0,274,2490,2812]
[0,1200,2812]
[0,1569,1793,2246,2490,2812]
[0,790,2246,2812]
[0,1200,1664,1998,2490,2812]
[0,790,2490,2812]
[0,1664,1998,2490,2812]
[0,274,629,1569,1904,2246,2490,2812]
[0,1793,2490,2812]
[0,274,790,1200,1793,2812]
[0,274,790,1569,2812]
[0,1569,1904,2246,2490,2812]
[0,1904,2246,2812]
[0,274,629,1569,1793,1904,2246,2490,2812]
[0,1569,2246,2490,2812]
[0,790,1200,2812]
[0,274,790,1569,1793,2812]
[0,790,1586,1793,2246,2490,2812]
[0,790,1586,2246,2490,2812]
[0,1200,1793,2246,2812]
[0,629,1569,2246,2490,2812]
[0,790,2812]
[0,1534,2812]
[0,274,629,1569,1793,2246,2490,2812]
[0,274,629,1569,2490,2812]
[0,790,1569,1793,2812]
[0,274,790,1569,2490,2812]
[0,274,790,2812]
[0,1534,1815,2812]
[0,1586,1793,2246,2490,2812]
[0,629,1569,1904,2246,2812]
[0,274,790,1200,2490,2812]
[0,790,1569,2812]
[0,274,790,1569,1793,2246,2490,2812]
[0,274,629,1569,1904,2246,2812]
[0,1793,2812]
[0,629,1569,2490,2812]
[0,2246,2490,2812]
[0,790,1569,2246,2490,2812]
[0,629,1569,2812]
[0,274,790,2246,2490,2812]
[0,790,1200,1793,2246,2812]
[0,790,1200,2490,2812]
[0,1586,2246,2812]
[0,629,1569,1904,2812]
[0,790,1569,1793,2246,2490,2812]
[0,790,1586,2812]
[0,274,629,1569,2246,2490,2812]
[0,274,790,1200,1793,2246,2490,2812]
[0,274,790,1200,1793,2246,2812]
[0,1586,2246,2490,2812]
[0,1586,1815,2246,2490,2812]
[0,629,1569,1793,2246,2490,2812]
[0,1664,2812]
[0,274,790,1200,2246,2490,2812]
[0,1200,1664,1998,2812]
[0,274,2246,2490,2812]
[0,1586,1793,2246,2812]
[0,1569,1793,2246,2812]
[0,1904,2812]
[0,1664,1998,2812]
[0,1569,2246,2812]
[0,1569,2490,2812]
[0,790,1586,2490,2812]
[0,1569,2812]
[0,1586,1815,2246,2812]
[0,274,629,1569,2812]
[0,790,1200,1793,2812]
[0,1200,1998,2812]
