[0,1280,2258,2824]
[0,216,1280,2393,2824]
[0,1280,1742,2393,2824]
[0,128,1280,1399,1742,2278,2393,2776,2824]
[0,1280,1399,2393,2824]
[0,1280,2061,2258,2824]
[0,128,1280,1399,2393,2824]
[0,216,1461,2393,2824]
[0,1280,1784,2824]
[0,1280,2824]
[0,128,1280,1399,1742,2776,2824]
[0,128,1280,1742,2393,2776,2824]
[0,160,1280,1784,2824]
[0,1280,1784,2393,2824]
[0,1280,1742,2824]
[0,216,1280,2824]
[0,128,1280,1742,2061,2393,2824]
[0,2258,2393,2824]
[0,160,1280,1784,2393,2824]
[0,160,1280,1784,2776,2824]
[0,1280,1399,2278,2393,2824]
[0,128,1280,2061,2258,2393,2824]
[0,1280,2061,2258,2393,2824]
[0,160,1280,2776,2824]
[0,128,1280,2824]
[0,1280,1742,2061,2393,2824]
[0,128,1280,2258,2393,2824]
[0,128,1280,1742,2824]
[0,1280,2393,2824]
[0,1280,2776,2824]
[0,216,2393,2824]
[0,2393,2824]
[0,160,1280,2393,2824]
[0,1182,2258,2824]
[0,128,2824]
[0,1280,1742,2061,2258,2824]
[0,128,1280,1742,2061,2393,2776,2824]
[0,1182,2824]
[0,128,1280,2776,2824]
[0,128,1280,2393,2776,2824]
[0,2061,2258,2393,2824]
[0,128,1280,1742,2061,2258,2393,2824]
[0,128,1280,1784,2776,2824]
[0,128,1280,1399,1742,2393,2824]
[0,1461,2824]
[0,128,1280,1399,2776,2824]
[0,128,1280,1399,1742,2061,2258,2393,2776,2824]
[0,1280,1399,2824]
[0,128,1280,1399,2824]
[0,1280,2061,2824]
[0,128,1280,1742,2393,2824]
[0,160,1280,2824]
[0,128,1280,1399,1742,2278,2393,2824]
[0,128,1280,1784,2824]
[0,128,2258,2393,2824]
[0,128,1280,1399,1742,2061,2258,2393,2824]
[0,2776,2824]
[0,1280,1742,2061,2258,2393,2824]
[0,1280,1399,2258,2824]
[0,128,1280,1399,2278,2393,2776,2824]
[0,128,1280,1399,2258,2393,2824]
[0,216,2824]
[0,128,1280,2393,2824]
[0,160,1280,1784,2393,2776,2824]
[0,2061,2258,2824]
[0,1280,1399,2258,2393,2824]
[0,216,1280,1784,2393,2824]
[0,2258,2824]
[0,1461,2393,2824]
[0,128,1280,1399,1742,2824]
[0,128,1280,1399,2061,2258,2393,2824]
[0,128,1280,1399,2278,2393,2824]
[0,1280,1742,2061,2824]
[0,1280,2258,2393,2824]
