[0,1249,1529,2120]
[0,139,1047,1249,1529,2120]
[0,1047,1249,1529,2120]
[0,1047,1249,2120]
[0,320,1101,2120]
[0,1063,1239,1412,2120]
[0,139,411,943,1063,1249,1529,2072,2120]
[0,411,1063,1249,2120]
[0,1249,2120]
[0,411,1047,2120]
[0,1063,1249,1529,2120]
[0,320,2120]
[0,139,411,949,1063,1249,1529,2072,2120]
[0,411,949,1063,1249,1412,2120]
[0,411,1249,1529,2120]
[0,139,411,949,1063,1239,1412,2120]
[0,320,1063,2120]
[0,1063,1239,2120]
[0,411,949,1063,1239,1412,2120]
[0,306,1047,1292,2120]
[0,1063,1249,1412,2120]
[0,139,411,943,1063,1249,1529,2120]
[0,411,1249,2120]
[0,1101,2120]
[0,139,411,949,1063,1249,1529,2120]
[0,306,1047,2120]
[0,139,2120]
[0,139,1047,1292,2120]
[0,1047,1292,2120]
[0,949,1063,1249,1412,2120]
[0,949,1063,1249,2120]
[0,139,1063,2120]
[0,139,943,1063,1249,1529,2120]
[0,411,1063,1239,1412,2120]
[0,139,1063,1239,1412,2120]
[0,411,1047,1292,2120]
[0,139,1047,2120]
[0,139,411,1063,1239,1412,2120]
[0,306,2120]
[0,1063,2120]
[0,411,949,1063,1249,2120]
[0,139,411,1063,1249,1529,2120]
[0,411,2120]
[0,411,1063,1239,2120]
[0,139,411,1047,1292,2120]
[0,949,1063,1239,1412,2120]
[0,411,1063,1249,1529,2120]
[0,139,1063,1249,1529,2120]
[0,139,1063,1239,2120]
[0,411,1063,1249,1412,2120]
[0,1529,2120]
[0,411,1063,2120]
[0,1047,2120]
[0,411,949,1063,1249,1529,2120]
[0,1063,1249,2120]
