[0,349,1020,1500,1788,3704,4758]
[0,603,2779,4758]
[0,497,2779,4708,4758]
[0,3396,4758]
[0,3054,3396,4758]
[0,42,1020,1788,2779,4708,4758]
[0,588,2779,3054,3396,4758]
[0,509,4708,4758]
[0,349,1020,1500,1788,2779,3470,3704,4708,4758]
[0,497,4758]
[0,603,2779,3062,4758]
[0,603,1611,2779,3470,4758]
[0,120,600,1630,4758]
[0,42,1788,2779,4708,4758]
[0,42,349,1020,1500,1788,2779,3470,3704,4708,4758]
[0,603,1611,2093,4758]
[0,1020,1500,2779,3704,4758]
[0,3470,4758]
[0,349,1020,1500,4758]
[0,120,603,2779,4758]
[0,120,603,1611,2779,3062,4758]
[0,588,2779,3054,3396,4708,4758]
[0,120,603,1611,2093,2779,3062,4758]
[0,1020,4758]
[0,1788,2779,4708,4758]
[0,2228,2779,4758]
[0,300,813,1651,4708,4758]
[0,42,349,1020,1500,1788,3470,3704,4708,4758]
[0,696,2779,4758]
[0,813,4758]
[0,300,813,4758]
[0,349,1020,1500,1788,3704,4708,4758]
[0,603,1611,2093,2779,3470,4758]
[0,588,3054,3396,4708,4758]
[0,1788,4708,4758]
[0,120,603,2779,3062,4758]
[0,600,4708,4758]
[0,603,1611,4758]
[0,603,1611,2779,3062,4758]
[0,349,1020,1500,1788,2779,3704,4758]
[0,1020,1788,2779,4708,4758]
[0,120,600,4708,4758]
[0,300,4708,4758]
[0,120,603,1611,2093,2779,3062,4708,4758]
[0,588,3396,4758]
[0,509,4758]
[0,42,349,1020,1500,1788,3704,4708,4758]
[0,588,4758]
[0,588,3054,3396,4758]
[0,210,696,4758]
[0,120,600,1630,4708,4758]
[0,349,1020,1500,1788,3470,3704,4758]
[0,1020,1500,1788,3704,4758]
[0,603,4758]
[0,42,1020,4708,4758]
[0,210,4708,4758]
[0,603,1611,2093,2779,3062,4758]
[0,42,4708,4758]
[0,1651,4758]
[0,1611,3062,4758]
[0,120,600,4758]
[0,210,696,3470,4758]
[0,1611,4758]
[0,42,4758]
[0,603,1611,3062,4758]
[0,1020,2779,4708,4758]
[0,349,1020,1500,3704,4758]
[0,509,1639,4708,4758]
[0,603,1611,2093,2779,3062,3470,4758]
[0,3704,4758]
[0,1788,2779,4758]
[0,497,4708,4758]
[0,120,603,1611,2093,2779,3062,3470,4758]
[0,2779,4758]
[0,1639,4758]
[0,300,813,1651,4758]
[0,120,603,2779,3062,4708,4758]
[0,600,4758]
[0,42,497,2228,2779,4708,4758]
[0,300,813,4708,4758]
[0,600,1630,4758]
[0,120,603,1611,2779,3062,4708,4758]
[0,1020,1500,3704,4758]
[0,1020,4708,4758]
[0,3054,4758]
[0,1020,2779,3704,4758]
[0,1630,4758]
[0,1611,2779,4758]
[0,349,1020,1500,1788,3470,3704,4708,4758]
[0,42,497,2779,4708,4758]
[0,800,4758]
[0,210,4758]
[0,300,4758]
[0,509,1639,4758]
[0,1020,1500,1788,4708,4758]
[0,2228,4758]
[0,349,1020,1500,1788,4758]
[0,813,1651,4758]
[0,497,2228,2779,4708,4758]
[0,1020,3704,4758]
[0,603,1611,2779,4758]
[0,120,603,4758]
[0,1788,4758]
[0,42,1788,4708,4758]
[0,1020,1788,2779,4758]
[0,210,696,4708,4758]
[0,696,3470,4758]
[0,497,2779,4758]
[0,603,4708,4758]
[0,349,1020,1500,1788,2779,3470,3704,4758]
[0,1020,1500,1788,3704,4708,4758]
[0,696,4758]
[0,1020,2779,4758]
[0,120,603,2779,4708,4758]
[0,120,603,1611,2093,2779,3062,3470,4708,4758]
[0,497,2228,2779,4758]
[0,3062,4758]
[0,4708,4758]
[0,120,603,4708,4758]
[0,349,1020,1500,2779,3704,4758]
[0,1020,1500,1788,4758]
[0,1611,2779,3470,4758]
[0,42,1020,2779,4708,4758]
[0,210,696,3470,4708,4758]
[0,603,1611,2093,2779,4758]
[0,1020,1500,4758]
