[0,443,594,855,1177,1419]
[0,855,987,1083,1419]
[0,443,594,855,987,1293,1419]
[0,77,443,855,1419]
[0,443,594,855,987,1066,1177,1419]
[0,1066,1419]
[0,443,1419]
[0,443,855,987,1083,1419]
[0,77,855,987,1083,1293,1419]
[0,443,594,855,1419]
[0,77,443,594,855,987,1083,1177,1378,1419]
[0,443,855,987,1083,1293,1419]
[0,77,443,855,987,1083,1177,1419]
[0,443,987,1419]
[0,77,443,594,855,987,1066,1419]
[0,443,594,855,987,1083,1419]
[0,77,855,987,1066,1177,1246,1419]
[0,855,987,1083,1177,1419]
[0,443,855,1177,1419]
[0,77,987,1066,1419]
[0,77,443,594,855,987,1114,1419]
[0,77,443,855,987,1066,1177,1246,1419]
[0,77,443,855,987,1066,1177,1419]
[0,443,987,1066,1419]
[0,77,443,855,987,1083,1293,1419]
[0,855,987,1114,1419]
[0,443,594,855,987,1177,1419]
[0,77,855,987,1114,1419]
[0,77,443,594,855,987,1083,1293,1419]
[0,443,855,987,1293,1419]
[0,77,443,855,987,1083,1177,1378,1419]
[0,855,987,1083,1293,1419]
[0,443,855,987,1419]
[0,443,855,1154,1419]
[0,77,855,987,1083,1177,1419]
[0,77,443,594,855,987,1066,1177,1246,1419]
[0,77,443,855,987,1114,1419]
[0,987,1419]
[0,855,987,1066,1177,1419]
[0,77,855,1419]
[0,443,594,855,987,1066,1419]
[0,77,855,987,1419]
[0,77,443,855,1154,1419]
[0,443,594,855,987,1083,1177,1419]
[0,443,855,987,1083,1177,1419]
[0,77,855,1154,1419]
[0,77,1066,1419]
[0,443,594,855,987,1419]
[0,443,855,987,1114,1419]
[0,855,987,1419]
[0,443,855,987,1066,1419]
[0,855,987,1177,1419]
[0,77,1419]
[0,855,1154,1419]
[0,443,594,855,987,1083,1293,1419]
[0,77,855,987,1066,1177,1419]
[0,443,855,1419]
[0,443,594,855,987,1114,1419]
[0,443,1066,1419]
[0,855,987,1293,1419]
[0,987,1066,1419]
[0,443,855,987,1066,1177,1419]
[0,77,855,987,1066,1419]
[0,77,443,594,855,987,1083,1177,1419]
[0,443,855,987,1177,1419]
[0,77,443,594,855,987,1066,1177,1419]
[0,855,987,1066,1419]
[0,77,443,855,987,1066,1419]
[0,77,855,987,1083,1419]
[0,855,1419]
[0,855,1177,1419]
