[0,494,1286,2759]
[0,771,931,1286,1780,2153,2547,2759]
[0,494,2153,2759]
[0,931,1503,2153,2759]
[0,711,931,1191,1503,1780,2153,2547,2759]
[0,494,1191,2759]
[0,138,711,931,1286,1503,1780,2153,2547,2759]
[0,711,931,1286,2153,2547,2759]
[0,931,1286,1780,2759]
[0,771,931,1286,2153,2547,2759]
[0,1191,2759]
[0,931,2759]
[0,931,1191,1503,1780,2759]
[0,711,931,1286,2153,2759]
[0,138,711,931,1191,1503,1780,2153,2547,2759]
[0,138,771,931,1286,1503,1780,2153,2547,2759]
[0,138,771,931,1191,1503,2153,2547,2759]
[0,931,1286,1780,2153,2547,2759]
[0,931,1503,2759]
[0,931,1191,2547,2759]
[0,931,1780,2153,2759]
[0,711,931,1286,1503,1780,2759]
[0,138,711,931,1286,2153,2547,2759]
[0,711,931,1286,2759]
[0,931,1503,1780,2759]
[0,925,1286,2153,2759]
[0,711,931,1191,2759]
[0,925,1286,2547,2759]
[0,925,1286,2759]
[0,138,771,931,1191,1503,1780,2153,2547,2759]
[0,407,925,1286,2153,2759]
[0,711,931,1191,1503,2153,2547,2759]
[0,494,2153,2547,2759]
[0,138,925,1286,2153,2547,2759]
[0,711,931,1286,1780,2759]
[0,931,1286,1780,2153,2759]
[0,494,1286,2153,2759]
[0,925,1286,2153,2547,2759]
[0,771,931,1191,1503,1780,2153,2547,2759]
[0,407,925,2759]
[0,711,931,1191,2153,2547,2759]
[0,407,925,1286,2153,2547,2759]
[0,138,771,931,1191,2153,2547,2759]
[0,138,931,1286,2153,2547,2759]
[0,711,931,1191,1503,1780,2759]
[0,925,2759]
[0,138,711,931,1191,2153,2547,2759]
[0,931,1191,1780,2759]
[0,711,931,1286,1503,1780,2153,2759]
[0,771,931,1286,1503,1780,2153,2547,2759]
[0,931,1286,2759]
[0,407,925,1286,2759]
[0,407,925,2153,2759]
[0,494,1286,2153,2547,2759]
[0,931,1191,1503,1780,2153,2759]
[0,138,771,931,1286,1780,2153,2547,2759]
[0,711,931,1286,1780,2153,2547,2759]
[0,771,2221,2759]
[0,931,1191,1503,1780,2153,2547,2759]
[0,138,931,1191,2153,2547,2759]
[0,711,931,1191,1503,1780,2153,2759]
[0,931,1191,2153,2547,2759]
[0,138,711,931,1191,1503,2153,2547,2759]
[0,931,2153,2759]
[0,494,2547,2759]
[0,931,1191,2153,2759]
[0,931,1191,2759]
[0,711,931,1286,1780,2153,2759]
[0,931,1286,1503,1780,2153,2547,2759]
[0,138,771,931,1286,2153,2547,2759]
[0,771,931,1191,2153,2547,2759]
[0,711,931,1191,1503,2153,2759]
[0,1286,2153,2759]
[0,931,1503,1780,2153,2759]
[0,407,925,1286,2547,2759]
[0,931,1286,2153,2547,2759]
[0,931,1780,2759]
[0,711,931,1191,2153,2759]
[0,931,1286,2547,2759]
[0,925,2153,2759]
[0,494,1191,2547,2759]
[0,931,1191,1503,2153,2547,2759]
[0,931,1286,1503,1780,2759]
[0,494,2759]
[0,931,1286,2153,2759]
[0,771,2759]
[0,711,931,1286,1503,1780,2153,2547,2759]
[0,931,1191,1503,2153,2759]
[0,138,711,931,1286,1780,2153,2547,2759]
[0,771,931,1191,1503,2153,2547,2759]
[0,1286,2759]
[0,2153,2759]
[0,931,1286,1503,1780,2153,2759]
