[0,430,1342,2025,2288,2554]
[0,548,2025,2554]
[0,685,1398,2554]
[0,2503,2554]
[0,237,430,1037,1342,2025,2288,2554]
[0,237,430,1342,1881,2025,2288,2503,2554]
[0,685,1251,1974,2418,2554]
[0,548,1342,2288,2503,2554]
[0,430,1342,2554]
[0,548,1342,2025,2288,2554]
[0,430,2288,2554]
[0,320,685,1398,2288,2503,2554]
[0,320,685,1398,2554]
[0,548,1037,1342,2025,2288,2554]
[0,1342,1892,2554]
[0,1342,1881,2554]
[0,1342,1892,2025,2554]
[0,685,1342,2025,2288,2503,2554]
[0,237,430,2554]
[0,2025,2554]
[0,307,548,1342,1892,2025,2288,2503,2554]
[0,307,548,1037,1342,1892,2025,2288,2554]
[0,1342,1892,2025,2288,2503,2554]
[0,685,1342,2503,2554]
[0,548,2025,2288,2554]
[0,2288,2503,2554]
[0,2025,2288,2554]
[0,548,1342,1892,2554]
[0,307,548,1037,1342,2288,2503,2554]
[0,307,548,1037,1342,2025,2288,2554]
[0,237,1037,1342,2025,2288,2554]
[0,1342,2554]
[0,1037,1342,2025,2288,2554]
[0,548,1037,1342,2288,2554]
[0,237,430,1342,2025,2288,2503,2554]
[0,1037,2503,2554]
[0,685,2288,2503,2554]
[0,307,548,1342,2554]
[0,685,2025,2288,2554]
[0,548,1251,1974,2554]
[0,320,685,1342,1974,2418,2554]
[0,548,1342,2288,2554]
[0,237,430,1881,2025,2554]
[0,685,1342,2025,2288,2554]
[0,685,1398,2288,2503,2554]
[0,320,685,2554]
[0,685,1251,2554]
[0,2288,2554]
[0,548,1251,1974,2418,2554]
[0,1251,1974,2554]
[0,307,548,1037,1342,1892,2025,2288,2503,2554]
[0,2025,2288,2503,2554]
[0,237,430,1037,1342,1881,2025,2288,2503,2554]
[0,237,430,1342,1881,2025,2288,2554]
[0,430,1037,1342,2503,2554]
[0,320,685,1251,1974,2554]
[0,548,1251,2554]
[0,1251,2554]
[0,307,548,1342,2288,2503,2554]
[0,1342,1892,2025,2288,2554]
[0,1037,1342,2503,2554]
[0,1342,2288,2503,2554]
[0,685,2503,2554]
[0,685,1251,1974,2554]
[0,548,1342,1892,2025,2288,2554]
[0,1892,2025,2288,2503,2554]
[0,237,430,1881,2025,2288,2503,2554]
[0,548,1251,2288,2554]
[0,237,430,2503,2554]
[0,1398,2554]
[0,548,1037,1342,2554]
[0,685,2554]
[0,237,430,2288,2503,2554]
[0,237,430,2025,2288,2554]
[0,1037,1342,2554]
[0,685,2025,2554]
[0,320,685,1398,2288,2554]
[0,1342,2288,2554]
[0,307,548,2025,2288,2554]
[0,685,1398,2288,2554]
[0,1037,2554]
[0,237,430,2025,2554]
[0,685,1342,2288,2554]
[0,548,2554]
[0,320,685,1251,1974,2418,2554]
[0,307,548,1342,2025,2288,2554]
[0,430,1037,1342,2554]
[0,685,2025,2288,2503,2554]
[0,548,1342,2554]
[0,237,430,1342,1881,2025,2554]
[0,685,1342,2554]
[0,548,1342,1892,2025,2288,2503,2554]
[0,320,685,1342,1974,2554]
[0,320,685,1037,1342,1974,2554]
[0,237,430,1037,1342,1881,2025,2288,2554]
[0,307,548,1037,1342,2288,2554]
[0,430,2503,2554]
[0,237,430,1342,2554]
[0,237,430,2025,2288,2503,2554]
[0,1037,1342,2288,2554]
[0,430,2025,2554]
[0,307,548,1342,1892,2025,2288,2554]
[0,237,430,1342,2025,2288,2554]
[0,237,430,1342,1881,2554]
[0,685,2288,2554]
[0,307,548,1342,2288,2554]
[0,1892,2025,2288,2554]
[0,1892,2025,2554]
[0,237,430,1037,1342,2025,2288,2503,2554]
[0,237,430,2288,2554]
[0,1342,2025,2288,2554]
[0,320,685,1037,1342,1974,2418,2554]
[0,685,1342,1974,2418,2554]
[0,430,2025,2288,2554]
[0,548,1342,1892,2025,2554]
[0,685,1342,1974,2554]
[0,237,430,1881,2025,2288,2554]
[0,430,1342,2288,2554]
[0,430,1342,1881,2554]
[0,430,2554]
