[0,638,902,1173,1249]
[0,176,390,902,1173,1249]
[0,176,311,390,444,638,902,961,1249]
[0,441,902,1249]
[0,176,311,638,902,1249]
[0,176,1249]
[0,390,444,1249]
[0,638,902,961,1249]
[0,148,346,1249]
[0,90,346,444,638,902,1249]
[0,148,346,902,1249]
[0,902,1249]
[0,176,390,638,902,1249]
[0,444,1249]
[0,346,444,638,902,1207,1249]
[0,444,638,902,1249]
[0,176,390,638,902,961,1173,1249]
[0,148,346,444,1207,1249]
[0,390,902,961,1249]
[0,148,346,638,902,1249]
[0,90,390,902,1249]
[0,176,311,444,638,902,1173,1249]
[0,90,390,902,1207,1249]
[0,441,1249]
[0,1207,1249]
[0,390,1249]
[0,176,311,444,638,902,961,1249]
[0,346,444,638,902,1249]
[0,176,390,444,638,902,961,1173,1249]
[0,148,346,444,638,902,1249]
[0,346,902,1249]
[0,390,902,1207,1249]
[0,176,390,444,638,902,1249]
[0,148,346,444,638,902,961,1207,1249]
[0,176,390,638,902,961,1249]
[0,148,346,444,638,902,961,1249]
[0,148,346,444,902,1207,1249]
[0,346,1249]
[0,902,961,1249]
[0,176,311,444,902,1249]
[0,638,902,1249]
[0,346,444,1207,1249]
[0,390,638,902,1249]
[0,444,905,1249]
[0,148,346,444,638,902,1207,1249]
[0,148,346,444,902,1249]
[0,176,311,444,638,902,1249]
[0,176,311,444,902,961,1249]
[0,902,1207,1249]
[0,346,444,902,961,1207,1249]
[0,444,638,902,961,1249]
[0,390,444,902,961,1249]
[0,148,346,444,902,961,1207,1249]
[0,390,902,1249]
[0,346,638,902,1249]
[0,176,390,444,638,902,961,1207,1249]
[0,390,444,638,902,961,1207,1249]
[0,176,390,902,961,1249]
[0,176,390,638,902,1173,1249]
[0,346,444,902,961,1249]
[0,176,390,902,1249]
[0,90,346,444,638,902,1207,1249]
[0,176,390,902,961,1173,1249]
[0,148,346,444,1249]
[0,176,311,444,1249]
[0,346,444,902,1249]
[0,176,390,444,638,902,961,1249]
[0,176,311,390,444,638,902,961,1173,1249]
[0,311,444,1249]
[0,90,902,1249]
[0,176,311,902,1249]
[0,902,1173,1249]
[0,346,444,902,1207,1249]
[0,148,1249]
[0,148,902,1249]
[0,444,638,902,1173,1249]
[0,176,638,902,1249]
[0,90,902,1207,1249]
[0,311,902,1249]
[0,176,311,1249]
[0,390,444,902,961,1207,1249]
[0,148,346,444,902,961,1249]
[0,390,444,902,1249]
[0,346,444,1249]
[0,176,311,444,638,902,961,1173,1249]
[0,905,1249]
[0,390,444,638,902,1249]
[0,390,444,638,902,961,1249]
