[0,510,592,1862,2053]
[0,592,1232,1475,1620,1862,2053]
[0,592,944,1620,1802,2053]
[0,592,944,1148,1620,1802,2053]
[0,535,1480,2053]
[0,52,944,1232,1480,1809,2053]
[0,592,944,2053]
[0,510,592,944,2053]
[0,1232,1620,2053]
[0,52,535,1480,1809,2053]
[0,592,1232,1620,1862,2053]
[0,1255,2053]
[0,510,592,1232,2053]
[0,52,1232,2053]
[0,510,592,1232,1475,1620,1862,2053]
[0,944,1862,2053]
[0,510,592,1232,1475,1620,2053]
[0,1802,1862,2053]
[0,510,592,1620,1862,2053]
[0,510,1620,2053]
[0,510,1802,1862,2053]
[0,944,1232,1480,2053]
[0,592,1232,1620,2053]
[0,592,944,1232,1475,1620,2053]
[0,510,592,2053]
[0,52,944,1232,2053]
[0,1862,2053]
[0,592,944,1862,2053]
[0,944,2053]
[0,1475,1620,2053]
[0,1480,1809,2053]
[0,52,1232,1809,2053]
[0,1802,2053]
[0,1232,1480,1809,2053]
[0,510,2053]
[0,510,592,1232,1862,2053]
[0,52,1232,1480,1809,2053]
[0,1620,1862,2053]
[0,510,592,944,1802,1862,2053]
[0,592,1232,1475,1620,2053]
[0,510,592,1232,1620,1802,1862,2053]
[0,510,1620,1862,2053]
[0,592,944,1148,1620,2053]
[0,1480,2053]
[0,1232,1620,1862,2053]
[0,510,592,1802,1862,2053]
[0,592,944,1148,1417,1620,1802,2053]
[0,592,944,1232,1620,2053]
[0,510,592,1232,1620,1862,2053]
[0,1232,1862,2053]
[0,510,592,944,1620,2053]
[0,510,592,1232,1802,1862,2053]
[0,944,1620,2053]
[0,1475,1620,1862,2053]
[0,592,1232,2053]
[0,510,592,944,1862,2053]
[0,1232,1809,2053]
[0,510,592,1232,1475,1620,1802,1862,2053]
[0,510,1862,2053]
[0,592,1232,1862,2053]
[0,1620,2053]
[0,510,592,944,1148,1620,2053]
[0,1232,1475,1620,1862,2053]
[0,535,2053]
[0,592,944,1620,2053]
[0,944,1232,2053]
[0,944,1232,1480,1809,2053]
[0,52,944,1232,1480,2053]
[0,1232,1475,1620,2053]
[0,1232,2053]
[0,1232,1480,2053]
[0,535,1480,1809,2053]
[0,510,592,1232,1620,2053]
[0,510,592,944,1232,1475,1620,2053]
[0,592,944,1148,1417,1620,2053]
[0,535,1802,2053]
