[0,424,570,720,931,1180]
[0,207,424,570,1180]
[0,247,483,931,1180]
[0,483,720,1180]
[0,232,483,1180]
[0,424,1180]
[0,103,247,483,720,931,1049,1180]
[0,483,570,931,1049,1180]
[0,247,483,720,931,1180]
[0,483,720,931,1180]
[0,424,570,1180]
[0,424,931,1180]
[0,103,483,570,720,931,1180]
[0,483,570,720,1180]
[0,483,931,1049,1180]
[0,103,483,931,1049,1180]
[0,247,483,720,931,1049,1180]
[0,247,483,931,1049,1180]
[0,483,931,1180]
[0,232,483,1045,1180]
[0,483,570,720,931,1049,1180]
[0,483,570,1180]
[0,483,1180]
[0,424,483,570,720,931,1049,1180]
[0,483,570,931,1180]
[0,103,247,483,720,931,1180]
[0,483,570,720,931,1049,1093,1180]
[0,424,720,931,1180]
[0,424,570,720,1180]
[0,103,247,483,570,720,931,1049,1180]
[0,424,483,570,720,931,1099,1180]
[0,424,483,570,720,931,1049,1093,1180]
[0,483,570,720,931,1099,1180]
[0,103,247,483,570,931,1049,1180]
[0,103,483,570,931,1049,1180]
[0,103,483,570,720,931,1049,1180]
[0,103,247,483,570,720,931,1180]
[0,424,570,1093,1180]
[0,207,424,1180]
[0,103,483,720,931,1180]
[0,207,424,570,1093,1180]
[0,424,720,1180]
[0,483,570,720,931,1180]
[0,483,720,931,1049,1180]
[0,103,247,483,931,1049,1180]
[0,103,483,720,931,1049,1180]
