[0,822,1423,1754,2020]
[0,603,1423,1754,2020]
[0,822,1224,1423,1754,2020]
[0,895,1222,1423,1754,2020]
[0,603,822,1224,1423,1754,2020]
[0,410,603,895,1224,1423,1754,2020]
[0,410,603,822,1224,1423,1754,2020]
[0,775,895,1222,1423,1754,2020]
[0,775,2020]
[0,895,1423,1754,2020]
[0,603,2020]
[0,1653,1754,2020]
[0,775,1424,2020]
[0,822,1754,2020]
[0,895,1754,2020]
[0,1754,2020]
[0,895,1222,1653,1754,2020]
[0,1424,2020]
[0,603,895,1224,1423,1653,1754,2020]
[0,410,603,895,1224,1423,1653,1754,2020]
[0,1221,1423,1754,2020]
[0,603,895,2020]
[0,895,1222,1754,2020]
[0,895,1653,1754,2020]
[0,603,1423,2020]
[0,775,895,1222,1423,1653,1754,2020]
[0,822,1222,1423,1754,2020]
[0,895,1423,2020]
[0,895,1224,1423,1754,2020]
[0,603,822,1222,1423,1754,2020]
[0,1222,1423,1754,2020]
[0,822,1423,2020]
[0,603,895,1224,1423,1754,2020]
[0,895,1224,1423,1653,1754,2020]
[0,895,2020]
[0,1224,1423,1754,2020]
[0,1423,2020]
[0,1423,1754,2020]
[0,603,895,1423,2020]
[0,895,1222,2020]
[0,603,822,1423,1754,2020]
[0,822,2020]
[0,603,895,1423,1754,2020]
[0,895,1222,1423,1653,1754,2020]
