[0,487,1341,2020]
[0,1288,2020]
[0,1470,1707,2020]
[0,487,625,2020]
[0,487,754,1078,1470,1707,2020]
[0,1288,1470,1670,2020]
[0,487,754,1470,1707,2020]
[0,487,1288,1470,1670,2020]
[0,487,1078,1288,1470,1670,2020]
[0,487,754,1470,2020]
[0,1319,1470,1670,2020]
[0,535,1470,2020]
[0,487,1078,1470,1670,2020]
[0,487,754,1078,1288,1470,1670,2020]
[0,487,1670,2020]
[0,487,754,1078,1319,1470,1670,1795,2020]
[0,1078,2020]
[0,1319,1470,1670,1795,2020]
[0,1341,1707,2020]
[0,487,1707,2020]
[0,487,1078,1670,2020]
[0,487,754,1078,1319,1470,1707,2020]
[0,487,754,2020]
[0,487,625,1423,1707,2020]
[0,1707,2020]
[0,487,624,1470,1670,2020]
[0,487,1078,1707,2020]
[0,487,754,1319,1470,1670,1795,2020]
[0,487,754,1078,1670,2020]
[0,487,1470,1670,2020]
[0,487,2020]
[0,487,754,1288,1470,1670,2020]
[0,1288,1470,2020]
[0,487,1319,1470,1707,2020]
[0,487,1470,1707,2020]
[0,1319,2020]
[0,1341,2020]
[0,487,754,1319,1470,1670,2020]
[0,138,487,625,1707,2020]
[0,138,487,1078,1470,1670,2020]
[0,487,754,1470,1670,2020]
[0,487,1078,1319,1470,1707,2020]
[0,138,487,625,1423,1707,2020]
[0,487,754,1078,1707,2020]
[0,487,754,1078,1470,1670,2020]
[0,487,1319,1470,1670,1795,2020]
[0,1319,1470,2020]
[0,1470,2020]
[0,487,1470,2020]
[0,487,625,1707,2020]
[0,487,754,1319,1470,1707,2020]
[0,1319,1470,1707,2020]
[0,487,754,1078,1288,1470,1670,1795,2020]
[0,487,754,1078,1319,1470,1670,2020]
[0,487,625,1078,1319,1470,1707,2020]
[0,487,1078,2020]
[0,1670,2020]
[0,487,754,1670,2020]
[0,487,624,754,1078,1319,1470,1707,2020]
[0,487,625,1341,2020]
[0,487,754,1707,2020]
[0,487,1078,1470,1707,2020]
[0,487,1319,1470,1670,2020]
[0,1470,1670,2020]
[0,487,1423,1707,2020]
[0,487,625,1319,1470,1707,2020]
