[0,1078,2812]
[0,287,1149,1634,2008,2169,2812]
[0,829,1191,1634,2240,2812]
[0,287,1149,1634,2008,2812]
[0,287,1149,2812]
[0,287,1182,2812]
[0,287,829,1191,2008,2240,2812]
[0,287,1149,2008,2812]
[0,141,287,1078,1149,2008,2169,2758,2812]
[0,287,1149,1634,2812]
[0,1182,2008,2812]
[0,141,287,1149,1634,2008,2169,2812]
[0,1634,2240,2812]
[0,141,287,1150,2008,2240,2812]
[0,287,1078,1182,1634,2812]
[0,287,1078,1182,1634,2008,2240,2812]
[0,141,287,1078,2758,2812]
[0,141,287,1078,2812]
[0,141,287,1149,2008,2812]
[0,141,287,1149,1634,2812]
[0,1191,1634,2812]
[0,287,1149,2758,2812]
[0,287,2812]
[0,141,287,1078,1149,2008,2169,2812]
[0,287,1182,2008,2240,2812]
[0,287,1191,1634,2812]
[0,287,1149,1634,2758,2812]
[0,287,1078,1182,2008,2240,2812]
[0,1078,2169,2812]
[0,287,1150,2008,2240,2812]
[0,2008,2812]
[0,1634,2812]
[0,141,287,829,1133,1191,1634,2008,2240,2758,2812]
[0,287,829,1191,1634,2812]
[0,287,1182,2008,2812]
[0,244,1150,1634,2758,2812]
[0,287,1191,2008,2812]
[0,287,1150,2812]
[0,287,1182,1634,2812]
[0,141,287,829,1133,1191,1634,2008,2240,2812]
[0,141,287,1078,1149,1634,2008,2812]
[0,1182,1634,2240,2812]
[0,287,1078,1149,1634,2812]
[0,287,1150,2008,2812]
[0,1191,2812]
[0,1149,2008,2812]
[0,141,287,1150,1634,2758,2812]
[0,141,287,1078,2008,2758,2812]
[0,287,1078,1149,2008,2812]
[0,287,2758,2812]
[0,244,2812]
[0,141,287,1078,2008,2169,2758,2812]
[0,287,829,1191,1634,2240,2812]
[0,244,1150,2758,2812]
[0,287,1150,1634,2758,2812]
[0,1150,2008,2812]
[0,287,829,1133,1191,1634,2008,2240,2758,2812]
[0,287,1133,1191,2008,2240,2812]
[0,141,287,1078,2008,2812]
[0,287,1078,2008,2169,2812]
[0,287,1078,1149,2812]
[0,287,1150,2758,2812]
[0,287,1078,1182,2812]
[0,829,2812]
[0,287,1191,1634,2008,2240,2812]
[0,1078,2240,2812]
[0,141,287,1078,1149,1634,2008,2169,2758,2812]
[0,829,1191,2812]
[0,1150,2812]
[0,287,1078,2758,2812]
[0,287,1078,1149,2008,2758,2812]
[0,287,1078,1182,2008,2812]
[0,244,1150,2812]
[0,287,829,1133,1191,1634,2008,2240,2812]
[0,1182,1634,2812]
[0,2169,2812]
[0,287,1191,2008,2240,2812]
[0,1191,1634,2240,2812]
[0,287,1078,2812]
[0,141,287,1078,2008,2169,2812]
[0,1191,2008,2812]
[0,287,1150,2008,2240,2758,2812]
[0,287,1133,1191,2812]
[0,829,1191,2008,2812]
[0,829,1191,1634,2812]
[0,141,287,1078,1149,2008,2812]
[0,141,287,1078,1149,1634,2812]
[0,141,287,829,1191,1634,2008,2240,2812]
[0,141,287,1150,2008,2240,2758,2812]
[0,287,829,1191,2008,2812]
[0,141,287,1149,2008,2169,2812]
[0,1078,2008,2812]
[0,244,1150,1634,2812]
[0,141,287,1078,1149,1634,2008,2169,2812]
[0,287,1182,1634,2008,2240,2812]
[0,287,1182,1634,2240,2812]
[0,287,1078,1182,2008,2240,2758,2812]
[0,287,1150,1634,2812]
[0,1149,1634,2812]
[0,287,1133,1191,2008,2812]
[0,1149,2812]
[0,287,1149,2008,2169,2812]
[0,287,829,1191,1634,2008,2240,2812]
[0,141,287,1078,1149,2008,2758,2812]
[0,1182,2812]
[0,287,1191,1634,2240,2812]
[0,287,1133,1191,1634,2008,2240,2758,2812]
[0,141,287,1149,1634,2008,2812]
[0,141,287,1150,1634,2812]
[0,287,1191,2812]
[0,287,1133,1191,1634,2008,2240,2812]
[0,1149,1634,2008,2812]
[0,1150,1634,2812]
[0,287,1078,2008,2812]
[0,287,1078,1182,1634,2008,2240,2758,2812]
