[0,871,985,1134,1249]
[0,85,142,413,581,693,871,985,1134,1249]
[0,871,1134,1249]
[0,85,142,581,693,871,985,1249]
[0,217,871,1134,1249]
[0,617,693,871,985,1249]
[0,85,581,693,871,985,1134,1249]
[0,581,693,871,985,1249]
[0,85,693,871,985,1249]
[0,693,871,1134,1249]
[0,286,871,985,1134,1249]
[0,413,581,693,871,985,1134,1249]
[0,85,581,693,871,985,1249]
[0,217,693,871,985,1134,1249]
[0,217,617,693,871,985,1249]
[0,85,142,617,693,871,985,1249]
[0,581,871,1134,1249]
[0,286,871,1134,1249]
[0,217,693,871,985,1249]
[0,693,871,985,1134,1249]
[0,142,217,871,985,1249]
[0,286,617,871,1249]
[0,871,1249]
[0,217,871,985,1134,1249]
[0,581,693,871,985,1134,1249]
[0,142,217,871,1134,1249]
[0,85,142,217,617,693,871,985,1134,1249]
[0,217,693,871,1134,1249]
[0,581,871,1249]
[0,693,871,1249]
[0,85,142,217,617,693,871,985,1249]
[0,286,617,871,985,1134,1249]
[0,617,693,871,985,1134,1249]
[0,85,617,693,871,985,1249]
[0,286,617,871,1134,1249]
[0,581,871,985,1134,1249]
[0,142,217,871,985,1134,1249]
[0,413,581,871,1134,1249]
[0,871,985,1249]
[0,217,617,693,871,985,1134,1249]
[0,217,871,985,1249]
[0,217,693,871,1249]
[0,693,871,985,1249]
[0,85,142,581,693,871,985,1134,1249]
[0,85,413,581,693,871,985,1134,1249]
[0,142,217,617,693,871,985,1249]
[0,286,871,1249]
[0,413,581,871,985,1134,1249]
[0,142,217,617,693,871,985,1134,1249]
[0,217,871,1249]
[0,413,581,871,1249]
