[0,400,546,778,998,1179,1642]
[0,546,820,1642]
[0,91,546,1081,1179,1642]
[0,546,778,998,1381,1642]
[0,91,546,778,998,1081,1179,1381,1642]
[0,91,400,546,778,998,1179,1381,1642]
[0,91,546,778,998,1381,1642]
[0,778,998,1081,1179,1642]
[0,91,546,998,1081,1179,1387,1642]
[0,778,998,1381,1642]
[0,400,546,778,998,1381,1642]
[0,91,778,998,1179,1642]
[0,400,546,778,998,1179,1381,1642]
[0,546,1179,1381,1642]
[0,91,546,820,1387,1642]
[0,546,1179,1387,1642]
[0,91,778,998,1381,1642]
[0,91,400,546,778,998,1179,1642]
[0,546,925,1179,1642]
[0,91,400,546,998,1081,1179,1387,1477,1642]
[0,91,546,778,998,1179,1381,1642]
[0,546,778,998,1387,1642]
[0,400,546,778,1179,1642]
[0,546,778,998,1179,1381,1642]
[0,91,546,1179,1642]
[0,91,400,546,778,998,1381,1642]
[0,1381,1642]
[0,778,1179,1642]
[0,91,546,778,998,1179,1387,1642]
[0,546,820,1387,1642]
[0,546,778,998,1179,1387,1642]
[0,400,546,1081,1179,1642]
[0,91,400,546,998,1081,1179,1642]
[0,400,546,1179,1387,1642]
[0,91,400,546,778,998,1081,1179,1381,1642]
[0,778,998,1179,1642]
[0,546,998,1642]
[0,546,1381,1642]
[0,778,1381,1642]
[0,778,998,1642]
[0,91,400,546,998,1081,1179,1381,1642]
[0,91,1081,1642]
[0,1387,1642]
[0,1081,1642]
[0,546,778,998,1179,1642]
[0,546,1642]
[0,91,400,546,1081,1179,1642]
[0,91,546,778,998,1179,1642]
[0,778,998,1179,1381,1642]
[0,546,998,1381,1642]
[0,91,778,1179,1642]
[0,91,546,1387,1642]
[0,91,400,546,1081,1179,1381,1642]
[0,546,1081,1179,1387,1642]
[0,546,1081,1179,1642]
[0,91,400,546,998,1081,1179,1387,1642]
[0,91,546,778,998,1081,1179,1642]
[0,546,1081,1642]
[0,546,1387,1642]
[0,778,1387,1642]
[0,91,546,778,998,1081,1179,1387,1642]
[0,91,400,546,1081,1179,1387,1477,1642]
[0,91,639,1081,1642]
[0,400,546,1179,1642]
[0,91,546,998,1081,1179,1642]
[0,91,546,1081,1179,1387,1642]
[0,91,546,1081,1179,1387,1477,1642]
[0,778,998,1179,1387,1642]
[0,546,998,1387,1642]
[0,778,998,1387,1642]
[0,91,400,546,1081,1179,1387,1642]
[0,91,546,998,1081,1179,1387,1477,1642]
[0,400,546,1179,1381,1642]
[0,400,546,1081,1179,1381,1642]
[0,546,778,1179,1642]
[0,91,400,546,778,998,1081,1179,1642]
[0,91,546,778,998,1387,1642]
[0,91,546,1179,1387,1642]
[0,1179,1642]
[0,546,1179,1642]
[0,91,546,925,1179,1642]
[0,778,1642]
[0,998,1642]
[0,400,546,1081,1179,1387,1642]
[0,639,1081,1642]
[0,91,778,998,1387,1642]
[0,91,1642]
[0,91,778,998,1081,1179,1642]
[0,546,998,1081,1179,1642]
