[0,208,310,500,885,1249]
[0,310,472,1249]
[0,208,310,500,624,815,885,949,1127,1249]
[0,209,310,472,885,1142,1249]
[0,170,310,500,624,815,885,1249]
[0,170,310,500,624,815,1127,1249]
[0,170,310,504,885,1249]
[0,310,504,885,1249]
[0,170,310,500,624,1127,1249]
[0,310,500,624,815,885,1249]
[0,310,500,624,815,1127,1249]
[0,310,500,624,1249]
[0,504,1249]
[0,170,310,500,624,1142,1249]
[0,170,310,500,624,1249]
[0,472,885,1249]
[0,209,310,472,815,885,1142,1249]
[0,360,885,1249]
[0,310,885,1249]
[0,310,500,1249]
[0,170,310,500,815,1249]
[0,310,500,815,1249]
[0,310,472,1064,1249]
[0,310,1249]
[0,310,504,1249]
[0,472,885,1064,1249]
[0,208,310,500,624,885,1249]
[0,310,472,885,1142,1249]
[0,208,310,500,624,1127,1249]
[0,170,310,504,885,1142,1249]
[0,209,310,472,885,1064,1249]
[0,170,310,500,885,1249]
[0,209,310,472,815,885,975,1142,1249]
[0,310,500,624,815,1249]
[0,209,310,472,1064,1249]
[0,310,500,815,885,1249]
[0,170,310,500,624,815,885,1127,1249]
[0,310,504,885,1142,1249]
[0,209,310,472,885,975,1142,1249]
[0,310,472,579,885,1249]
[0,310,500,624,885,1249]
[0,472,1249]
[0,310,472,885,1249]
[0,1064,1249]
[0,209,310,472,815,885,1249]
[0,208,310,500,624,815,885,949,1249]
[0,208,310,500,624,1249]
[0,310,500,885,1249]
[0,208,310,500,624,815,1127,1249]
[0,208,310,500,624,815,885,1249]
[0,170,310,500,1249]
[0,310,472,885,1064,1249]
[0,209,310,472,579,885,1249]
[0,472,1064,1249]
[0,208,310,500,624,815,885,1127,1249]
[0,310,500,624,1127,1249]
[0,310,472,815,885,1249]
[0,500,815,1249]
[0,504,885,1249]
[0,170,310,500,624,815,1249]
[0,500,1249]
[0,209,310,472,579,885,1064,1249]
[0,209,310,472,885,1249]
[0,310,472,579,885,1064,1249]
[0,170,310,500,624,885,1249]
[0,885,1249]
[0,500,885,1249]
