[0,160,447,644,1180]
[0,79,212,447,644,1180]
[0,212,825,1180]
[0,186,321,644,1180]
[0,160,447,644,874,978,1180]
[0,79,644,1180]
[0,160,369,644,1180]
[0,186,321,644,762,1180]
[0,212,644,1180]
[0,644,1180]
[0,67,186,321,644,825,1180]
[0,212,1180]
[0,160,321,644,762,1180]
[0,160,321,644,1180]
[0,160,321,644,874,1180]
[0,321,644,835,1180]
[0,160,369,644,835,978,1180]
[0,369,644,835,1180]
[0,447,644,835,1180]
[0,212,447,644,1180]
[0,447,644,1180]
[0,321,644,1180]
[0,67,160,321,644,1180]
[0,67,160,321,644,762,1180]
[0,67,160,321,644,874,1180]
[0,186,321,644,825,1180]
[0,644,835,1180]
[0,67,186,321,644,1180]
[0,522,1180]
[0,369,644,1180]
[0,321,644,762,1180]
[0,522,874,1180]
[0,160,522,874,1180]
[0,321,644,874,1180]
[0,160,369,644,835,1180]
[0,447,644,874,1180]
[0,644,762,1180]
[0,79,447,644,1180]
[0,79,212,447,644,835,1180]
[0,67,186,321,644,835,1180]
[0,825,1180]
[0,79,1180]
[0,67,186,321,644,762,1180]
[0,212,447,644,835,1180]
[0,321,644,825,1180]
[0,160,447,644,874,1180]
[0,644,874,1180]
[0,186,321,644,835,1180]
