[0,482,604,866,975,1180]
[0,168,604,1180]
[0,482,604,866,1180]
[0,501,1180]
[0,866,1180]
[0,306,482,604,866,975,1180]
[0,168,604,808,1180]
[0,306,482,604,866,1180]
[0,168,482,604,1180]
[0,306,604,866,975,1180]
[0,604,1180]
[0,604,808,1180]
[0,288,604,1180]
[0,168,501,604,1180]
[0,501,975,1180]
[0,288,577,1180]
[0,288,501,604,866,1180]
[0,168,482,604,866,1180]
[0,168,1180]
[0,808,1180]
[0,577,1180]
[0,168,501,604,866,1180]
[0,482,1180]
[0,168,482,604,866,975,1180]
[0,288,604,866,1180]
[0,577,866,1180]
[0,253,577,1180]
[0,482,604,1180]
[0,501,604,866,1180]
[0,306,1180]
[0,253,1180]
[0,306,604,1180]
[0,288,1180]
[0,306,604,866,1180]
[0,168,501,604,808,1180]
[0,288,577,866,1180]
[0,604,866,1180]
[0,168,604,866,1180]
[0,501,604,1180]
[0,253,577,866,1180]
