[0,276,1280,1368,1562,1642]
[0,876,1066,1280,1642]
[0,322,409,876,1066,1280,1368,1427,1562,1642]
[0,876,1368,1562,1642]
[0,876,1066,1280,1368,1601,1642]
[0,1280,1368,1562,1642]
[0,322,1642]
[0,276,322,1280,1642]
[0,409,876,1066,1280,1368,1601,1642]
[0,322,409,876,1066,1280,1368,1427,1601,1642]
[0,1280,1368,1601,1642]
[0,876,1066,1280,1368,1642]
[0,409,1642]
[0,276,1066,1280,1368,1562,1642]
[0,876,1368,1642]
[0,322,409,679,876,1066,1280,1368,1427,1642]
[0,322,409,876,1066,1280,1562,1642]
[0,276,1280,1642]
[0,276,1066,1280,1368,1642]
[0,876,1427,1642]
[0,1562,1642]
[0,322,409,679,876,1066,1280,1562,1642]
[0,1066,1280,1368,1642]
[0,1368,1642]
[0,409,876,1066,1280,1642]
[0,409,876,1280,1642]
[0,876,1220,1427,1642]
[0,322,409,876,1066,1280,1642]
[0,322,409,876,1066,1280,1368,1642]
[0,1280,1368,1642]
[0,276,1280,1368,1642]
[0,322,409,679,876,1066,1280,1642]
[0,1280,1601,1642]
[0,409,679,1280,1642]
[0,276,322,1280,1368,1642]
[0,322,409,679,876,1066,1280,1368,1427,1601,1642]
[0,409,679,1066,1280,1642]
[0,1066,1280,1642]
[0,989,1642]
[0,409,876,1066,1280,1368,1562,1642]
[0,276,322,876,1066,1280,1562,1642]
[0,322,409,876,1066,1280,1368,1601,1642]
[0,276,876,1066,1280,1562,1642]
[0,876,1066,1280,1562,1642]
[0,322,409,679,876,1066,1280,1368,1562,1642]
[0,276,322,876,1066,1280,1368,1562,1642]
[0,876,1562,1642]
[0,876,1642]
[0,276,876,1066,1280,1368,1642]
[0,276,322,1066,1280,1642]
[0,276,1066,1280,1642]
[0,1066,1280,1368,1562,1642]
[0,322,409,679,876,1066,1280,1368,1427,1562,1642]
[0,409,876,1642]
[0,276,876,1066,1280,1642]
[0,276,322,1066,1280,1368,1562,1642]
[0,409,876,1066,1280,1368,1642]
[0,409,679,876,1066,1280,1368,1642]
[0,322,409,876,1066,1280,1368,1562,1642]
[0,1280,1642]
[0,276,322,876,1066,1280,1642]
[0,876,1066,1280,1368,1562,1642]
[0,322,409,679,876,1066,1280,1368,1642]
[0,276,876,1066,1280,1368,1562,1642]
[0,276,322,1280,1368,1562,1642]
[0,409,679,876,1066,1280,1642]
[0,1601,1642]
[0,1427,1642]
[0,1066,1280,1368,1601,1642]
[0,409,1280,1642]
[0,322,1368,1642]
[0,322,409,876,1066,1280,1368,1427,1642]
