[0,845,1595,2247,3953,4758]
[0,845,1595,3995,4758]
[0,845,1595,1762,2247,3953,4548,4758]
[0,845,1595,2247,3953,4289,4758]
[0,845,1595,2247,3953,4520,4758]
[0,845,4758]
[0,845,1595,1762,2247,3953,4520,4758]
[0,1595,3953,4758]
[0,845,1595,3953,4548,4758]
[0,845,1595,1762,2247,3953,4758]
[0,845,1595,4758]
[0,845,1595,3953,4758]
[0,1595,4758]
[0,845,1595,1762,2247,3953,4289,4758]
[0,845,3995,4758]
[0,845,3953,4758]
[0,3953,4758]
[0,845,1595,2247,3953,4548,4758]
[0,845,1595,3953,4289,4758]
[0,845,1595,3953,4520,4758]
[0,845,1595,1762,3953,4758]
