[0,129,394,652,806,951,1248,1343]
[0,103,456,652,1248,1343]
[0,103,394,1248,1343]
[0,394,456,652,1248,1343]
[0,129,394,1343]
[0,129,394,951,1343]
[0,129,951,1248,1343]
[0,652,1343]
[0,652,806,1090,1248,1343]
[0,103,456,652,806,1090,1343]
[0,1090,1343]
[0,806,1343]
[0,951,1343]
[0,129,652,806,951,1090,1248,1343]
[0,103,652,1343]
[0,652,1150,1343]
[0,103,394,652,806,1090,1248,1343]
[0,394,652,806,1150,1343]
[0,456,652,1343]
[0,129,394,652,806,951,1090,1248,1343]
[0,806,951,1343]
[0,1248,1343]
[0,456,652,1248,1343]
[0,394,652,1343]
[0,394,456,1248,1343]
[0,1090,1248,1343]
[0,103,456,652,1090,1248,1343]
[0,103,652,1090,1343]
[0,394,652,806,1090,1343]
[0,103,652,806,1343]
[0,129,456,652,806,951,1248,1343]
[0,129,652,806,951,1343]
[0,394,652,806,951,1343]
[0,394,456,652,806,951,1248,1343]
[0,394,1248,1343]
[0,915,1343]
[0,394,806,1150,1343]
[0,652,1090,1343]
[0,652,806,1343]
[0,394,652,806,951,1150,1343]
[0,140,1343]
[0,129,1343]
[0,103,652,1248,1343]
[0,129,394,652,806,951,1150,1248,1343]
[0,129,652,806,951,1090,1343]
[0,806,951,1248,1343]
[0,103,456,652,806,951,1248,1343]
[0,652,806,951,1343]
[0,140,915,1343]
[0,652,1248,1343]
[0,456,652,806,1248,1343]
[0,103,394,652,806,1343]
[0,129,652,806,951,1248,1343]
[0,103,652,1090,1248,1343]
[0,103,456,652,1343]
[0,456,652,806,1343]
[0,394,652,806,951,1090,1343]
[0,103,1090,1343]
[0,129,951,1343]
[0,652,806,951,1150,1343]
[0,806,1090,1343]
[0,103,394,1343]
[0,103,456,652,806,951,1343]
[0,103,394,652,1248,1343]
[0,129,394,456,652,806,951,1248,1343]
[0,103,394,456,652,806,1090,1248,1343]
[0,394,1343]
[0,394,806,1343]
[0,394,456,1343]
[0,103,394,652,806,1090,1343]
[0,103,456,652,806,1090,1248,1343]
[0,129,394,652,806,951,1150,1343]
[0,652,806,1150,1343]
[0,394,951,1343]
[0,103,1090,1248,1343]
[0,394,652,806,1343]
[0,103,1343]
[0,806,1090,1248,1343]
[0,129,394,951,1248,1343]
[0,103,394,652,806,1248,1343]
[0,915,1248,1343]
[0,103,394,456,652,1248,1343]
[0,103,652,806,1090,1248,1343]
[0,652,806,951,1090,1343]
[0,103,394,652,1343]
[0,652,806,1090,1343]
[0,129,456,652,806,951,1343]
[0,456,652,806,951,1248,1343]
[0,103,456,652,1090,1343]
[0,129,394,652,806,951,1343]
[0,103,456,652,806,1343]
[0,951,1248,1343]
[0,103,394,456,652,806,951,1248,1343]
[0,456,652,806,1090,1343]
[0,103,652,806,1090,1343]
[0,140,915,1248,1343]
[0,652,806,951,1248,1343]
[0,103,652,806,951,1248,1343]
[0,129,394,652,806,951,1090,1343]
[0,456,652,806,951,1343]
[0,103,652,806,951,1343]
[0,394,1025,1343]
[0,103,394,456,652,1090,1248,1343]
[0,394,456,652,806,1248,1343]
[0,456,652,1090,1343]
[0,394,806,1090,1343]
