[0,209,710,1169,1412,1752,2020]
[0,209,1112,1412,1502,1752,2020]
[0,710,1112,1502,1752,2020]
[0,1412,1502,2020]
[0,209,1412,1502,2020]
[0,209,1112,1412,1752,2020]
[0,1112,1412,2020]
[0,209,279,710,1412,1502,1752,2020]
[0,710,1112,2020]
[0,209,710,1112,1502,1752,2020]
[0,1169,1412,1752,2020]
[0,209,710,1412,1752,2020]
[0,1112,2020]
[0,710,1138,2020]
[0,1752,2020]
[0,209,279,1412,1502,1752,2020]
[0,209,1502,2020]
[0,1412,1502,1752,2020]
[0,209,279,1412,1502,2020]
[0,261,1502,2020]
[0,1112,1752,2020]
[0,209,710,1412,1502,1752,2020]
[0,261,1385,1502,2020]
[0,710,1752,2020]
[0,209,1112,1502,1752,2020]
[0,710,1412,1752,2020]
[0,1412,1752,2020]
[0,209,279,1112,1412,1502,1752,2020]
[0,209,1412,1752,2020]
[0,710,1112,1752,2020]
[0,209,1412,1502,1752,2020]
[0,209,279,1112,1169,1412,1502,1752,2020]
[0,710,1412,1502,1752,2020]
[0,261,1412,1752,2020]
[0,1385,1502,2020]
[0,710,1138,1412,1752,2020]
[0,209,1169,1412,1502,1752,2020]
[0,710,1169,1412,1752,2020]
[0,209,279,710,1112,1169,1412,1502,1752,2020]
[0,1112,1412,1752,2020]
[0,710,1138,1412,2020]
[0,1112,1502,1752,2020]
[0,209,1169,1412,1752,2020]
[0,209,1752,2020]
[0,710,1412,2020]
[0,710,2020]
[0,1412,2020]
[0,209,279,710,1169,1412,1502,1752,2020]
[0,1502,2020]
[0,209,710,1169,1412,1502,1752,2020]
[0,710,1138,1412,1502,1752,2020]
[0,209,1112,1752,2020]
