[0,546,1034,1539,1689,1911]
[0,442,785,1065,1568,1707,1911]
[0,1539,1689,1911]
[0,381,546,785,1065,1637,1911]
[0,162,785,985,1568,1689,1911]
[0,785,985,1689,1731,1911]
[0,1074,1568,1703,1911]
[0,162,785,985,1568,1911]
[0,546,1034,1539,1911]
[0,381,1911]
[0,420,546,827,1034,1539,1689,1911]
[0,420,785,1911]
[0,785,985,1731,1911]
[0,785,1100,1911]
[0,420,827,1034,1539,1911]
[0,420,546,1034,1539,1911]
[0,785,985,1568,1911]
[0,1074,1911]
[0,420,1568,1911]
[0,420,546,1703,1911]
[0,442,785,1065,1568,1911]
[0,420,1074,1568,1911]
[0,985,1637,1911]
[0,442,1065,1539,1911]
[0,1034,1911]
[0,162,785,985,1637,1689,1911]
[0,1100,1911]
[0,381,546,785,985,1568,1911]
[0,442,785,1065,1539,1911]
[0,420,546,827,1034,1115,1539,1689,1911]
[0,381,1568,1911]
[0,381,1689,1911]
[0,785,985,1911]
[0,785,1065,1539,1911]
[0,1703,1911]
[0,827,1034,1539,1911]
[0,381,785,1065,1911]
[0,162,785,985,1911]
[0,162,381,546,785,985,1065,1637,1689,1911]
[0,785,1911]
[0,381,546,785,1065,1637,1689,1911]
[0,162,381,546,785,985,1568,1911]
[0,420,1034,1539,1911]
[0,546,1074,1568,1703,1911]
[0,381,546,1911]
[0,381,546,785,1065,1911]
[0,1100,1539,1689,1911]
[0,381,546,985,1568,1689,1911]
[0,546,1034,1911]
[0,162,381,546,785,1065,1637,1911]
[0,381,1568,1689,1911]
[0,1568,1689,1911]
[0,162,785,1065,1568,1911]
[0,985,1689,1911]
[0,442,785,1100,1539,1689,1911]
[0,420,546,1911]
[0,1731,1911]
[0,420,1074,1911]
[0,827,1074,1911]
[0,1065,1568,1911]
[0,1034,1539,1911]
[0,381,785,985,1911]
[0,827,1034,1911]
[0,546,1074,1568,1911]
[0,827,1034,1539,1689,1911]
[0,162,785,985,1065,1568,1689,1911]
[0,827,1074,1568,1911]
[0,162,785,985,1637,1911]
[0,381,546,785,985,1568,1689,1911]
[0,420,827,1074,1568,1911]
[0,1539,1911]
[0,442,1100,1911]
[0,785,1065,1568,1689,1911]
[0,785,985,1568,1689,1911]
[0,546,985,1568,1911]
[0,381,546,785,985,1065,1637,1911]
[0,546,1911]
[0,442,1065,1568,1911]
[0,420,827,1034,1539,1689,1911]
[0,1568,1703,1911]
[0,1065,1568,1707,1911]
[0,162,381,546,785,985,1568,1689,1911]
[0,1034,1539,1689,1911]
[0,381,546,1568,1689,1911]
[0,381,546,985,1911]
[0,1034,1637,1911]
[0,785,1065,1568,1911]
[0,381,785,985,1689,1731,1911]
[0,381,785,985,1568,1911]
[0,1065,1911]
[0,381,785,1065,1637,1689,1911]
[0,420,1911]
[0,420,546,1568,1703,1911]
[0,785,1065,1539,1689,1911]
[0,827,1074,1568,1703,1911]
[0,785,1689,1731,1911]
[0,381,546,1689,1911]
[0,442,785,1100,1539,1911]
[0,546,1074,1911]
[0,420,546,827,1074,1568,1703,1911]
[0,1568,1707,1911]
[0,985,1637,1689,1911]
[0,420,546,1034,1911]
[0,442,785,1065,1539,1689,1911]
[0,785,1731,1911]
[0,1100,1539,1911]
[0,785,1100,1539,1911]
[0,381,785,1065,1637,1911]
[0,381,546,785,985,1065,1637,1689,1911]
[0,420,785,1065,1637,1911]
[0,420,827,1074,1568,1703,1911]
[0,162,785,1065,1568,1689,1911]
[0,546,1703,1911]
[0,420,1568,1703,1911]
[0,785,1065,1637,1689,1911]
[0,1637,1689,1911]
[0,1707,1911]
[0,985,1911]
[0,785,1100,1539,1689,1911]
[0,162,381,546,785,985,1065,1637,1911]
[0,1689,1731,1911]
[0,985,1568,1911]
[0,1568,1911]
[0,381,785,985,1731,1911]
[0,546,985,1911]
[0,1689,1911]
[0,785,1065,1637,1911]
[0,785,1065,1568,1707,1911]
[0,420,546,1074,1568,1703,1911]
[0,442,1100,1539,1911]
[0,420,546,1034,1539,1689,1911]
[0,442,1065,1911]
[0,785,985,1637,1911]
[0,381,785,1731,1911]
[0,985,1568,1689,1911]
[0,381,546,985,1568,1911]
[0,420,1034,1911]
[0,1065,1539,1911]
[0,420,785,1065,1911]
[0,381,785,1568,1911]
[0,381,785,1911]
[0,785,1065,1911]
[0,785,985,1637,1689,1911]
[0,1074,1568,1911]
[0,546,1689,1911]
