[0,1149,1453,2812]
[0,219,794,1149,1454,2812]
[0,794,1149,1526,2812]
[0,794,2812]
[0,794,1149,1526,2302,2812]
[0,436,1453,2812]
[0,1453,2812]
[0,1526,2302,2812]
[0,436,1149,2812]
[0,436,1149,1454,2812]
[0,436,2812]
[0,794,1149,2021,2812]
[0,794,2021,2812]
[0,1149,1526,2302,2812]
[0,219,794,1149,1453,1526,2302,2812]
[0,219,794,1149,1526,2302,2812]
[0,794,1149,1454,2812]
[0,219,794,1149,2812]
[0,219,794,1149,1526,2812]
[0,794,1149,2021,2302,2812]
[0,1149,2812]
[0,219,794,1149,2021,2812]
[0,219,794,1149,1453,1526,2812]
[0,794,1149,2812]
[0,794,1149,1453,1526,2812]
[0,1149,1526,2812]
[0,436,794,1149,1454,2812]
[0,1526,2812]
[0,436,794,1149,2812]
[0,219,794,1149,2021,2302,2812]
[0,2302,2812]
