[0,527,1373,1642]
[0,376,523,1373,1575,1642]
[0,376,523,641,1642]
[0,458,1642]
[0,376,523,654,1642]
[0,376,523,654,1373,1642]
[0,854,1642]
[0,376,527,654,1373,1642]
[0,376,854,1642]
[0,376,527,854,1373,1642]
[0,458,908,1642]
[0,376,523,641,1373,1642]
[0,1373,1642]
[0,376,523,641,1373,1575,1642]
[0,376,1373,1642]
[0,376,527,854,1111,1373,1642]
[0,376,523,1373,1642]
[0,1558,1642]
[0,1111,1642]
[0,376,527,1373,1558,1642]
[0,376,1642]
[0,458,1420,1642]
[0,376,1111,1420,1642]
[0,376,1111,1642]
[0,376,1373,1558,1642]
[0,1373,1558,1642]
[0,376,527,654,1642]
[0,963,1642]
[0,376,523,654,1373,1575,1642]
[0,376,963,1642]
[0,376,1373,1575,1642]
[0,1575,1642]
[0,376,854,1373,1642]
[0,458,908,1420,1642]
[0,527,1642]
[0,376,527,1373,1642]
[0,376,1111,1373,1642]
[0,376,523,1642]
[0,1373,1575,1642]
[0,376,527,1642]
[0,376,527,654,1373,1558,1642]
[0,376,854,1111,1373,1642]
