[0,485,686,887,976,1046]
[0,104,201,485,686,873,976,1046]
[0,362,485,686,873,1046]
[0,104,362,485,686,1046]
[0,104,686,976,1046]
[0,104,201,265,485,686,873,976,1046]
[0,104,201,362,485,686,887,1046]
[0,362,485,686,1046]
[0,104,485,686,873,976,1046]
[0,485,686,1046]
[0,485,686,888,1046]
[0,485,686,873,976,1046]
[0,976,1046]
[0,485,686,976,1046]
[0,104,485,686,1046]
[0,104,362,485,686,873,1046]
[0,201,873,1046]
[0,104,485,686,887,1046]
[0,104,201,485,686,887,1046]
[0,104,976,1046]
[0,104,686,1046]
[0,485,1046]
[0,104,485,1046]
[0,104,201,362,485,686,873,976,1046]
[0,201,1046]
[0,104,201,485,686,887,976,1046]
[0,104,1046]
[0,104,201,362,485,686,887,976,1046]
[0,485,686,887,1046]
[0,104,485,686,873,1046]
[0,104,201,362,485,686,873,1046]
[0,104,201,485,686,1046]
[0,104,485,686,888,1046]
[0,601,1046]
[0,104,485,686,976,1046]
[0,362,485,686,887,1046]
[0,104,201,485,686,873,1046]
[0,104,201,485,686,976,1046]
[0,485,686,873,1046]
[0,104,601,1046]
[0,104,201,485,686,888,1046]
[0,104,485,686,887,976,1046]
[0,104,362,485,686,887,1046]
[0,104,201,265,485,686,887,976,1046]
[0,104,201,362,485,686,1046]
[0,686,1046]
[0,873,1046]
