[0,481,2053]
[0,754,1647,1809,1975,2053]
[0,330,1809,2053]
[0,1360,1809,2053]
[0,754,1809,2053]
[0,1647,2053]
[0,330,462,754,1647,1809,2053]
[0,330,462,582,754,1647,1809,1975,2053]
[0,582,754,1647,1809,2053]
[0,754,1647,1809,2053]
[0,754,1360,2053]
[0,1647,1809,1975,2053]
[0,330,754,1647,1809,2053]
[0,1266,2053]
[0,639,2053]
[0,754,1360,1809,2053]
[0,330,462,582,754,1647,1809,2053]
[0,582,754,1647,1809,1975,2053]
[0,330,754,2053]
[0,330,754,1809,2053]
[0,462,1647,1809,2053]
[0,330,2053]
[0,462,1266,2053]
[0,1360,2053]
[0,462,2053]
[0,481,1647,2053]
[0,330,462,1647,1809,2053]
[0,1809,2053]
[0,462,582,754,1647,1809,2053]
[0,462,1809,2053]
[0,330,754,1647,1809,1975,2053]
[0,217,639,2053]
[0,754,2053]
[0,1647,1809,2053]
[0,582,754,1809,2053]
