[0,310,842,1343]
[0,736,1343]
[0,310,494,736,1343]
[0,108,310,1343]
[0,310,736,1343]
[0,842,1282,1343]
[0,736,852,1343]
[0,579,1343]
[0,429,1197,1343]
[0,310,579,852,1192,1343]
[0,108,310,494,736,1295,1343]
[0,108,310,494,736,1343]
[0,108,310,477,736,852,1192,1343]
[0,108,310,477,579,736,852,1192,1343]
[0,310,579,852,1343]
[0,108,736,852,1282,1343]
[0,852,1343]
[0,108,310,1282,1343]
[0,310,494,736,1197,1343]
[0,1197,1343]
[0,429,1343]
[0,108,736,852,1343]
[0,108,310,494,736,842,1197,1343]
[0,108,310,494,736,852,1343]
[0,108,736,1343]
[0,108,310,494,1343]
[0,108,310,1295,1343]
[0,108,310,736,852,1282,1343]
[0,310,1343]
[0,477,736,1343]
[0,310,477,736,852,1343]
[0,736,842,1343]
[0,310,494,736,1192,1343]
[0,842,1343]
[0,736,852,1295,1343]
[0,310,494,736,852,1192,1343]
[0,108,310,494,736,852,1192,1343]
[0,108,310,494,736,1197,1343]
[0,108,310,736,842,1295,1343]
[0,455,579,852,1343]
[0,108,310,736,852,1343]
[0,310,736,852,1343]
[0,108,310,494,584,736,842,1343]
[0,1282,1343]
[0,108,736,842,1343]
[0,736,842,1295,1343]
[0,108,310,455,736,852,1295,1343]
[0,310,494,736,852,1343]
[0,108,310,494,736,842,1343]
[0,108,310,477,579,736,852,1192,1295,1343]
[0,494,736,1343]
[0,1295,1343]
[0,310,455,736,1343]
[0,310,494,1343]
[0,108,310,494,736,842,1295,1343]
[0,310,455,579,852,1343]
[0,310,455,736,852,1343]
[0,108,1343]
[0,108,310,494,1295,1343]
[0,310,455,579,852,1192,1343]
[0,108,310,455,579,736,852,1192,1295,1343]
[0,310,455,579,736,852,1343]
[0,310,477,736,852,1192,1343]
[0,108,310,736,842,1343]
[0,108,1282,1343]
[0,477,736,852,1343]
[0,108,310,455,579,736,852,1192,1343]
[0,108,736,852,1295,1343]
[0,108,736,842,1295,1343]
[0,579,852,1192,1343]
[0,108,310,477,736,852,1343]
[0,310,455,579,736,852,1192,1343]
[0,108,310,842,1343]
[0,108,310,477,736,852,1295,1343]
[0,108,1295,1343]
[0,108,310,477,579,736,852,1295,1343]
[0,310,852,1343]
[0,108,310,736,1343]
[0,494,736,1295,1343]
[0,455,579,736,852,1343]
[0,108,310,736,852,1295,1343]
[0,455,736,1343]
[0,736,852,1282,1343]
[0,108,310,494,584,736,842,1197,1343]
[0,310,477,736,1343]
[0,108,310,455,736,852,1343]
[0,310,494,736,1295,1343]
[0,108,310,494,584,736,842,1295,1343]
[0,108,310,455,579,736,852,1295,1343]
[0,579,852,1343]
[0,108,310,842,1282,1343]
[0,108,310,494,736,852,1282,1343]
[0,494,736,852,1343]
[0,108,310,477,579,736,852,1343]
[0,455,736,852,1343]
[0,108,310,494,736,842,1197,1295,1343]
[0,108,310,494,584,736,842,1197,1295,1343]
[0,494,1343]
[0,455,579,1343]
[0,108,310,494,736,852,1192,1295,1343]
[0,108,310,494,736,852,1295,1343]
[0,108,310,455,579,736,852,1343]
[0,310,477,736,1192,1343]
[0,494,1295,1343]
