[0,760,1810]
[0,306,581,760,1131,1810]
[0,279,483,760,1810]
[0,1343,1810]
[0,483,1208,1343,1810]
[0,760,1343,1810]
[0,581,760,1131,1810]
[0,306,581,760,1131,1240,1810]
[0,483,760,1208,1343,1810]
[0,306,581,760,1208,1343,1810]
[0,279,483,760,849,1131,1208,1343,1810]
[0,581,760,1562,1810]
[0,306,581,760,1562,1810]
[0,306,581,1343,1810]
[0,1501,1810]
[0,1534,1810]
[0,760,1240,1534,1810]
[0,760,1501,1810]
[0,760,1534,1810]
[0,279,483,760,1208,1343,1810]
[0,760,1208,1343,1810]
[0,760,849,1131,1208,1343,1810]
[0,279,483,760,849,1208,1343,1810]
[0,760,849,1343,1810]
[0,83,306,581,760,1131,1240,1534,1810]
[0,483,1131,1501,1810]
[0,581,760,1208,1343,1810]
[0,1208,1810]
[0,760,1208,1501,1810]
[0,306,581,1131,1810]
[0,306,760,1240,1534,1810]
[0,306,581,760,1131,1240,1562,1810]
[0,581,760,1131,1240,1534,1810]
[0,760,1240,1562,1810]
[0,760,1562,1810]
[0,581,1131,1810]
[0,581,760,1131,1208,1343,1810]
[0,1208,1343,1810]
[0,279,483,760,1343,1810]
[0,306,581,760,850,1131,1208,1343,1810]
[0,581,760,1343,1810]
[0,321,1208,1810]
[0,581,760,850,1343,1810]
[0,581,760,1131,1240,1810]
[0,1131,1240,1810]
[0,306,760,1240,1562,1810]
[0,760,849,1131,1208,1810]
[0,581,760,1131,1240,1562,1810]
[0,483,1810]
[0,483,760,1131,1208,1343,1810]
[0,760,1240,1810]
[0,279,483,760,1501,1810]
[0,581,760,850,1208,1343,1810]
[0,1131,1208,1501,1810]
[0,483,760,849,1343,1810]
[0,306,581,760,1131,1208,1343,1810]
[0,41,760,1131,1501,1810]
[0,483,1131,1810]
[0,760,1131,1501,1810]
[0,483,760,1131,1208,1501,1810]
[0,306,581,760,1810]
[0,718,1810]
[0,306,760,1562,1810]
[0,760,849,1208,1343,1810]
[0,581,760,1534,1810]
[0,483,760,1501,1810]
[0,581,760,1810]
[0,581,760,850,1131,1810]
[0,306,581,760,850,1208,1343,1810]
[0,306,581,760,1240,1562,1810]
[0,1131,1501,1810]
[0,483,760,849,1131,1208,1343,1810]
[0,306,581,760,1131,1240,1534,1810]
[0,279,483,1131,1501,1810]
[0,581,760,850,1131,1208,1810]
[0,483,760,1208,1501,1810]
[0,83,321,718,1562,1810]
[0,279,483,760,1131,1208,1343,1810]
[0,483,760,849,1208,1343,1810]
[0,483,1131,1208,1501,1810]
[0,1131,1208,1810]
[0,581,1810]
[0,1131,1810]
[0,83,306,581,760,1131,1240,1810]
[0,581,760,1240,1534,1810]
[0,306,760,1240,1810]
[0,760,1131,1810]
[0,83,306,581,760,1208,1343,1810]
[0,321,718,1810]
[0,306,760,1810]
[0,279,483,760,1208,1501,1810]
[0,581,1343,1810]
[0,279,483,760,849,1343,1810]
[0,83,306,581,760,850,1131,1208,1343,1810]
[0,279,483,760,1131,1208,1501,1810]
[0,83,306,581,760,1131,1208,1343,1810]
[0,483,760,1810]
[0,83,306,581,760,850,1208,1343,1810]
[0,279,483,1131,1810]
[0,760,849,1810]
[0,83,306,581,760,1810]
[0,483,1343,1810]
[0,581,760,1240,1562,1810]
[0,1131,1208,1343,1810]
[0,321,718,1562,1810]
[0,581,760,850,1810]
[0,306,581,760,1240,1534,1810]
[0,306,581,760,1343,1810]
[0,483,1131,1208,1343,1810]
[0,83,306,581,760,1131,1240,1562,1810]
[0,760,849,1131,1810]
[0,581,1131,1240,1810]
[0,849,1131,1810]
[0,581,760,850,1131,1208,1343,1810]
[0,41,760,1501,1810]
[0,718,1562,1810]
[0,483,760,1343,1810]
