[0,249,477,656,818,1013,1074,1262,1419]
[0,517,656,818,1074,1262,1419]
[0,108,477,673,1074,1262,1419]
[0,673,1013,1419]
[0,1262,1419]
[0,249,477,656,818,1074,1262,1419]
[0,477,1074,1419]
[0,477,656,1074,1262,1378,1419]
[0,656,818,1074,1262,1419]
[0,673,1074,1419]
[0,477,673,1419]
[0,1074,1262,1419]
[0,477,656,818,1074,1262,1419]
[0,656,1097,1419]
[0,656,1074,1262,1343,1419]
[0,656,1262,1419]
[0,1378,1419]
[0,656,1419]
[0,477,656,818,1013,1074,1262,1419]
[0,477,673,1074,1419]
[0,477,656,818,1074,1419]
[0,1074,1419]
[0,656,1074,1262,1378,1419]
[0,477,656,818,1074,1262,1343,1419]
[0,249,477,656,1074,1419]
[0,477,656,818,1013,1074,1262,1343,1419]
[0,249,477,656,1074,1262,1419]
[0,477,656,1074,1262,1419]
[0,477,673,1074,1262,1419]
[0,656,1074,1419]
[0,517,656,818,1074,1262,1378,1419]
[0,517,656,1074,1262,1419]
[0,673,1419]
[0,249,477,1074,1419]
[0,656,818,1074,1419]
[0,1262,1378,1419]
[0,477,1419]
[0,477,656,818,1074,1262,1378,1419]
[0,1074,1262,1343,1419]
[0,673,1097,1419]
[0,477,656,1074,1419]
[0,673,1013,1262,1419]
[0,1074,1262,1378,1419]
[0,673,1262,1419]
[0,249,477,656,818,1074,1419]
[0,517,656,1074,1262,1378,1419]
[0,1097,1419]
[0,477,656,1419]
[0,656,1074,1262,1419]
[0,477,656,1074,1262,1343,1419]
[0,673,1074,1262,1419]
