[0,56,167,306,423,480,575,860,969]
[0,167,306,423,480,746,819,969]
[0,56,167,306,480,575,819,860,917,969]
[0,167,306,480,575,746,819,969]
[0,56,167,306,480,575,723,860,969]
[0,167,306,480,819,860,969]
[0,56,167,306,480,860,969]
[0,56,167,306,480,575,819,860,969]
[0,306,480,969]
[0,56,167,306,480,746,819,860,969]
[0,306,480,746,969]
[0,56,167,306,423,480,575,746,819,969]
[0,56,167,306,480,575,819,969]
[0,167,306,423,480,575,746,819,969]
[0,167,306,480,575,746,969]
[0,167,306,480,860,969]
[0,56,167,306,480,969]
[0,56,167,306,480,723,969]
[0,167,306,746,969]
[0,56,167,306,423,480,575,969]
[0,306,746,969]
[0,167,306,480,575,746,819,890,969]
[0,167,306,480,746,819,860,969]
[0,167,306,423,480,575,723,860,969]
[0,56,167,306,423,480,575,746,819,860,969]
[0,56,167,306,480,575,723,819,860,969]
[0,167,306,480,723,819,969]
[0,56,167,306,480,575,860,969]
[0,56,167,306,480,575,723,819,860,917,969]
[0,56,167,306,480,746,819,969]
[0,167,306,480,723,969]
[0,56,167,306,423,480,746,819,860,969]
[0,167,306,480,575,819,860,969]
[0,56,167,306,480,575,746,819,969]
[0,167,306,480,575,723,860,969]
[0,746,969]
[0,167,306,480,575,969]
[0,167,306,480,819,969]
[0,56,167,306,969]
[0,56,167,306,423,480,575,723,860,917,969]
[0,167,306,746,819,860,969]
[0,167,306,480,575,819,969]
[0,56,167,306,423,480,575,723,860,969]
[0,167,306,480,746,819,969]
[0,56,167,306,423,480,575,860,917,969]
[0,56,167,306,480,575,860,917,969]
[0,167,306,480,746,969]
[0,167,306,423,480,575,860,969]
[0,56,167,306,480,723,819,890,969]
[0,167,306,480,575,723,819,969]
[0,56,167,306,480,723,819,969]
[0,56,167,306,480,575,746,819,860,969]
[0,167,306,480,969]
[0,167,306,746,819,969]
[0,56,167,306,480,575,969]
[0,56,167,306,480,575,723,860,917,969]
[0,167,306,480,575,860,969]
[0,56,167,306,423,480,575,723,819,860,917,969]
[0,167,306,969]
[0,167,746,969]
[0,56,167,306,819,860,969]
[0,56,167,306,860,969]
[0,167,306,480,723,819,890,969]
[0,167,306,860,969]
[0,306,480,723,969]
[0,56,167,306,480,819,860,969]
[0,56,167,306,480,746,819,890,969]
[0,56,167,306,423,480,746,819,969]
[0,167,306,423,480,575,969]
[0,167,306,480,746,819,890,969]
[0,56,167,306,480,575,723,819,969]
[0,56,167,306,480,575,746,819,890,969]
[0,306,969]
[0,167,306,819,860,969]
[0,306,723,969]
[0,167,306,480,723,860,969]
[0,306,480,819,969]
