[0,183,286,358,434,490,559,852,1046]
[0,181,286,358,490,559,852,1046]
[0,186,1046]
[0,53,183,290,434,490,559,852,1046]
[0,290,559,852,1046]
[0,183,290,490,852,1046]
[0,183,852,1046]
[0,181,358,490,852,1046]
[0,53,181,286,434,490,559,852,1046]
[0,290,490,1046]
[0,53,183,286,358,490,559,852,1046]
[0,286,852,1046]
[0,183,290,487,559,852,1046]
[0,181,286,490,559,852,1046]
[0,181,290,852,1046]
[0,181,358,852,1046]
[0,183,290,852,1046]
[0,183,290,434,490,852,1046]
[0,181,286,358,852,1046]
[0,181,286,434,490,559,852,1046]
[0,183,286,358,490,852,1046]
[0,53,286,852,1046]
[0,183,286,358,852,1046]
[0,181,286,852,1046]
[0,290,490,852,1046]
[0,181,286,358,434,490,559,852,1046]
[0,181,358,490,559,852,1046]
[0,53,183,290,487,559,852,1046]
[0,181,1046]
[0,434,1046]
[0,183,286,852,1046]
[0,183,1046]
[0,286,490,1046]
[0,181,286,490,852,1046]
[0,290,852,1046]
[0,183,286,358,490,559,852,1046]
[0,53,183,286,358,434,490,559,852,1046]
[0,183,358,852,1046]
[0,852,1046]
[0,53,181,286,358,490,559,852,1046]
[0,183,358,490,559,852,1046]
[0,53,183,290,852,1046]
[0,286,811,1046]
[0,290,559,1046]
[0,286,1046]
[0,53,181,286,852,1046]
[0,181,852,1046]
[0,53,852,1046]
[0,183,290,559,852,1046]
[0,53,434,852,1046]
[0,290,1046]
[0,181,286,434,490,852,1046]
[0,434,852,1046]
[0,53,181,286,358,434,490,559,852,1046]
[0,286,490,852,1046]
[0,183,290,434,490,559,852,1046]
[0,181,286,358,490,852,1046]
[0,183,290,490,559,852,1046]
[0,183,358,490,852,1046]
[0,186,852,1046]
