[0,637,719,930,1050,1173,1249]
[0,365,445,637,719,930,1050,1249]
[0,637,719,840,930,1104,1207,1249]
[0,637,719,803,930,1050,1249]
[0,637,1050,1249]
[0,637,814,930,1104,1249]
[0,637,719,930,1104,1145,1207,1249]
[0,445,637,719,803,930,1050,1249]
[0,445,637,719,840,930,1050,1249]
[0,930,1050,1249]
[0,637,930,1050,1199,1249]
[0,637,1104,1207,1249]
[0,637,930,1104,1249]
[0,637,719,814,930,1104,1207,1249]
[0,445,637,719,930,1050,1173,1249]
[0,637,719,930,1050,1199,1249]
[0,445,930,1249]
[0,637,930,1104,1207,1249]
[0,637,719,930,1050,1249]
[0,637,719,930,1104,1207,1249]
[0,637,719,840,930,1104,1145,1249]
[0,637,719,840,930,1104,1145,1207,1249]
[0,637,840,930,1104,1249]
[0,637,719,930,1104,1145,1249]
[0,803,1249]
[0,365,445,637,719,840,930,1050,1104,1173,1249]
[0,445,637,930,1249]
[0,637,719,840,930,1050,1249]
[0,637,930,1104,1145,1249]
[0,637,1104,1145,1249]
[0,445,637,719,930,1050,1199,1249]
[0,637,803,1249]
[0,637,803,930,1050,1249]
[0,637,757,930,1104,1145,1249]
[0,930,1249]
[0,365,445,637,719,803,930,1050,1199,1249]
[0,365,445,637,719,930,1050,1104,1173,1249]
[0,365,445,637,719,803,930,1050,1249]
[0,365,445,637,719,930,1050,1173,1249]
[0,637,930,1249]
[0,445,637,930,1050,1249]
[0,445,803,1050,1249]
[0,637,719,814,930,1104,1249]
[0,365,445,637,719,840,930,1050,1173,1249]
[0,637,1249]
[0,637,1104,1249]
[0,637,930,1050,1249]
[0,445,803,930,1050,1249]
[0,637,719,930,1104,1249]
[0,445,637,719,930,1050,1249]
[0,365,445,637,719,840,930,1050,1249]
[0,445,930,1050,1249]
[0,365,445,637,719,930,1050,1199,1249]
[0,445,637,840,930,1050,1249]
[0,637,1207,1249]
[0,637,840,930,1050,1249]
[0,637,757,930,1104,1249]
[0,637,757,930,1249]
[0,445,719,803,930,1050,1249]
[0,637,719,840,930,1104,1249]
[0,637,719,814,930,1104,1145,1207,1249]
[0,445,803,1249]
[0,637,930,1050,1173,1249]
[0,445,1249]
[0,637,803,1050,1249]
