[0,708,997]
[0,105,209,269,447,495,546,708,801,997]
[0,495,708,810,997]
[0,105,209,269,495,546,708,801,997]
[0,105,248,447,495,708,785,997]
[0,248,546,708,997]
[0,131,997]
[0,209,269,447,495,708,785,997]
[0,105,248,336,997]
[0,105,248,336,447,495,546,708,785,997]
[0,248,447,997]
[0,209,269,447,708,810,997]
[0,546,708,997]
[0,131,209,997]
[0,105,209,269,997]
[0,447,708,997]
[0,105,248,447,546,708,997]
[0,447,708,810,997]
[0,131,209,269,997]
[0,495,708,997]
[0,105,248,336,447,708,997]
[0,248,447,708,785,997]
[0,269,708,785,997]
[0,209,447,708,810,997]
[0,105,248,447,495,546,708,785,997]
[0,105,248,447,546,708,785,997]
[0,105,209,269,546,708,801,997]
[0,105,708,801,997]
[0,131,209,269,447,495,708,801,997]
[0,105,708,997]
[0,105,248,336,546,708,997]
[0,209,269,708,785,997]
[0,209,997]
[0,269,708,997]
[0,248,495,708,810,997]
[0,131,708,801,997]
[0,105,209,708,997]
[0,131,209,269,708,801,997]
[0,209,269,997]
[0,105,209,269,708,801,997]
[0,131,209,269,708,997]
[0,105,997]
[0,248,997]
[0,131,209,708,801,997]
[0,269,708,810,997]
[0,105,248,336,495,546,708,785,997]
[0,105,248,336,447,495,708,785,997]
[0,105,248,708,997]
[0,708,801,997]
[0,105,209,546,708,801,997]
[0,105,248,336,708,997]
[0,209,447,708,997]
[0,105,209,269,708,997]
[0,209,269,708,810,997]
[0,708,785,997]
[0,105,248,546,708,997]
[0,105,248,336,447,708,785,997]
[0,447,708,801,997]
[0,105,209,997]
[0,708,810,997]
[0,248,495,708,997]
[0,131,708,997]
[0,105,248,336,708,785,997]
[0,209,269,447,708,785,997]
[0,131,209,269,447,708,801,997]
[0,105,248,447,708,785,997]
[0,209,269,708,997]
[0,105,209,708,801,997]
[0,105,248,447,708,997]
[0,105,546,708,997]
[0,209,447,708,801,997]
[0,248,447,708,997]
[0,105,248,447,997]
[0,248,708,997]
[0,105,248,997]
[0,105,248,336,546,708,785,997]
[0,209,269,447,495,708,810,997]
[0,248,447,495,708,785,997]
[0,131,209,447,708,801,997]
[0,447,708,785,997]
[0,209,447,708,785,997]
[0,131,209,708,997]
[0,105,209,546,708,997]
