[0,260,1226,2019]
[0,260,667,1226,1935,2019]
[0,260,667,1226,2019]
[0,294,628,1316,2019]
[0,294,2019]
[0,708,1277,1857,2019]
[0,667,1226,2019]
[0,260,667,1226,1439,1935,2019]
[0,1226,1439,2019]
[0,628,1316,1935,2019]
[0,628,1262,2019]
[0,294,667,1262,1935,2019]
[0,294,628,1262,1935,2019]
[0,1277,1857,2019]
[0,294,628,1262,1439,1753,1935,2019]
[0,260,667,1071,1226,1935,2019]
[0,645,1637,2019]
[0,327,708,1277,1857,2019]
[0,667,1262,1935,2019]
[0,1316,1935,2019]
[0,260,667,1226,1439,2019]
[0,260,667,1226,1439,1753,1935,2019]
[0,628,2019]
[0,294,628,2019]
[0,294,628,1262,1439,1753,2019]
[0,260,1226,1753,2019]
[0,294,667,1262,1439,1753,2019]
[0,294,628,1316,1857,2019]
[0,294,667,2019]
[0,1226,1753,2019]
[0,1262,2019]
[0,667,1226,1439,2019]
[0,294,628,1262,1439,2019]
[0,1248,1857,2019]
[0,628,1316,1857,2019]
[0,260,667,1071,1226,2019]
[0,1277,2019]
[0,327,708,1277,2019]
[0,1316,1857,2019]
[0,294,667,1262,2019]
[0,1226,2019]
[0,667,2019]
[0,645,2019]
[0,294,667,1262,1439,1753,1935,2019]
[0,1935,2019]
[0,294,667,1262,1439,2019]
[0,294,667,1262,1439,1935,2019]
[0,260,667,1071,1226,1439,2019]
[0,260,667,1071,1226,1439,1753,1935,2019]
[0,294,628,1262,1439,1935,2019]
[0,260,667,1226,1439,1753,2019]
[0,294,628,1262,2019]
[0,1226,1935,2019]
[0,667,1262,2019]
[0,260,2019]
[0,260,667,1226,1753,2019]
[0,667,1226,1753,2019]
[0,1248,2019]
[0,1316,2019]
[0,628,1316,2019]
[0,1262,1935,2019]
[0,260,667,1071,1226,1439,1753,2019]
[0,628,1262,1935,2019]
[0,294,628,1316,1935,2019]
[0,294,628,1262,1753,2019]
[0,708,1277,2019]
[0,294,667,1262,1753,2019]
[0,1857,2019]
[0,667,1226,1935,2019]
