[0,1276,2019]
[0,983,2019]
[0,53,201,365,475,983,1276,1781,2019]
[0,365,475,983,1276,2019]
[0,365,475,983,1276,1781,2019]
[0,201,1276,2019]
[0,53,983,1276,1781,2019]
[0,201,475,983,1276,1781,2019]
[0,983,1276,2019]
[0,53,983,2019]
[0,365,1276,2019]
[0,201,475,983,1276,2019]
[0,201,365,475,983,1276,1781,2019]
[0,53,983,1380,2019]
[0,475,983,1276,1781,2019]
[0,53,365,475,983,1276,2019]
[0,365,983,1380,2019]
[0,208,2019]
[0,365,475,983,1380,1588,1781,2019]
[0,983,1276,1781,2019]
[0,365,983,1380,1781,2019]
[0,208,365,475,983,1380,1588,1781,2019]
[0,53,201,475,983,1276,1781,2019]
[0,208,1380,2019]
[0,53,208,365,475,983,1380,1588,1781,2019]
[0,365,983,1380,1588,1781,2019]
[0,53,365,475,983,1276,1781,2019]
[0,208,475,983,1380,1588,1781,2019]
[0,53,983,1276,2019]
[0,201,2019]
[0,475,983,1380,2019]
[0,365,983,1276,2019]
[0,983,1570,2019]
[0,1380,2019]
[0,53,2019]
[0,365,983,1276,1781,2019]
[0,365,475,983,1380,1781,2019]
[0,475,983,1276,2019]
[0,208,983,1380,2019]
[0,53,365,475,983,1380,1588,1781,2019]
[0,365,475,983,1380,2019]
[0,53,475,983,1276,2019]
[0,53,983,1570,2019]
[0,983,1380,1588,1781,2019]
[0,208,475,983,1380,1781,2019]
[0,983,1380,1781,2019]
[0,365,2019]
[0,201,983,1276,2019]
[0,53,201,475,983,1276,2019]
[0,53,475,983,1380,2019]
[0,475,983,1380,1781,2019]
[0,983,1380,2019]
[0,475,983,2019]
[0,53,365,475,983,1380,2019]
[0,208,475,983,1380,2019]
[0,53,365,475,983,1380,1781,2019]
