[0,411,705,911,1374,1526,1744,2019]
[0,483,911,1484,1744,2019]
[0,705,1484,1744,2019]
[0,254,1744,2019]
[0,483,1484,1744,2019]
[0,411,1374,1744,2019]
[0,483,2019]
[0,888,2019]
[0,528,1612,2019]
[0,1744,2019]
[0,483,911,2019]
[0,705,2019]
[0,692,2019]
[0,483,705,911,1374,1744,2019]
[0,1484,1744,2019]
[0,483,911,1374,1744,2019]
[0,411,1374,1746,2019]
[0,473,888,2019]
[0,692,990,2019]
[0,211,473,888,2019]
[0,1374,2019]
[0,1746,2019]
[0,1484,2019]
[0,705,1744,2019]
[0,411,1374,2019]
[0,1374,1744,2019]
[0,705,911,1374,1641,1746,2019]
[0,705,911,1374,1744,2019]
[0,990,1744,2019]
[0,705,1374,1744,2019]
[0,473,1484,2019]
[0,411,990,1526,1744,2019]
[0,705,1374,2019]
[0,411,911,1374,1746,2019]
[0,473,705,911,1484,1744,2019]
[0,1374,1746,2019]
[0,528,2019]
[0,911,2019]
[0,705,911,1374,1746,2019]
[0,705,1374,1746,2019]
[0,411,705,911,1374,1744,2019]
[0,483,1744,2019]
[0,911,1374,2019]
[0,473,911,2019]
[0,411,911,1374,2019]
[0,473,2019]
[0,990,2019]
[0,483,1374,2019]
[0,254,864,2019]
[0,411,705,911,1374,1746,2019]
[0,473,888,1484,1744,2019]
[0,411,990,2019]
[0,211,473,705,911,1484,1744,2019]
[0,473,911,1744,2019]
[0,692,1387,2019]
[0,483,705,911,1484,1744,2019]
[0,864,2019]
[0,705,911,1484,1744,2019]
[0,411,990,1744,2019]
[0,692,990,1744,2019]
[0,483,705,911,1374,1526,1744,2019]
[0,692,990,1526,1744,2019]
[0,473,911,1484,1744,2019]
[0,473,888,1744,2019]
[0,692,990,1387,2019]
[0,1387,2019]
[0,483,911,1744,2019]
[0,483,1374,1744,2019]
[0,483,911,1374,2019]
[0,211,473,911,1484,1744,2019]
[0,411,911,1374,1744,2019]
[0,911,1744,2019]
[0,692,990,1387,1744,2019]
[0,473,1484,1744,2019]
[0,411,705,911,1374,1641,1746,2019]
[0,254,990,1744,2019]
[0,211,473,888,1484,1744,2019]
