[0,241,595,912,1911]
[0,342,912,1232,1471,1911]
[0,241,595,1911]
[0,342,912,1422,1911]
[0,912,1232,1471,1911]
[0,121,342,595,912,1232,1422,1911]
[0,241,595,1460,1911]
[0,1666,1911]
[0,595,1460,1911]
[0,595,912,1911]
[0,241,595,1693,1911]
[0,241,912,1232,1471,1693,1911]
[0,342,595,912,1911]
[0,912,1232,1911]
[0,342,595,912,1422,1712,1911]
[0,342,912,1232,1911]
[0,241,595,912,1232,1422,1911]
[0,1232,1911]
[0,1471,1666,1911]
[0,342,912,1232,1422,1911]
[0,595,912,1460,1911]
[0,912,1232,1471,1693,1911]
[0,342,912,1911]
[0,595,912,1232,1911]
[0,342,595,1911]
[0,241,595,912,1232,1911]
[0,1232,1471,1911]
[0,121,342,912,1232,1471,1666,1911]
[0,1232,1471,1666,1911]
[0,241,595,941,1663,1911]
[0,912,1232,1471,1666,1911]
[0,1663,1911]
[0,941,1911]
[0,359,941,1663,1911]
[0,941,1663,1911]
[0,342,595,912,1049,1232,1422,1911]
[0,342,595,912,1422,1911]
[0,241,912,1232,1471,1911]
[0,912,1460,1911]
[0,241,1911]
[0,912,1911]
[0,342,1911]
[0,595,1911]
[0,342,595,912,1232,1422,1911]
[0,359,941,1911]
[0,241,595,1663,1911]
[0,121,224,342,912,1232,1471,1666,1911]
[0,241,912,1232,1422,1911]
[0,595,941,1663,1911]
[0,241,595,1460,1693,1911]
[0,342,912,1232,1471,1693,1911]
[0,241,595,912,1460,1911]
[0,342,912,1232,1471,1666,1911]
[0,241,912,1232,1911]
[0,595,1712,1911]
[0,241,595,912,1460,1693,1911]
[0,912,1422,1911]
[0,342,595,912,1232,1911]
[0,121,342,595,912,1049,1232,1422,1911]
[0,595,1663,1911]
[0,595,941,1911]
