[0,131,228,377,488,532,674,824,969]
[0,228,372,969]
[0,131,228,377,488,674,824,969]
[0,131,228,377,674,824,969]
[0,164,730,969]
[0,228,487,674,969]
[0,228,372,489,674,824,969]
[0,91,228,372,489,969]
[0,228,377,674,824,969]
[0,487,730,969]
[0,730,969]
[0,228,969]
[0,91,228,372,674,824,969]
[0,91,228,395,487,674,816,969]
[0,91,228,969]
[0,395,674,969]
[0,377,674,969]
[0,228,372,488,674,824,969]
[0,228,377,488,674,969]
[0,228,372,488,674,969]
[0,228,549,969]
[0,228,395,969]
[0,549,969]
[0,228,372,489,969]
[0,228,372,674,969]
[0,395,969]
[0,164,969]
[0,91,228,487,969]
[0,228,377,488,969]
[0,228,377,488,532,674,969]
[0,487,969]
[0,91,969]
[0,91,228,395,487,969]
[0,228,372,488,532,674,969]
[0,91,228,372,489,674,824,969]
[0,674,969]
[0,131,228,372,488,674,824,969]
[0,228,395,487,674,816,969]
[0,228,395,674,969]
[0,228,395,487,969]
[0,228,395,674,816,969]
[0,228,377,488,532,674,824,969]
[0,91,228,487,674,924,969]
[0,131,228,372,674,824,969]
[0,228,487,969]
[0,377,969]
[0,487,674,969]
[0,112,228,395,674,816,969]
[0,112,228,395,487,674,816,969]
[0,91,228,395,674,969]
[0,228,372,674,824,969]
[0,228,377,969]
[0,372,674,969]
[0,131,228,372,489,674,824,969]
[0,372,674,824,969]
[0,91,228,395,674,816,969]
[0,228,377,674,969]
[0,164,487,730,969]
[0,228,372,488,532,969]
[0,91,228,487,674,969]
[0,228,377,488,532,969]
[0,228,372,488,969]
[0,372,969]
[0,228,377,488,674,824,969]
[0,228,372,488,532,674,824,969]
[0,112,228,395,487,532,674,816,969]
[0,131,228,372,488,532,674,824,969]
