[0,1123,1199,1914,1964,2956]
[0,1123,1199,1964,2956]
[0,2014,2956]
[0,1198,1914,2014,2956]
[0,1123,1914,2014,2956]
[0,1914,1964,2956]
[0,1198,1914,2956]
[0,1198,1915,2956]
[0,1123,1914,2956]
[0,1198,1502,1914,2956]
[0,1198,2014,2956]
[0,1123,2014,2956]
[0,1198,1502,1914,2014,2956]
[0,1123,1199,1914,2014,2956]
[0,1123,1502,1914,2956]
[0,1123,1502,2956]
[0,1123,1914,1964,2956]
[0,1198,2956]
[0,1964,2956]
[0,1123,2956]
[0,1914,2014,2956]
[0,1198,1502,2956]
[0,1123,1964,2956]
[0,1123,1502,1914,2014,2956]
[0,1123,1199,2014,2956]
[0,1123,1199,2956]
