[0,118,213,539,753,987,1651]
[0,106,213,539,728,915,987,1249,1569,1651]
[0,213,539,945,1249,1569,1651]
[0,106,213,304,539,728,915,1249,1651]
[0,106,213,539,945,1651]
[0,945,1651]
[0,539,753,1492,1569,1651]
[0,213,539,753,1249,1569,1651]
[0,213,987,1651]
[0,106,213,539,915,1249,1569,1651]
[0,213,539,728,1651]
[0,213,915,1249,1651]
[0,915,987,1569,1651]
[0,213,539,753,915,1569,1651]
[0,106,213,539,728,915,987,1569,1651]
[0,106,213,539,728,915,1569,1651]
[0,106,213,539,945,1249,1569,1651]
[0,213,539,987,1569,1651]
[0,539,915,1651]
[0,106,213,539,915,1569,1651]
[0,945,1569,1651]
[0,213,539,915,1651]
[0,915,1249,1569,1651]
[0,118,213,539,753,1249,1569,1651]
[0,213,539,915,1249,1651]
[0,118,213,539,753,915,1249,1569,1651]
[0,539,753,987,1651]
[0,213,945,1249,1651]
[0,915,987,1492,1569,1651]
[0,753,987,1651]
[0,106,213,539,728,945,1249,1651]
[0,940,1651]
[0,213,685,945,1569,1651]
[0,213,539,753,1569,1651]
[0,213,539,728,915,1651]
[0,106,213,539,728,945,1651]
[0,118,213,539,753,1651]
[0,213,940,1569,1651]
[0,539,945,1651]
[0,213,539,915,1492,1569,1651]
[0,106,213,539,728,915,1249,1569,1651]
[0,213,685,945,1651]
[0,213,539,753,915,1651]
[0,728,1651]
[0,118,213,539,753,1569,1651]
[0,118,213,539,753,1492,1569,1651]
[0,539,945,1249,1651]
[0,539,753,1569,1651]
[0,915,1569,1651]
[0,106,213,539,728,915,1249,1651]
[0,118,213,304,539,753,915,1249,1569,1651]
[0,213,539,753,915,987,1492,1569,1651]
[0,106,213,539,915,1651]
[0,945,1249,1651]
[0,753,1569,1651]
[0,213,915,987,1492,1569,1651]
[0,118,213,539,753,915,987,1492,1569,1651]
[0,106,213,539,915,1249,1651]
[0,213,539,753,915,1492,1569,1651]
[0,118,213,539,753,915,1651]
[0,213,1569,1651]
[0,213,987,1569,1651]
[0,106,213,539,945,1249,1651]
[0,213,728,1651]
[0,213,539,728,945,1651]
[0,213,539,753,1651]
[0,213,539,753,1249,1651]
[0,106,213,304,539,728,915,1651]
[0,106,213,304,539,728,915,987,1569,1651]
[0,118,213,539,753,915,987,1249,1569,1651]
[0,213,539,753,987,1651]
[0,213,685,940,1651]
[0,213,539,753,987,1569,1651]
[0,940,1569,1651]
[0,213,987,1249,1651]
[0,213,685,940,1569,1651]
[0,213,539,753,1492,1569,1651]
[0,685,945,1651]
[0,213,539,728,945,1249,1569,1651]
[0,987,1651]
[0,213,915,987,1569,1651]
[0,213,915,1492,1569,1651]
[0,945,1249,1569,1651]
[0,915,1249,1651]
[0,106,213,304,539,728,915,987,1249,1569,1651]
[0,539,753,1249,1651]
[0,118,213,539,753,915,987,1569,1651]
[0,213,539,915,1249,1569,1651]
[0,213,945,1651]
[0,915,987,1651]
[0,213,539,728,915,1249,1651]
[0,753,1492,1569,1651]
[0,753,1249,1651]
[0,106,213,539,728,915,987,1505,1569,1651]
[0,213,915,1249,1569,1651]
[0,118,213,539,753,987,1569,1651]
[0,213,539,915,987,1492,1569,1651]
[0,213,539,987,1249,1569,1651]
[0,118,213,539,753,915,1569,1651]
[0,213,539,753,915,987,1569,1651]
[0,213,539,945,1249,1651]
[0,685,940,1651]
[0,213,539,915,987,1505,1569,1651]
[0,539,987,1249,1651]
[0,753,1651]
[0,987,1249,1651]
[0,118,213,539,753,915,1492,1569,1651]
[0,118,213,304,539,753,915,987,1249,1569,1651]
[0,106,213,304,539,728,915,1249,1569,1651]
[0,106,213,539,728,945,1249,1569,1651]
[0,539,915,1249,1651]
[0,1569,1651]
[0,213,940,1651]
[0,213,539,987,1651]
[0,539,987,1651]
[0,118,213,304,539,753,915,1249,1651]
[0,213,539,753,915,1249,1651]
[0,106,213,539,728,1651]
[0,213,539,987,1249,1651]
[0,106,213,304,539,728,915,987,1505,1569,1651]
[0,213,539,945,1651]
[0,106,213,304,539,728,915,1569,1651]
[0,213,539,915,987,1569,1651]
[0,915,1651]
[0,213,1651]
[0,106,213,539,915,987,1505,1569,1651]
[0,118,213,539,753,915,1249,1651]
[0,915,1492,1569,1651]
[0,213,915,1569,1651]
[0,539,753,1651]
[0,435,987,1651]
[0,213,539,728,945,1249,1651]
[0,213,915,1651]
[0,213,539,915,1569,1651]
[0,213,987,1249,1569,1651]
[0,213,945,1569,1651]
[0,106,213,539,728,915,1651]
[0,118,213,539,753,1249,1651]
[0,106,213,539,915,987,1569,1651]
[0,213,945,1249,1569,1651]
