[0,291,1753,2554]
[0,291,1742,2554]
[0,291,1098,1384,1742,2400,2554]
[0,1390,1742,2554]
[0,291,1098,1384,1742,2554]
[0,786,1708,2554]
[0,291,1390,1708,2554]
[0,291,2554]
[0,291,786,1098,1708,2554]
[0,291,1390,1742,2400,2554]
[0,291,1098,1742,2554]
[0,291,786,1098,1495,1742,2554]
[0,1098,1742,2554]
[0,786,1098,2554]
[0,291,1098,1495,1742,2554]
[0,786,1098,1390,1708,2554]
[0,1686,2554]
[0,1708,2554]
[0,562,1686,2554]
[0,786,2554]
[0,291,1495,1742,2554]
[0,1390,1708,2554]
[0,1098,2554]
[0,291,786,1098,1384,1742,2400,2554]
[0,291,1384,1742,2554]
[0,291,1708,2554]
[0,291,2300,2554]
[0,1384,1742,2554]
[0,786,1098,1742,2554]
[0,291,1098,2554]
[0,291,786,1098,1495,1742,2400,2554]
[0,404,2175,2554]
[0,786,1742,2554]
[0,404,2554]
[0,291,1390,1742,2554]
[0,291,786,1098,1390,1708,2554]
[0,291,786,1098,1742,2554]
[0,1753,2554]
[0,1742,2554]
[0,291,786,1098,1384,1742,2554]
[0,291,786,1098,2554]
[0,1098,1390,1708,2554]
[0,291,1098,1390,1708,2554]
[0,562,2554]
[0,786,1098,1708,2554]
