[0,81,342,919,1651]
[0,342,973,1384,1471,1651]
[0,590,919,1172,1651]
[0,81,342,590,972,1471,1651]
[0,590,973,1471,1651]
[0,590,1384,1651]
[0,342,539,1651]
[0,81,1384,1471,1651]
[0,1376,1651]
[0,81,342,1471,1651]
[0,342,1036,1651]
[0,81,342,590,919,1172,1471,1651]
[0,342,590,973,1651]
[0,590,919,1651]
[0,342,1172,1471,1651]
[0,342,590,972,1461,1651]
[0,590,1651]
[0,81,342,1384,1471,1580,1651]
[0,539,590,1384,1471,1651]
[0,973,1651]
[0,342,590,919,1172,1471,1651]
[0,1384,1651]
[0,342,590,973,1471,1651]
[0,81,342,539,590,1376,1471,1651]
[0,81,342,590,973,1384,1471,1580,1651]
[0,81,1651]
[0,81,342,590,1172,1580,1651]
[0,81,342,539,1376,1471,1651]
[0,590,972,1471,1651]
[0,342,919,1651]
[0,590,1471,1651]
[0,81,342,590,919,1651]
[0,1580,1651]
[0,81,342,973,1384,1471,1651]
[0,342,539,590,1376,1471,1651]
[0,590,1376,1651]
[0,81,342,1036,1471,1651]
[0,342,590,973,1384,1471,1651]
[0,972,1651]
[0,81,342,1580,1651]
[0,342,1471,1651]
[0,81,1376,1471,1651]
[0,81,342,590,972,1461,1651]
[0,342,590,919,1651]
[0,81,342,1172,1471,1651]
[0,81,342,972,1651]
[0,972,1471,1651]
[0,919,1651]
[0,81,342,1172,1651]
[0,342,1376,1471,1651]
[0,342,1036,1471,1651]
[0,590,973,1384,1471,1651]
[0,342,973,1651]
[0,81,342,590,1172,1471,1651]
[0,590,972,1461,1651]
[0,81,342,590,919,1172,1651]
[0,81,342,972,1471,1651]
[0,1471,1651]
[0,81,342,539,590,1384,1471,1580,1651]
[0,81,342,539,590,973,1384,1471,1580,1651]
[0,81,342,539,590,1384,1471,1651]
[0,81,342,973,1384,1471,1580,1651]
[0,342,539,1376,1471,1651]
[0,302,1651]
[0,81,342,1376,1471,1651]
[0,539,590,1376,1471,1651]
[0,590,1172,1471,1651]
[0,342,1384,1651]
[0,81,342,1172,1580,1651]
[0,590,1384,1471,1651]
[0,1376,1471,1651]
[0,342,972,1471,1651]
[0,590,972,1651]
[0,342,972,1651]
[0,590,1172,1651]
[0,302,1036,1651]
[0,342,973,1471,1651]
[0,342,539,1384,1471,1651]
[0,81,342,590,973,1384,1471,1651]
[0,81,1580,1651]
[0,342,1172,1651]
[0,81,342,972,1461,1651]
[0,342,590,1172,1471,1651]
[0,81,342,590,1172,1651]
[0,342,1384,1471,1651]
[0,343,1651]
[0,342,590,919,1172,1651]
[0,81,342,539,1384,1471,1651]
[0,302,1036,1471,1651]
[0,1036,1651]
[0,1384,1471,1651]
[0,81,342,539,1384,1471,1580,1651]
[0,590,1376,1471,1651]
[0,342,590,972,1651]
[0,973,1471,1651]
[0,81,342,1384,1471,1651]
[0,342,972,1461,1651]
[0,342,590,1172,1651]
[0,81,342,590,919,1172,1580,1651]
[0,342,590,972,1471,1651]
[0,590,973,1651]
[0,1172,1471,1651]
[0,343,1376,1651]
[0,1172,1651]
[0,302,1471,1651]
[0,342,539,590,1384,1471,1651]
[0,590,919,1172,1471,1651]
[0,342,1651]
[0,81,342,1651]
[0,342,539,1471,1651]
