[0,977,1925,2534,2759]
[0,2705,2759]
[0,172,2404,2759]
[0,861,1341,1966,2759]
[0,1925,2412,2759]
[0,831,1079,2759]
[0,2312,2442,2759]
[0,831,1079,1925,2442,2759]
[0,861,1341,1925,2412,2681,2759]
[0,831,1079,1925,2759]
[0,831,1079,2312,2442,2759]
[0,831,1079,2312,2442,2681,2759]
[0,1341,1966,2460,2705,2759]
[0,977,2759]
[0,172,977,1925,2534,2759]
[0,2460,2705,2759]
[0,861,1242,1925,2412,2759]
[0,1341,1925,2534,2759]
[0,1600,1925,2412,2759]
[0,831,1079,1600,1925,2412,2759]
[0,1341,1925,2412,2681,2759]
[0,2312,2460,2705,2759]
[0,861,1341,1966,2705,2759]
[0,831,1079,1925,2312,2442,2759]
[0,861,1242,1925,2759]
[0,831,1079,2442,2759]
[0,1341,2460,2759]
[0,172,1093,2404,2759]
[0,861,1341,1966,2460,2705,2759]
[0,861,1341,2759]
[0,861,1341,1925,2534,2759]
[0,2460,2759]
[0,1079,1925,2442,2759]
[0,1341,1925,2759]
[0,1079,2312,2442,2759]
[0,1925,2442,2759]
[0,831,1079,1925,2312,2442,2681,2759]
[0,1966,2759]
[0,1093,2759]
[0,1341,1966,2460,2759]
[0,222,831,1079,1600,1925,2412,2681,2759]
[0,1341,2312,2460,2759]
[0,1925,2759]
[0,861,1341,1925,2759]
[0,2442,2759]
[0,861,1341,1966,2460,2759]
[0,831,1079,1925,2412,2681,2759]
[0,1242,1925,2412,2759]
[0,1242,1925,2759]
[0,1242,1925,2412,2681,2759]
[0,831,2759]
[0,831,1079,1600,1925,2412,2681,2759]
[0,861,1341,1925,2412,2759]
[0,1093,2404,2759]
[0,1341,1966,2759]
[0,1079,1925,2759]
[0,1341,2312,2460,2705,2759]
[0,977,1925,2759]
[0,1079,1600,1925,2412,2759]
[0,1966,2460,2705,2759]
[0,1079,2759]
[0,1341,1925,2412,2759]
[0,831,2442,2759]
[0,831,1079,1925,2412,2759]
[0,2404,2759]
[0,1966,2460,2759]
[0,861,1242,1925,2412,2681,2759]
[0,2329,2759]
[0,1341,2759]
[0,1079,1925,2412,2759]
[0,2312,2460,2759]
[0,222,831,1079,1600,1925,2412,2759]
[0,1079,2442,2759]
