[0,227,822,1250,1382,1775,2019]
[0,227,822,1118,1318,1775,2019]
[0,43,227,822,1382,2019]
[0,227,822,1118,1449,1775,2019]
[0,227,822,1382,1449,2019]
[0,227,822,1568,2019]
[0,227,822,1118,1250,1382,2019]
[0,822,1118,1449,1775,2019]
[0,227,822,1250,1382,1449,1568,1775,2019]
[0,822,2019]
[0,822,1449,2019]
[0,43,227,822,1118,1250,1775,2019]
[0,227,822,1382,1449,1568,1775,2019]
[0,1449,1600,1775,2019]
[0,822,1118,1449,2019]
[0,43,227,822,1118,1382,2019]
[0,227,822,1118,2019]
[0,43,227,822,1118,1250,1568,1775,2019]
[0,227,822,1118,1250,1382,1568,1775,2019]
[0,227,822,1382,1449,1600,1775,2019]
[0,43,227,822,1118,1382,1775,2019]
[0,227,822,1118,1250,1382,1775,2019]
[0,822,1118,2019]
[0,227,822,1118,1568,1775,2019]
[0,1118,2019]
[0,227,822,1118,1775,2019]
[0,227,822,1382,1600,1775,2019]
[0,822,1382,2019]
[0,822,1118,1382,2019]
[0,822,1382,1449,1600,1775,2019]
[0,1382,1449,1600,2019]
[0,1449,1600,2019]
[0,227,822,1382,1449,1775,2019]
[0,822,1382,1775,2019]
[0,227,822,1382,1775,2019]
[0,1600,1775,2019]
[0,227,822,2019]
[0,822,1382,1449,2019]
[0,227,822,1250,1382,1600,1775,2019]
[0,43,227,822,1118,1250,1449,1775,2019]
[0,227,822,1382,1568,1775,2019]
[0,822,1568,2019]
[0,1775,2019]
[0,227,1118,1482,2019]
[0,227,822,1250,1382,2019]
[0,227,822,1118,1382,2019]
[0,227,1482,2019]
[0,822,1118,1775,2019]
[0,1382,1449,1600,1775,2019]
[0,1482,2019]
[0,227,822,1600,2019]
[0,227,822,1118,1250,1382,1600,1775,2019]
[0,1118,1482,2019]
[0,227,822,1600,1775,2019]
[0,227,822,1382,2019]
[0,822,1118,1382,1775,2019]
[0,227,822,1250,1382,1449,1600,1775,2019]
[0,227,1118,1382,2019]
[0,43,227,822,1118,1318,1775,2019]
[0,227,822,1118,1382,1775,2019]
[0,227,822,1118,1250,1775,2019]
[0,822,1600,1775,2019]
[0,822,1600,2019]
[0,227,2019]
[0,227,822,1118,1250,1568,1775,2019]
[0,43,227,822,1118,1250,1382,1600,1775,2019]
[0,1600,2019]
[0,43,227,822,1382,1775,2019]
[0,227,822,1118,1250,1382,1449,1568,1775,2019]
[0,1382,2019]
[0,1382,1449,2019]
[0,227,1382,2019]
[0,227,822,1568,1775,2019]
[0,822,1382,1600,1775,2019]
[0,227,822,1250,1382,1568,1775,2019]
[0,227,822,1118,1250,1382,1449,1600,1775,2019]
[0,227,822,1118,1250,1449,1775,2019]
[0,43,227,822,1118,1775,2019]
[0,1118,1382,2019]
