[0,334,439,784,883,980,1180]
[0,195,980,1180]
[0,195,530,737,784,903,1089,1180]
[0,903,1089,1180]
[0,530,903,980,1180]
[0,847,903,1180]
[0,195,903,1180]
[0,334,439,530,980,1180]
[0,847,903,1089,1180]
[0,168,334,439,784,883,980,1180]
[0,324,439,530,980,1180]
[0,737,903,1180]
[0,168,334,439,784,980,1180]
[0,195,903,980,1180]
[0,784,980,1180]
[0,530,883,1002,1180]
[0,334,439,883,980,1180]
[0,359,1180]
[0,195,530,1180]
[0,903,980,1180]
[0,439,847,1180]
[0,334,439,980,1180]
[0,168,334,439,530,737,784,883,980,1180]
[0,324,439,1180]
[0,195,530,903,1089,1180]
[0,324,980,1180]
[0,168,334,439,980,1180]
[0,737,1180]
[0,324,439,530,903,980,1180]
[0,168,334,980,1180]
[0,530,1180]
[0,195,737,903,1089,1180]
[0,334,1180]
[0,334,439,530,784,883,980,1180]
[0,530,980,1180]
[0,530,1002,1180]
[0,195,1180]
[0,439,530,903,980,1180]
[0,530,903,1180]
[0,530,847,903,1089,1180]
[0,334,439,530,1180]
[0,168,334,439,530,784,883,980,1180]
[0,439,980,1180]
[0,324,439,530,1180]
[0,439,1180]
[0,168,334,439,530,883,980,1180]
[0,195,737,784,903,1089,1180]
[0,439,737,903,1180]
[0,439,530,980,1180]
[0,903,1180]
[0,168,334,439,883,980,1180]
[0,980,1180]
[0,1002,1180]
[0,324,1180]
[0,195,530,903,1180]
[0,439,737,1180]
[0,195,1089,1180]
[0,439,530,1180]
[0,334,439,1180]
[0,530,903,1089,1180]
[0,334,784,980,1180]
[0,195,530,737,903,1180]
[0,195,530,737,903,1089,1180]
[0,334,439,784,980,1180]
[0,168,334,784,980,1180]
[0,883,1002,1180]
[0,195,737,903,1180]
[0,847,1180]
[0,334,980,1180]
[0,324,439,980,1180]
[0,195,903,1089,1180]
[0,1089,1180]
[0,334,439,530,883,980,1180]
[0,334,439,530,737,784,883,980,1180]
