[0,234,396,668,816,921,1105,1343]
[0,51,234,433,481,921,1343]
[0,234,1343]
[0,51,1343]
[0,51,667,1343]
[0,667,1343]
[0,51,234,481,790,839,1105,1157,1343]
[0,234,481,1343]
[0,51,234,481,1343]
[0,51,234,668,1343]
[0,178,1343]
[0,51,234,396,668,816,921,1105,1343]
[0,234,667,790,1343]
[0,234,626,1343]
[0,481,839,1105,1343]
[0,715,1343]
[0,51,234,433,481,921,1105,1343]
[0,234,481,921,1343]
[0,178,715,1343]
[0,51,234,667,790,839,1343]
[0,234,481,921,1105,1343]
[0,234,396,668,921,1105,1343]
[0,234,481,839,1105,1343]
[0,234,667,1343]
[0,667,790,1343]
[0,51,481,1343]
[0,234,481,839,1343]
[0,51,234,667,790,1343]
[0,51,234,481,921,1105,1343]
[0,51,667,790,1343]
[0,839,1105,1343]
[0,481,1343]
[0,234,481,1105,1157,1343]
[0,921,1343]
[0,626,1343]
[0,51,481,1105,1157,1343]
[0,481,1105,1157,1343]
[0,51,234,481,839,1105,1157,1343]
[0,234,668,1105,1343]
[0,839,1343]
[0,481,1157,1343]
[0,51,234,668,816,1343]
[0,234,668,921,1105,1343]
[0,481,921,1343]
[0,234,668,816,1343]
[0,234,668,1343]
[0,234,668,816,921,1105,1343]
[0,234,668,816,921,1343]
[0,234,481,1157,1343]
[0,51,234,668,816,921,1105,1343]
[0,51,234,481,921,1343]
[0,51,234,668,816,921,1343]
[0,51,433,481,1343]
[0,481,839,1343]
[0,1105,1157,1343]
[0,234,839,1343]
[0,1157,1343]
[0,234,396,668,1343]
[0,668,1105,1343]
[0,51,668,1343]
[0,234,481,839,1105,1157,1343]
[0,668,1343]
[0,234,396,668,1105,1343]
[0,178,668,1343]
[0,51,234,481,1105,1157,1343]
[0,51,234,433,481,1343]
[0,51,481,1157,1343]
