[0,121,537,1343]
[0,121,533,868,1343]
[0,381,537,872,1343]
[0,927,1343]
[0,1169,1343]
[0,121,533,716,1343]
[0,121,537,872,1343]
[0,121,522,593,872,1228,1343]
[0,121,533,593,868,1228,1343]
[0,533,1343]
[0,172,1343]
[0,522,1343]
[0,522,872,1343]
[0,121,537,1105,1343]
[0,121,522,872,1343]
[0,121,533,716,1169,1343]
[0,121,533,1169,1343]
[0,533,868,1343]
[0,172,927,1343]
[0,121,1343]
[0,537,1343]
[0,537,872,1343]
[0,121,463,533,868,1343]
[0,121,454,537,872,1343]
[0,121,463,537,872,1343]
[0,533,716,1343]
[0,121,522,593,872,1343]
[0,533,1169,1343]
[0,537,1105,1343]
[0,121,522,872,1228,1343]
[0,121,522,1343]
[0,121,381,537,872,1343]
[0,121,533,593,868,1343]
[0,121,381,463,533,868,1343]
[0,121,381,463,537,872,1343]
[0,533,716,1169,1343]
[0,121,533,1343]
[0,121,1169,1343]
[0,381,533,868,1343]
[0,121,381,533,868,1343]
[0,522,853,1343]
[0,121,522,853,1343]
[0,121,533,868,1228,1343]
