[0,1139,2956]
[0,421,614,1217,1450,1884,2430,2956]
[0,421,1207,1450,1884,2430,2956]
[0,1217,1543,2226,2956]
[0,1217,1543,2686,2956]
[0,1207,1523,1631,1884,2226,2956]
[0,1543,1640,1884,2956]
[0,421,614,1217,1450,2430,2956]
[0,1207,1450,2430,2956]
[0,1543,1884,2430,2956]
[0,2686,2956]
[0,1207,1523,2956]
[0,1884,2430,2956]
[0,1207,1450,1594,1884,2430,2956]
[0,432,1166,2430,2956]
[0,1543,2956]
[0,421,1543,2430,2956]
[0,421,905,1217,1543,1884,2430,2956]
[0,1450,1594,1884,2430,2956]
[0,2386,2956]
[0,2430,2956]
[0,1217,1543,1884,2226,2956]
[0,1884,2956]
[0,1450,2430,2956]
[0,1217,2956]
[0,1523,2956]
[0,421,1207,1543,1884,2430,2956]
[0,1217,1450,2430,2956]
[0,1217,1543,2956]
[0,421,905,1207,1543,1884,2430,2956]
[0,1631,1884,2226,2956]
[0,1450,1594,2430,2956]
[0,1543,1884,2226,2956]
[0,432,1543,1884,2430,2956]
[0,421,1207,1450,2430,2956]
[0,1217,2430,2956]
[0,1217,1543,1640,1884,2226,2956]
[0,421,905,1217,1543,1884,2430,2686,2956]
[0,1207,1523,1631,1884,2226,2686,2956]
[0,1217,1450,1884,2430,2956]
[0,1217,1543,1884,2430,2956]
[0,1217,1543,1884,2226,2686,2956]
[0,421,614,1207,1450,1594,1884,2430,2956]
[0,1523,1631,2956]
[0,1523,1631,1884,2956]
[0,1207,1523,1884,2226,2686,2956]
[0,421,1884,2430,2956]
[0,1884,2226,2956]
[0,421,1217,1543,1884,2430,2956]
[0,421,1450,2430,2956]
[0,1631,1884,2956]
[0,1217,1543,2226,2686,2956]
[0,1207,1523,1884,2226,2956]
[0,1207,1450,1884,2430,2956]
[0,421,1217,1450,2430,2956]
[0,1543,1640,2956]
[0,1543,2430,2956]
[0,421,1217,1543,1884,2430,2686,2956]
[0,421,614,1207,1450,1884,2430,2956]
[0,421,1207,1450,1594,1884,2430,2956]
[0,421,614,1217,1450,1884,2430,2686,2956]
[0,1450,1884,2430,2956]
[0,421,1543,1884,2430,2956]
[0,421,1217,1450,1884,2430,2956]
[0,1640,1884,2956]
[0,421,1217,1450,1884,2430,2686,2956]
[0,432,1543,1884,2430,2686,2956]
[0,1207,1543,1884,2430,2956]
[0,1207,1523,2226,2686,2956]
[0,1166,2430,2956]
[0,1217,1543,1640,1884,2226,2686,2956]
[0,1543,1640,1884,2226,2956]
[0,1207,1543,2430,2956]
[0,421,1450,1884,2430,2956]
[0,1217,1543,2430,2956]
[0,432,1543,2430,2956]
[0,1523,1884,2226,2956]
[0,1523,2226,2956]
[0,1523,2686,2956]
[0,1523,1631,1884,2226,2956]
[0,1139,2430,2956]
[0,1543,2686,2956]
[0,421,1450,1884,2430,2686,2956]
[0,1450,2956]
[0,421,614,1207,1450,2430,2956]
[0,1166,2956]
[0,421,905,1207,1543,1884,2430,2686,2956]
[0,1217,2386,2956]
[0,1640,1884,2226,2956]
[0,1207,1523,2226,2956]
[0,1207,1523,2686,2956]
[0,1543,2226,2956]
