[0,268,1108,2018,2490,2812]
[0,215,2812]
[0,88,215,1108,1373,2017,2128,2490,2812]
[0,215,1108,1373,2490,2812]
[0,268,1108,2128,2490,2812]
[0,88,268,1108,1373,2128,2490,2812]
[0,88,268,2812]
[0,1121,1984,2812]
[0,215,1108,1373,2128,2490,2812]
[0,1121,1700,2812]
[0,1984,2812]
[0,1121,2812]
[0,88,215,1108,1373,2812]
[0,1108,2128,2490,2812]
[0,88,268,1108,1373,2490,2812]
[0,88,215,1108,1373,2128,2490,2812]
[0,2490,2812]
[0,1700,2490,2812]
[0,215,1121,1984,2490,2812]
[0,1108,1373,2018,2490,2812]
[0,268,1108,1373,2490,2812]
[0,88,215,1108,2812]
[0,1108,2128,2812]
[0,1108,1700,2128,2812]
[0,88,215,1108,1373,2490,2812]
[0,88,2812]
[0,2128,2812]
[0,1373,2812]
[0,88,268,1108,1373,2812]
[0,268,1108,2812]
[0,268,1108,1700,2490,2812]
[0,1108,2079,2812]
[0,2471,2812]
[0,1108,1700,2812]
[0,215,1108,1373,1700,2017,2128,2490,2812]
[0,268,2812]
[0,1121,1984,2490,2812]
[0,268,1108,2490,2812]
[0,215,1108,1373,2017,2128,2490,2812]
[0,1121,1700,2490,2812]
[0,1984,2490,2812]
[0,1108,2490,2812]
[0,1108,1700,2490,2812]
[0,1108,1373,2490,2812]
[0,268,1108,1373,2018,2490,2812]
[0,1373,2471,2812]
[0,88,268,1108,2812]
[0,215,1108,1373,2018,2490,2812]
[0,1108,2018,2490,2812]
[0,88,215,2812]
[0,1108,1373,2128,2490,2812]
[0,215,1121,1700,2490,2812]
[0,1700,2812]
[0,268,1108,1373,2812]
[0,268,1108,1373,2128,2490,2812]
[0,1108,2812]
[0,1108,2018,2812]
[0,2018,2490,2812]
[0,215,1108,1373,2812]
[0,215,1108,1373,1700,2128,2490,2812]
[0,1108,1373,2017,2128,2490,2812]
[0,215,1108,2812]
[0,1108,1373,2812]
[0,1373,2490,2812]
[0,2128,2490,2812]
[0,1108,1373,1700,2128,2490,2812]
[0,1108,1700,2128,2490,2812]
[0,2018,2812]
