[0,455,660,1107,1264]
[0,67,177,244,455,801,1011,1107,1212,1264]
[0,67,177,455,653,801,1011,1107,1264]
[0,386,455,801,1011,1264]
[0,67,177,455,653,801,1107,1264]
[0,177,244,386,455,801,1011,1264]
[0,177,386,1264]
[0,177,244,386,455,653,801,1011,1264]
[0,67,177,244,386,455,801,1011,1107,1212,1264]
[0,1107,1264]
[0,801,1264]
[0,455,801,1011,1264]
[0,177,244,386,455,801,1011,1107,1212,1264]
[0,177,386,455,653,801,1011,1264]
[0,67,177,244,386,455,801,1011,1264]
[0,177,455,801,1264]
[0,177,455,660,1107,1264]
[0,177,244,455,801,1011,1107,1212,1264]
[0,177,455,801,1011,1107,1264]
[0,653,1264]
[0,177,244,386,455,801,1011,1212,1264]
[0,801,1011,1264]
[0,67,177,244,455,653,801,1011,1107,1264]
[0,177,244,386,455,653,801,1011,1107,1264]
[0,67,177,244,386,455,801,1011,1107,1264]
[0,67,177,244,455,653,801,1011,1264]
[0,67,177,244,455,653,801,1011,1107,1212,1264]
[0,177,386,455,653,801,1011,1107,1264]
[0,244,1011,1264]
[0,455,801,1107,1264]
[0,67,177,244,455,801,1011,1264]
[0,386,1264]
[0,177,1107,1264]
[0,177,386,455,801,1011,1264]
[0,67,177,455,653,801,1011,1264]
[0,177,455,653,1264]
[0,177,455,653,1107,1264]
[0,455,653,1107,1264]
[0,177,244,455,801,1011,1264]
[0,1011,1264]
[0,177,653,1264]
[0,177,244,455,801,1011,1212,1264]
[0,177,455,801,1107,1264]
[0,801,1107,1264]
[0,455,660,1264]
[0,67,177,244,455,801,1011,1107,1264]
[0,177,244,386,455,801,1011,1107,1264]
[0,177,386,801,1107,1264]
[0,455,653,1264]
[0,177,455,653,801,1011,1107,1264]
[0,177,455,653,801,1011,1264]
[0,67,177,244,386,455,653,801,1011,1107,1264]
[0,177,244,455,653,801,1011,1107,1264]
[0,660,1264]
[0,177,386,801,1264]
[0,653,1107,1264]
[0,177,244,801,1011,1264]
[0,177,455,653,801,1107,1264]
[0,455,1264]
[0,67,177,455,801,1011,1264]
[0,67,177,244,386,455,653,801,1011,1107,1212,1264]
[0,177,244,455,801,1011,1107,1264]
[0,177,455,801,1011,1264]
[0,177,801,1107,1264]
[0,177,455,660,1264]
[0,455,653,801,1011,1264]
[0,386,801,1264]
[0,177,801,1264]
[0,244,801,1011,1264]
[0,177,1264]
[0,67,177,455,801,1107,1264]
[0,177,244,455,653,801,1011,1264]
[0,67,177,244,386,455,653,801,1011,1264]
[0,455,801,1264]
[0,177,386,455,801,1011,1107,1264]
[0,386,455,653,801,1011,1264]
[0,660,1107,1264]
[0,177,653,1107,1264]
