[0,262,833,1191,1425,2189]
[0,178,341,833,1191,1425,1939,2189]
[0,341,1048,1191,2189]
[0,262,833,1191,1425,1939,2097,2189]
[0,341,2189]
[0,833,1191,1425,2189]
[0,178,341,833,1191,1425,1703,1939,2189]
[0,862,1254,2189]
[0,833,1191,1425,1939,2189]
[0,833,1191,1254,1939,2097,2189]
[0,341,1191,1939,2189]
[0,833,1191,1703,1939,2189]
[0,833,1703,2189]
[0,262,833,1191,1425,1939,2189]
[0,262,341,833,1191,1425,1939,2097,2189]
[0,1048,1191,2189]
[0,862,2189]
[0,262,341,833,1191,1425,2189]
[0,178,833,1191,2189]
[0,262,833,1191,2189]
[0,833,1191,1431,2189]
[0,833,2189]
[0,833,1191,1254,2097,2189]
[0,178,833,1191,1425,1939,2097,2189]
[0,178,833,1191,1425,2189]
[0,262,833,1191,1939,2189]
[0,833,1191,1425,1703,1939,2097,2189]
[0,178,341,833,1191,1425,1703,1939,2097,2189]
[0,178,833,1191,1425,1939,2189]
[0,833,1191,1939,2189]
[0,833,1191,1425,1939,2097,2189]
[0,756,2189]
[0,178,341,833,1191,1425,1939,2097,2189]
[0,862,1254,1939,2189]
[0,178,341,833,1191,1425,2189]
[0,262,341,833,1191,1425,1939,2189]
[0,833,1191,1703,2189]
[0,833,1191,2097,2189]
[0,833,1191,1425,1703,1939,2189]
[0,833,1191,1254,2189]
[0,833,1191,1939,2097,2189]
[0,341,1191,2189]
[0,262,341,833,1191,2189]
[0,341,1939,2189]
[0,178,833,1191,1425,1703,1939,2189]
[0,1191,2189]
[0,833,1191,2189]
