[0,164,405,705,842,1180]
[0,405,705,1180]
[0,164,479,634,705,842,1180]
[0,479,705,1180]
[0,104,164,225,405,479,634,705,1180]
[0,104,164,479,634,705,842,1180]
[0,225,405,705,1180]
[0,51,104,164,479,634,705,1127,1180]
[0,164,479,705,842,1180]
[0,104,164,225,405,634,705,1180]
[0,104,164,405,705,1180]
[0,51,104,164,225,405,705,1180]
[0,705,1180]
[0,104,164,479,705,1180]
[0,164,479,634,705,1180]
[0,164,705,1180]
[0,104,164,479,634,705,1180]
[0,104,164,705,1180]
[0,164,405,705,1180]
[0,51,104,164,405,705,1180]
[0,164,405,705,842,1127,1180]
[0,164,479,705,1180]
[0,51,104,164,479,705,1180]
[0,225,405,634,705,1180]
[0,104,225,405,479,705,1180]
[0,164,405,705,1127,1180]
[0,225,405,705,842,1180]
[0,164,225,405,705,1180]
[0,104,225,405,479,634,705,842,1180]
[0,104,164,225,405,479,634,705,842,1180]
[0,164,225,405,634,705,1180]
[0,104,225,405,705,1180]
[0,51,104,164,479,634,705,1180]
[0,104,225,405,479,634,705,1180]
[0,225,705,1180]
[0,104,225,405,634,705,842,1180]
[0,104,225,405,479,705,842,1180]
[0,104,164,225,405,634,705,842,1180]
[0,51,104,164,225,405,634,705,1180]
[0,104,225,405,705,842,1180]
[0,51,104,164,705,1180]
[0,51,104,164,479,634,705,842,1127,1180]
[0,104,225,405,634,705,1180]
[0,104,164,479,634,705,842,1127,1180]
[0,104,164,225,405,705,1180]
[0,104,164,479,634,705,1127,1180]
