[0,234,419,746,1041,1700,2017]
[0,234,1041,2017]
[0,234,430,746,1700,2017]
[0,643,748,1700,1918,2017]
[0,234,419,748,1700,2017]
[0,718,1103,1724,2017]
[0,234,430,1700,2017]
[0,234,819,1041,1700,2017]
[0,234,2017]
[0,234,419,643,746,1700,1918,2017]
[0,718,2017]
[0,234,430,643,746,1041,1220,1700,2017]
[0,643,2017]
[0,234,419,746,2017]
[0,234,1700,1918,2017]
[0,234,748,1700,2017]
[0,746,1724,2017]
[0,234,430,1041,1700,1918,2017]
[0,234,430,643,1041,1220,1700,2017]
[0,234,419,643,748,2017]
[0,234,419,643,746,819,1700,1918,2017]
[0,234,643,1041,2017]
[0,718,1724,2017]
[0,1041,2017]
[0,234,746,1700,1918,2017]
[0,746,2017]
[0,234,643,746,2017]
[0,234,430,643,746,2017]
[0,234,1041,1700,1918,2017]
[0,234,419,643,746,1041,1700,2017]
[0,234,430,643,746,1220,1700,2017]
[0,234,1700,2017]
[0,234,643,746,1700,1918,2017]
[0,234,430,1041,2017]
[0,234,430,2017]
[0,748,2017]
[0,234,430,746,2017]
[0,718,1103,2017]
[0,234,746,1700,2017]
[0,234,430,643,746,1700,1918,2017]
[0,234,718,2017]
[0,234,718,1700,2017]
[0,643,746,2017]
[0,234,419,746,1700,2017]
[0,234,643,2017]
[0,746,819,1700,1918,2017]
[0,234,419,643,746,1041,1700,1918,2017]
[0,234,419,643,746,819,1041,1700,1918,2017]
[0,1700,1918,2017]
[0,748,1700,2017]
[0,746,1700,1918,2017]
[0,234,430,643,746,1220,1700,1918,2017]
[0,234,430,643,746,819,1041,1220,1700,1918,2017]
[0,234,419,643,748,1700,2017]
[0,234,430,643,746,1041,1700,2017]
[0,1918,2017]
[0,234,430,819,1041,2017]
[0,234,643,746,819,1700,1918,2017]
[0,234,430,643,746,819,1041,1700,1918,2017]
[0,1700,2017]
[0,234,718,1700,1918,2017]
[0,234,1041,1220,1700,1918,2017]
[0,234,748,2017]
[0,234,419,643,746,2017]
[0,234,746,1220,1700,2017]
[0,234,430,1041,1220,1700,1918,2017]
[0,234,430,1700,1918,2017]
[0,234,430,643,746,1700,2017]
[0,234,419,748,2017]
[0,234,430,643,1041,2017]
[0,746,1700,2017]
[0,234,430,643,1041,1700,1918,2017]
[0,234,419,643,746,1700,2017]
[0,718,1700,2017]
[0,746,1220,2017]
[0,234,430,643,746,1041,1700,1918,2017]
[0,234,430,643,1041,1700,2017]
[0,234,430,746,1220,1700,2017]
[0,234,643,748,2017]
[0,234,746,1041,1700,2017]
[0,234,643,746,1700,2017]
[0,643,746,1700,2017]
[0,234,430,819,1041,1220,1700,2017]
[0,234,1041,1918,2017]
[0,234,1041,1700,2017]
[0,234,1918,2017]
[0,234,718,1103,1724,2017]
[0,234,430,1041,1700,2017]
[0,643,1041,2017]
[0,234,1041,1220,1700,2017]
[0,643,748,1918,2017]
[0,234,643,748,1700,2017]
[0,234,643,748,1700,1918,2017]
[0,643,1041,1700,2017]
[0,643,748,1700,2017]
[0,234,746,1724,2017]
[0,234,430,643,746,1041,1220,1700,1918,2017]
[0,746,1220,1700,2017]
[0,234,419,643,748,1700,1918,2017]
[0,234,430,819,1041,1220,1700,1918,2017]
[0,234,718,1724,2017]
[0,643,748,2017]
[0,746,1041,1700,2017]
[0,1041,1918,2017]
[0,643,746,1700,1918,2017]
[0,234,430,643,746,819,1700,1918,2017]
[0,1041,1700,2017]
[0,643,746,819,1700,1918,2017]
[0,234,746,2017]
[0,234,643,1918,2017]
[0,234,430,1041,1220,1700,2017]
[0,234,819,1041,2017]
[0,234,430,819,1041,1700,2017]
[0,234,643,1041,1700,2017]
