[0,177,574,1399,1670,2020]
[0,262,944,1670,1836,2020]
[0,177,944,2020]
[0,944,1670,1823,2020]
[0,945,2020]
[0,355,2020]
[0,111,265,574,944,1170,1670,2020]
[0,944,1170,1670,1823,2020]
[0,355,574,944,1170,1670,2020]
[0,177,262,944,1670,1836,2020]
[0,262,355,574,944,1170,1670,1836,2020]
[0,944,1670,1836,2020]
[0,262,837,1371,1670,2020]
[0,355,1670,2020]
[0,837,1371,1670,2020]
[0,177,262,355,944,1670,1836,2020]
[0,177,262,355,574,944,1670,1823,2020]
[0,262,944,1670,2020]
[0,574,944,1170,1670,2020]
[0,944,2020]
[0,945,1670,2020]
[0,355,574,1670,2020]
[0,574,944,1670,1823,2020]
[0,262,355,944,1670,1836,2020]
[0,574,944,2020]
[0,574,944,1170,1670,1823,2020]
[0,177,262,944,2020]
[0,265,574,944,1670,2020]
[0,944,1170,2020]
[0,1399,1670,2020]
[0,574,1670,2020]
[0,177,262,355,944,1670,2020]
[0,265,574,944,1170,1670,2020]
[0,1068,1670,2020]
[0,574,944,1670,1836,2020]
[0,574,944,1170,1670,1836,2020]
[0,177,262,2020]
[0,177,574,944,1670,1836,2020]
[0,355,1399,1670,2020]
[0,944,1170,1670,2020]
[0,177,2020]
[0,177,262,355,574,944,1170,1670,1836,2020]
[0,265,2020]
[0,355,574,944,1670,2020]
[0,177,1670,2020]
[0,1371,1670,2020]
[0,1068,2020]
[0,262,355,574,944,1170,1670,1823,2020]
[0,111,177,262,355,574,944,1170,1670,1836,2020]
[0,355,574,944,1170,1670,1823,2020]
[0,944,1170,1670,1836,2020]
[0,355,574,1399,1670,2020]
[0,355,574,944,1670,1823,2020]
[0,262,355,574,944,1670,1836,2020]
[0,262,355,574,944,1670,1823,2020]
[0,355,574,944,1170,1670,1836,2020]
[0,265,1068,1670,2020]
[0,944,1670,2020]
[0,837,1670,2020]
[0,574,2020]
[0,574,944,1670,2020]
[0,355,574,944,1670,1836,2020]
[0,177,944,1670,2020]
[0,177,944,1670,1836,2020]
[0,177,262,355,574,944,1670,1836,2020]
[0,262,355,944,1670,2020]
[0,177,574,944,1170,1670,2020]
[0,1670,2020]
[0,177,574,1670,2020]
[0,177,574,944,1170,1670,1836,2020]
[0,574,944,1170,2020]
[0,177,262,944,1670,2020]
[0,574,1399,1670,2020]
[0,177,574,944,1670,2020]
[0,177,262,355,574,944,1670,2020]
[0,262,355,574,944,1670,2020]
[0,177,262,355,574,944,1170,1670,1823,2020]
[0,111,177,262,355,574,944,1170,1670,1823,2020]
[0,837,2020]
[0,177,574,944,1170,2020]
