[0,383,960,1073,1642]
[0,364,483,1073,1435,1642]
[0,329,1073,1435,1642]
[0,364,483,762,1073,1642]
[0,329,483,1073,1642]
[0,364,483,790,1073,1642]
[0,372,1073,1642]
[0,329,1073,1254,1435,1642]
[0,1057,1642]
[0,364,483,762,960,1073,1254,1435,1642]
[0,364,652,1073,1642]
[0,364,483,762,960,1073,1642]
[0,1073,1133,1642]
[0,329,483,1073,1254,1435,1642]
[0,364,483,652,790,960,1073,1642]
[0,364,483,1073,1642]
[0,364,483,652,762,960,1073,1254,1435,1642]
[0,364,483,762,1073,1254,1435,1642]
[0,364,762,1073,1254,1435,1642]
[0,364,762,960,1073,1642]
[0,364,483,652,1073,1642]
[0,329,483,1073,1435,1642]
[0,364,1073,1642]
[0,383,1073,1642]
[0,128,383,680,1057,1133,1642]
[0,364,762,1073,1642]
[0,128,383,680,1057,1642]
[0,364,960,1073,1642]
[0,364,483,652,762,960,1073,1435,1642]
[0,364,483,652,762,960,1073,1642]
[0,364,483,960,1073,1642]
[0,364,652,790,1073,1642]
[0,329,1073,1642]
[0,364,1073,1254,1435,1642]
[0,383,1057,1642]
[0,383,680,1073,1642]
[0,364,483,762,960,1073,1435,1642]
[0,383,680,1057,1133,1642]
[0,364,483,762,1073,1435,1642]
[0,364,762,1073,1435,1642]
[0,1073,1642]
[0,364,483,1073,1254,1435,1642]
[0,383,680,960,1073,1642]
[0,128,1073,1133,1642]
[0,364,483,652,790,1073,1642]
[0,128,1073,1642]
[0,364,1073,1435,1642]
[0,364,483,790,960,1073,1642]
[0,383,680,1057,1642]
[0,364,790,1073,1642]
[0,364,652,762,960,1073,1642]
