[0,131,306,572,786,918,1046]
[0,131,240,439,786,1046]
[0,131,240,313,439,572,786,918,1046]
[0,131,439,786,892,1046]
[0,131,240,439,786,918,1046]
[0,131,240,439,572,688,786,892,1046]
[0,131,240,439,572,786,1046]
[0,439,1046]
[0,131,572,786,1046]
[0,131,1046]
[0,131,323,572,797,1046]
[0,131,572,1046]
[0,439,786,1046]
[0,131,439,786,918,1046]
[0,439,572,786,1046]
[0,131,439,572,786,1046]
[0,323,572,797,1046]
[0,131,240,439,572,688,786,918,1046]
[0,131,240,572,786,1046]
[0,306,572,786,1046]
[0,131,240,572,786,892,1046]
[0,131,240,313,439,572,688,786,892,961,1046]
[0,131,572,786,892,1046]
[0,572,786,1046]
[0,572,797,1046]
[0,439,786,892,1046]
[0,323,572,1046]
[0,131,240,313,439,572,688,786,892,1046]
[0,306,1046]
[0,131,240,313,439,572,688,786,918,1046]
[0,131,306,572,786,1046]
[0,572,786,892,1046]
[0,131,240,439,572,786,892,1046]
[0,131,439,786,1046]
[0,572,1046]
[0,299,1046]
[0,439,786,918,1046]
[0,131,240,313,439,572,786,892,1046]
[0,131,572,797,1046]
[0,306,786,1046]
[0,131,240,439,572,786,918,1046]
[0,299,786,1046]
[0,131,240,439,786,892,1046]
[0,572,786,918,1046]
[0,306,572,786,918,1046]
[0,131,439,572,786,918,1046]
