[0,132,445,610,971,1123,1309,1553,2019]
[0,445,971,1553,2019]
[0,445,733,1123,1309,1553,2019]
[0,445,610,1123,2019]
[0,445,1123,2019]
[0,132,445,971,1123,1553,2019]
[0,132,445,733,971,1123,1309,1439,1553,2019]
[0,445,1439,1553,1940,2019]
[0,445,1123,1439,1553,1940,2019]
[0,490,2019]
[0,445,971,1123,1439,1553,1940,2019]
[0,445,610,971,1123,2019]
[0,445,610,971,1123,1309,1553,2019]
[0,971,1553,2019]
[0,445,971,1123,1439,1553,2019]
[0,132,445,971,1123,1439,1553,2019]
[0,445,1439,1553,2019]
[0,132,445,610,971,1123,2019]
[0,132,445,610,971,1123,1309,1439,1553,1940,2019]
[0,445,610,971,1123,1309,1553,1940,2019]
[0,445,733,1123,1309,1553,1849,2019]
[0,132,445,610,971,1111,1309,1553,2019]
[0,445,2019]
[0,1123,2019]
[0,971,2019]
[0,132,445,610,971,1123,1553,2019]
[0,445,610,1553,2019]
[0,416,2019]
[0,445,1309,1439,2019]
[0,132,445,733,971,1123,1372,1553,2019]
[0,445,1111,1372,1553,2019]
[0,445,1123,1372,1553,2019]
[0,445,733,971,1123,1309,1553,1849,1940,2019]
[0,445,971,1123,1309,1553,2019]
[0,132,445,733,971,1123,1309,1553,1849,2019]
[0,445,610,971,1123,1439,1553,2019]
[0,445,1309,2019]
[0,445,1553,2019]
[0,445,971,1111,1372,1553,2019]
[0,445,1111,1553,2019]
[0,445,971,1123,1309,1553,1849,2019]
[0,132,445,1876,2019]
[0,445,1123,1553,2019]
[0,132,445,971,1111,1372,1553,2019]
[0,445,1940,2019]
[0,132,445,971,1123,2019]
[0,445,1123,1309,1553,1849,2019]
[0,445,610,1123,1309,1553,2019]
[0,132,445,610,971,1123,1439,1553,2019]
[0,132,445,1372,1553,2019]
[0,1553,2019]
[0,132,445,610,971,1123,1439,1553,1940,2019]
[0,445,733,971,1123,1309,1553,2019]
[0,445,971,1123,1553,2019]
[0,132,445,1111,1372,1553,2019]
[0,132,445,733,971,1123,1309,1439,1553,1849,2019]
[0,445,1876,2019]
[0,132,445,610,971,1123,1309,1553,1876,1940,2019]
[0,132,445,733,971,1123,1309,1439,1553,1849,1940,2019]
[0,445,610,2019]
[0,445,971,1123,1309,1553,1876,1940,2019]
[0,445,971,1123,2019]
[0,445,1123,1439,1553,2019]
[0,445,610,971,1111,1309,1553,2019]
[0,445,610,971,1123,1309,1553,1876,1940,2019]
[0,445,971,1123,1309,1553,1849,1940,2019]
[0,445,733,1123,1553,2019]
[0,132,445,610,971,1123,1309,1553,1940,2019]
[0,445,1123,1309,1553,1940,2019]
[0,445,733,1553,2019]
[0,445,1123,1309,1553,1849,1940,2019]
[0,132,445,1439,1553,1940,2019]
[0,445,733,1123,1372,1553,2019]
[0,445,971,1123,1309,1553,1940,2019]
[0,445,1372,1553,2019]
[0,132,445,2019]
[0,132,445,733,971,1123,1309,1553,2019]
[0,445,610,971,1123,1439,1553,1940,2019]
[0,445,733,971,1123,1372,1553,2019]
[0,445,1123,1309,1553,2019]
[0,132,445,1553,2019]
[0,132,445,971,1123,1439,1553,1940,2019]
[0,132,445,610,971,1123,1309,1439,1553,1876,1940,2019]
[0,132,445,610,971,1123,1309,1439,1553,2019]
[0,445,1111,1309,1553,2019]
[0,132,445,610,971,1111,1309,1439,1553,2019]
[0,445,733,1309,1553,2019]
[0,132,445,733,971,1123,1309,1553,1849,1940,2019]
[0,445,610,971,1553,2019]
[0,132,445,1439,1553,2019]
[0,1309,2019]
[0,445,971,1123,1372,1553,2019]
[0,445,1309,1553,2019]
[0,416,1553,2019]
[0,132,445,1940,2019]
[0,445,610,1111,1309,1553,2019]
[0,445,733,971,1123,1309,1553,1849,2019]
[0,445,1123,1309,1553,1876,1940,2019]
[0,445,610,971,1123,1553,2019]
