[0,279,581,771,1327]
[0,381,581,923,1135,1327]
[0,65,381,503,721,1268,1327]
[0,65,279,1327]
[0,381,581,1327]
[0,65,279,381,581,771,923,1135,1268,1327]
[0,65,381,1268,1327]
[0,65,381,503,1135,1268,1327]
[0,65,381,503,923,1135,1268,1327]
[0,65,1179,1327]
[0,923,1327]
[0,65,279,1268,1327]
[0,581,1135,1327]
[0,381,503,923,1135,1327]
[0,65,381,581,1327]
[0,65,279,581,1327]
[0,65,279,381,503,923,1135,1268,1327]
[0,65,279,581,1268,1327]
[0,65,279,381,581,1327]
[0,581,923,1327]
[0,279,381,503,923,1135,1327]
[0,65,279,581,923,1135,1268,1327]
[0,65,279,381,503,923,1135,1327]
[0,65,279,381,581,771,923,1135,1327]
[0,381,1221,1327]
[0,65,279,381,581,1135,1268,1327]
[0,1268,1327]
[0,65,279,581,923,1221,1327]
[0,172,1327]
[0,923,1135,1327]
[0,65,279,381,581,721,1135,1327]
[0,65,381,1221,1327]
[0,381,1327]
[0,65,381,581,771,1327]
[0,65,279,581,923,1135,1327]
[0,279,581,1327]
[0,581,1327]
[0,381,503,1327]
[0,65,381,503,1327]
[0,65,279,581,1135,1327]
[0,65,1268,1327]
[0,279,581,923,1135,1327]
[0,65,279,381,503,721,771,1135,1268,1327]
[0,65,279,1135,1327]
[0,65,381,503,721,771,1268,1327]
[0,65,381,581,1268,1327]
[0,65,279,581,1221,1327]
[0,381,581,721,1135,1327]
[0,65,279,581,1135,1268,1327]
[0,65,279,381,503,1135,1327]
[0,279,581,923,1327]
[0,381,581,771,1327]
[0,65,279,381,581,771,1268,1327]
[0,65,279,381,581,771,1327]
[0,381,503,721,1327]
[0,65,279,381,503,721,1327]
[0,65,279,381,581,721,1135,1268,1327]
[0,279,1135,1327]
[0,1179,1327]
[0,65,279,381,581,923,1135,1327]
[0,65,279,381,581,721,771,1135,1268,1327]
[0,381,819,1327]
[0,279,581,771,923,1327]
[0,279,381,503,721,1327]
[0,65,381,503,721,1327]
[0,65,279,381,503,1135,1268,1327]
[0,819,1221,1327]
[0,65,279,381,581,1268,1327]
[0,381,581,771,923,1135,1327]
[0,65,279,381,503,721,1135,1268,1327]
[0,771,1327]
[0,279,381,581,721,1135,1327]
[0,279,381,503,721,1135,1327]
[0,65,381,819,1221,1327]
[0,279,381,581,1135,1327]
[0,65,381,581,721,771,1268,1327]
[0,65,381,581,1135,1327]
[0,279,381,581,1327]
[0,65,279,581,771,923,1221,1327]
[0,65,279,381,581,721,771,1268,1327]
[0,381,1135,1327]
[0,65,279,581,771,923,1135,1268,1327]
[0,65,279,381,581,923,1135,1268,1327]
[0,381,721,1135,1327]
[0,65,279,381,503,1268,1327]
[0,381,503,721,1135,1327]
[0,65,771,1327]
[0,65,381,503,923,1135,1327]
[0,381,721,1327]
[0,65,279,581,771,923,1135,1327]
[0,65,279,381,503,721,1268,1327]
[0,381,819,1221,1327]
[0,65,279,1221,1327]
[0,65,381,503,1268,1327]
[0,279,581,771,923,1221,1327]
[0,279,581,1221,1327]
[0,819,1327]
[0,381,581,1135,1327]
[0,65,279,381,581,1135,1327]
[0,279,581,1135,1327]
[0,65,279,381,503,721,771,1268,1327]
[0,889,1327]
[0,279,381,503,1327]
[0,381,923,1327]
[0,279,581,923,1221,1327]
[0,381,503,1135,1327]
[0,65,381,1327]
[0,279,381,581,771,1327]
[0,1221,1327]
[0,279,581,771,923,1135,1327]
[0,279,381,581,923,1135,1327]
[0,279,381,581,771,923,1135,1327]
[0,381,923,1135,1327]
[0,279,1221,1327]
[0,279,381,503,1135,1327]
[0,65,279,381,503,1327]
[0,65,381,503,1135,1327]
[0,279,1327]
[0,1135,1327]
[0,65,381,581,771,1268,1327]
[0,381,581,923,1327]
[0,172,889,1327]
[0,721,1135,1327]
[0,721,1327]
[0,65,1327]
[0,65,279,381,503,721,1135,1327]
