[0,188,257,441,749,822,1104,1642]
[0,188,441,822,1447,1642]
[0,188,257,441,1104,1642]
[0,188,441,749,1104,1642]
[0,188,257,441,822,1642]
[0,188,257,441,749,822,1642]
[0,441,822,1104,1642]
[0,188,441,1104,1642]
[0,1063,1642]
[0,188,257,441,749,822,1447,1642]
[0,441,822,1447,1642]
[0,188,1063,1642]
[0,188,257,441,749,822,1063,1104,1642]
[0,188,257,441,1447,1642]
[0,188,257,441,822,1104,1642]
[0,188,441,822,1642]
[0,188,441,1447,1642]
[0,188,441,749,822,1642]
[0,441,1104,1642]
[0,441,822,1642]
[0,188,441,749,822,1104,1642]
[0,188,441,749,822,1447,1642]
[0,441,1447,1642]
[0,1104,1642]
[0,188,257,441,1063,1104,1642]
[0,188,257,441,1642]
[0,188,257,441,822,1063,1104,1642]
[0,441,749,1104,1642]
[0,188,441,1642]
[0,441,1642]
[0,188,441,822,1104,1642]
