[0,146,376,448,742,814,885,969]
[0,79,146,376,448,742,816,885,969]
[0,79,146,196,376,503,742,885,969]
[0,79,146,196,376,448,969]
[0,79,146,196,376,501,742,885,969]
[0,79,146,376,448,503,742,814,969]
[0,146,885,969]
[0,79,146,196,254,376,448,742,814,969]
[0,79,146,196,376,448,742,814,969]
[0,501,969]
[0,146,254,376,742,969]
[0,79,146,254,376,448,503,742,816,885,969]
[0,146,254,376,448,742,816,885,969]
[0,146,254,376,742,885,969]
[0,146,376,448,742,885,969]
[0,79,146,196,254,376,448,503,742,814,885,969]
[0,146,376,742,885,969]
[0,146,376,885,969]
[0,146,814,969]
[0,196,742,969]
[0,146,254,376,448,742,814,885,969]
[0,146,376,448,885,969]
[0,146,501,742,969]
[0,146,501,876,969]
[0,79,146,376,503,742,969]
[0,146,254,376,742,814,969]
[0,79,146,196,254,376,448,503,742,814,969]
[0,79,146,376,503,885,969]
[0,79,146,376,503,546,969]
[0,376,503,546,969]
[0,146,254,376,448,742,885,969]
[0,146,376,448,742,816,885,969]
[0,79,146,254,376,448,742,885,969]
[0,146,376,448,742,814,969]
[0,146,376,814,969]
[0,146,376,742,814,969]
[0,501,742,969]
[0,146,376,501,742,885,969]
[0,79,146,196,376,501,885,969]
[0,79,146,196,376,501,546,885,969]
[0,503,742,969]
[0,146,376,503,742,969]
[0,79,146,376,448,742,814,885,969]
[0,146,376,503,885,969]
[0,146,376,503,742,885,969]
[0,146,376,503,546,969]
[0,146,254,376,448,742,814,969]
[0,376,448,742,814,969]
[0,79,146,254,376,448,742,814,969]
[0,79,146,376,448,969]
[0,146,503,969]
[0,79,146,196,376,503,546,885,969]
[0,79,146,196,254,376,448,742,885,969]
[0,146,196,376,503,742,885,969]
[0,146,254,376,969]
[0,79,146,254,376,448,742,814,885,969]
[0,79,146,196,376,448,742,885,969]
[0,146,376,501,969]
[0,79,146,376,501,885,969]
[0,79,146,376,501,546,969]
[0,196,969]
[0,814,969]
[0,79,146,196,376,503,969]
[0,79,146,376,448,742,885,969]
[0,79,146,254,376,448,742,816,885,969]
[0,376,814,969]
[0,79,146,376,448,742,969]
[0,79,146,196,376,501,969]
[0,146,503,742,969]
[0,79,146,196,376,503,885,969]
[0,79,146,196,376,503,546,969]
[0,79,146,376,969]
[0,376,969]
[0,79,146,376,448,885,969]
[0,79,146,254,376,448,503,742,814,885,969]
[0,503,969]
[0,79,146,196,254,376,448,503,742,885,969]
[0,146,376,448,742,969]
[0,79,146,376,448,742,814,969]
[0,376,503,969]
[0,376,501,969]
[0,146,376,742,969]
[0,146,376,501,742,969]
[0,146,376,501,885,969]
[0,146,376,969]
[0,448,969]
[0,146,254,376,814,969]
[0,79,146,376,503,742,885,969]
[0,146,742,814,969]
[0,376,448,969]
[0,79,146,196,254,376,448,503,742,816,885,969]
[0,79,146,254,376,448,503,742,885,969]
[0,146,969]
[0,742,814,969]
[0,79,146,196,376,501,546,742,885,969]
[0,79,146,969]
[0,146,501,969]
[0,79,146,376,501,969]
[0,79,146,196,376,448,885,969]
[0,503,546,969]
[0,79,146,376,448,503,742,816,885,969]
[0,448,742,814,969]
[0,376,448,742,969]
[0,448,742,969]
[0,79,146,254,376,448,503,742,814,969]
[0,742,969]
[0,79,146,196,376,503,546,742,885,969]
[0,79,146,196,376,501,546,969]
[0,79,146,376,503,969]
[0,376,742,969]
[0,79,146,376,448,503,742,885,969]
[0,79,146,376,501,742,885,969]
[0,79,146,376,448,503,742,814,885,969]
[0,146,376,448,969]
[0,146,376,503,969]
