[0,441,726,1157,1343]
[0,932,1157,1249,1343]
[0,275,441,933,1140,1249,1343]
[0,294,726,1157,1343]
[0,275,932,1157,1343]
[0,275,441,1343]
[0,441,726,1343]
[0,726,935,1157,1343]
[0,275,441,935,1157,1249,1343]
[0,441,935,1343]
[0,294,932,1157,1343]
[0,933,1140,1249,1343]
[0,275,441,726,1080,1157,1249,1343]
[0,935,1157,1249,1343]
[0,429,1343]
[0,275,441,933,1140,1343]
[0,932,1157,1343]
[0,294,441,932,1157,1343]
[0,294,441,1157,1343]
[0,189,294,441,1343]
[0,275,933,1140,1249,1343]
[0,441,726,933,1140,1343]
[0,935,1157,1343]
[0,275,441,726,1157,1249,1343]
[0,275,441,726,935,1157,1343]
[0,294,441,1080,1157,1343]
[0,189,294,441,726,932,1157,1249,1343]
[0,275,441,726,1032,1157,1343]
[0,933,1140,1343]
[0,441,726,935,1157,1343]
[0,275,441,932,1157,1343]
[0,275,933,1140,1343]
[0,275,441,726,932,1157,1249,1343]
[0,189,294,441,726,785,1080,1157,1249,1343]
[0,1080,1343]
[0,275,441,1157,1343]
[0,189,294,441,932,1157,1249,1343]
[0,189,294,441,1157,1249,1343]
[0,275,441,1157,1249,1343]
[0,294,932,1343]
[0,189,294,441,726,932,1157,1343]
[0,441,1080,1157,1249,1343]
[0,726,933,1343]
[0,275,441,1032,1157,1343]
[0,1032,1157,1343]
[0,294,441,1343]
[0,441,726,1080,1157,1343]
[0,1080,1157,1343]
[0,275,441,726,933,1140,1249,1343]
[0,932,1343]
[0,275,441,726,935,1157,1249,1343]
[0,275,441,726,932,1080,1157,1249,1343]
[0,441,726,935,1343]
[0,441,1343]
[0,275,441,932,1157,1249,1343]
[0,275,441,726,785,935,1080,1157,1249,1343]
[0,441,726,933,1343]
[0,275,932,1343]
[0,189,294,441,726,1080,1157,1249,1343]
[0,726,932,1157,1343]
[0,275,932,1157,1249,1343]
[0,726,935,1343]
[0,294,441,726,1157,1343]
[0,726,1157,1343]
[0,294,726,1343]
[0,275,441,935,1157,1343]
[0,441,1157,1249,1343]
[0,189,294,441,1080,1157,1343]
[0,1140,1343]
[0,441,726,932,1343]
[0,429,1080,1343]
[0,933,1343]
[0,294,726,932,1343]
[0,726,933,1140,1343]
[0,1157,1249,1343]
[0,726,1343]
[0,726,932,1343]
[0,189,294,441,726,1157,1343]
[0,294,1157,1343]
[0,275,935,1157,1343]
[0,275,441,726,932,1157,1343]
[0,441,1157,1343]
[0,275,933,1343]
[0,935,1343]
[0,189,294,441,1080,1157,1249,1343]
[0,1157,1343]
[0,275,441,726,933,1140,1343]
[0,275,935,1157,1249,1343]
[0,275,441,1080,1157,1249,1343]
[0,294,1343]
[0,275,441,1080,1157,1343]
[0,189,294,441,932,1157,1343]
[0,441,726,932,1157,1343]
[0,275,935,1343]
[0,189,294,441,726,1157,1249,1343]
[0,294,441,726,932,1157,1343]
[0,275,441,726,785,1080,1157,1249,1343]
[0,275,441,726,1157,1343]
[0,189,294,441,726,932,1080,1157,1249,1343]
[0,1080,1157,1249,1343]
[0,189,294,441,1157,1343]
[0,294,726,932,1157,1343]
[0,441,1080,1157,1343]
[0,275,441,726,935,1080,1157,1249,1343]
