[0,318,571,874,1091,2330,2554]
[0,450,1449,2554]
[0,318,571,1449,1690,2330,2554]
[0,1449,2255,2554]
[0,48,318,571,874,1091,2330,2554]
[0,318,571,1449,2554]
[0,318,571,874,1091,1744,2017,2330,2554]
[0,48,318,571,1091,2330,2554]
[0,1690,2554]
[0,318,571,2554]
[0,318,571,1091,1744,2017,2554]
[0,318,571,1091,1744,2050,2554]
[0,318,571,1091,1744,2050,2330,2554]
[0,571,1744,2017,2554]
[0,523,1690,2554]
[0,571,1091,1744,2554]
[0,571,1744,2050,2554]
[0,1492,2554]
[0,1492,2083,2554]
[0,318,571,1744,2017,2554]
[0,318,1091,2083,2554]
[0,450,942,1449,2255,2554]
[0,48,318,571,874,1091,1744,2050,2330,2554]
[0,318,571,1744,2050,2554]
[0,1091,2554]
[0,450,942,1449,2554]
[0,48,318,571,942,1091,1744,2017,2330,2554]
[0,1091,1449,2083,2554]
[0,1091,2083,2554]
[0,571,1091,1744,2017,2554]
[0,571,1091,1744,2050,2554]
[0,318,1091,1449,2554]
[0,571,1091,2554]
[0,318,571,1744,2050,2330,2554]
[0,318,571,1091,2017,2554]
[0,318,571,1091,1744,2554]
[0,318,571,1091,1744,2017,2330,2554]
[0,318,571,942,1091,2330,2554]
[0,942,1492,2554]
[0,318,571,2330,2554]
[0,318,571,942,1091,2017,2330,2554]
[0,1449,2554]
[0,318,1091,1449,2083,2554]
[0,942,1492,2083,2554]
[0,318,571,1744,2554]
[0,318,571,1449,1690,2554]
[0,318,1091,2554]
[0,48,318,571,874,1091,1744,2330,2554]
[0,318,571,1449,2330,2554]
[0,318,571,1091,1744,2330,2554]
[0,571,2017,2554]
[0,571,1744,2554]
[0,450,942,1492,2554]
[0,318,571,874,1091,1744,2050,2330,2554]
[0,571,1449,2554]
[0,48,318,571,2330,2554]
[0,318,571,942,1091,1744,2017,2330,2554]
[0,318,571,1744,2330,2554]
[0,318,571,942,1744,2017,2554]
[0,318,571,942,1091,2554]
[0,571,942,1744,2554]
[0,571,1091,2017,2554]
[0,450,942,1492,2083,2554]
[0,318,571,1744,2017,2330,2554]
[0,942,1449,2554]
[0,318,571,942,1744,2017,2330,2554]
[0,450,1492,2554]
[0,571,942,1744,2017,2554]
[0,318,571,1091,2330,2554]
[0,318,571,942,1744,2554]
[0,318,571,874,1091,1744,2330,2554]
[0,1091,1449,2554]
[0,523,2554]
[0,318,571,1091,2554]
[0,1744,2554]
[0,571,2554]
[0,318,571,1091,2017,2330,2554]
[0,450,1449,2255,2554]
