[0,1229,1642]
[0,283,1221,1642]
[0,283,823,999,1229,1642]
[0,50,283,823,999,1229,1466,1642]
[0,283,1221,1466,1642]
[0,991,1642]
[0,1171,1642]
[0,283,765,991,1229,1466,1642]
[0,283,991,1221,1642]
[0,283,823,991,1642]
[0,283,765,991,1240,1642]
[0,283,765,991,1229,1642]
[0,283,991,1240,1466,1642]
[0,283,1240,1642]
[0,823,1642]
[0,283,999,1229,1466,1642]
[0,1305,1642]
[0,283,823,991,1229,1642]
[0,283,991,1240,1642]
[0,283,991,1229,1642]
[0,283,1229,1642]
[0,1221,1642]
[0,283,991,1642]
[0,50,283,823,991,1229,1466,1642]
[0,50,283,765,991,1240,1466,1642]
[0,283,823,991,1229,1466,1642]
[0,283,765,991,1240,1466,1642]
[0,283,1642]
[0,283,823,999,1642]
[0,283,1229,1466,1642]
[0,50,283,765,991,1221,1466,1642]
[0,283,765,991,1221,1466,1642]
[0,283,991,1466,1642]
[0,283,991,1221,1466,1642]
[0,283,1466,1642]
[0,283,1240,1466,1642]
[0,283,1171,1642]
[0,283,1305,1642]
[0,283,823,1642]
[0,1240,1642]
[0,283,823,999,1229,1466,1642]
[0,283,999,1229,1642]
[0,283,991,1229,1466,1642]
[0,283,765,991,1221,1642]
