[0,202,289,339,556,1046]
[0,202,289,339,556,760,1046]
[0,157,339,815,1046]
[0,202,289,556,1046]
[0,157,815,1046]
[0,202,289,556,637,691,1046]
[0,289,465,691,1046]
[0,202,289,339,556,637,691,760,1046]
[0,523,1046]
[0,556,1046]
[0,202,289,465,1046]
[0,289,556,637,1046]
[0,289,339,556,637,691,1046]
[0,339,815,1046]
[0,202,289,339,556,637,691,1046]
[0,289,556,637,691,1046]
[0,289,556,760,1046]
[0,289,465,1046]
[0,289,465,556,1046]
[0,815,1046]
[0,465,1046]
[0,289,1046]
[0,202,289,465,691,760,1046]
[0,202,289,556,691,760,1046]
[0,289,339,556,637,1046]
[0,202,289,556,637,760,1046]
[0,202,289,556,637,691,760,1046]
[0,202,289,556,637,1046]
[0,289,339,1046]
[0,289,691,1046]
[0,202,289,465,691,1046]
[0,691,1046]
[0,339,1046]
[0,202,319,465,556,1046]
[0,319,465,556,1046]
[0,202,289,339,556,691,760,1046]
[0,157,523,1046]
[0,202,319,465,1046]
[0,289,339,556,1046]
[0,202,289,556,760,1046]
[0,202,289,465,556,1046]
[0,289,556,1046]
[0,319,465,1046]
