[0,313,781,918,1046]
[0,712,1046]
[0,313,438,712,918,1046]
[0,334,781,1046]
[0,334,438,646,781,887,1046]
[0,334,646,781,1046]
[0,382,712,918,1046]
[0,313,712,1046]
[0,313,438,781,918,1046]
[0,334,781,887,1046]
[0,334,646,781,887,1046]
[0,432,1046]
[0,313,438,646,712,781,918,1046]
[0,339,759,887,1046]
[0,313,438,712,781,918,1046]
[0,313,646,781,1046]
[0,334,438,646,712,781,887,1046]
[0,432,781,1046]
[0,712,918,1046]
[0,325,759,918,1046]
[0,339,438,759,887,1046]
[0,313,1046]
[0,313,646,712,918,1046]
[0,313,438,561,712,781,918,1046]
[0,887,1046]
[0,325,438,759,887,1046]
[0,759,887,1046]
[0,339,759,1046]
[0,325,759,887,1046]
[0,313,646,781,918,1046]
[0,313,438,646,712,918,1046]
[0,438,1046]
[0,339,1046]
[0,334,646,712,781,887,1046]
[0,334,712,781,887,1046]
[0,325,438,759,918,1046]
[0,334,438,781,887,1046]
[0,313,712,918,1046]
[0,313,781,1046]
[0,438,781,1046]
[0,781,1046]
[0,313,438,646,781,918,1046]
[0,781,918,1046]
[0,382,712,1046]
[0,781,887,1046]
[0,334,1046]
[0,313,438,561,781,918,1046]
[0,325,759,1046]
[0,325,1046]
