[0,122,268,586,1050,1114,1343]
[0,586,1343]
[0,268,586,1114,1343]
[0,1114,1343]
[0,122,268,586,743,881,1114,1343]
[0,122,268,586,743,819,1114,1343]
[0,122,586,1343]
[0,268,586,881,1114,1343]
[0,122,268,586,881,1050,1114,1267,1343]
[0,586,743,1114,1343]
[0,268,586,743,881,1114,1343]
[0,122,1114,1343]
[0,122,268,586,743,819,881,1114,1343]
[0,122,268,586,743,881,1050,1114,1343]
[0,122,268,586,819,881,1050,1114,1267,1343]
[0,122,268,586,819,881,1050,1114,1343]
[0,122,268,586,1114,1267,1343]
[0,122,268,586,743,819,881,1050,1114,1343]
[0,122,268,586,881,1114,1267,1343]
[0,122,268,586,743,881,1114,1267,1343]
[0,268,586,743,1114,1343]
[0,122,268,586,743,819,881,1114,1267,1343]
[0,268,1343]
[0,122,268,586,1343]
[0,122,268,586,743,1114,1267,1343]
[0,268,586,1343]
[0,122,268,586,881,1114,1343]
[0,122,268,1343]
[0,122,268,586,743,819,881,1050,1114,1267,1343]
[0,122,268,586,1050,1114,1267,1343]
[0,122,586,1114,1267,1343]
[0,122,268,586,743,1114,1343]
[0,122,268,586,1114,1343]
[0,122,586,1114,1343]
[0,586,881,1343]
[0,122,1343]
[0,122,268,586,743,819,1114,1267,1343]
[0,122,268,586,881,1050,1114,1343]
[0,586,1114,1343]
[0,268,586,881,1343]
[0,122,268,586,743,881,1050,1114,1267,1343]
