[0,298,958,1167,1507,1810]
[0,958,1167,1810]
[0,958,1312,1810]
[0,298,958,1507,1810]
[0,384,958,1201,1507,1810]
[0,298,958,1201,1810]
[0,958,1167,1337,1507,1810]
[0,578,958,1507,1810]
[0,298,958,1167,1507,1565,1810]
[0,1312,1810]
[0,384,958,1810]
[0,958,1201,1507,1810]
[0,958,1507,1810]
[0,958,1507,1565,1810]
[0,1312,1565,1810]
[0,1507,1810]
[0,578,1810]
[0,130,384,958,1312,1565,1810]
[0,130,958,1201,1312,1565,1810]
[0,958,1201,1810]
[0,958,1201,1312,1507,1565,1810]
[0,130,298,384,958,1201,1312,1565,1810]
[0,130,1312,1565,1810]
[0,130,298,384,958,1201,1312,1507,1565,1810]
[0,130,958,1810]
[0,578,958,1810]
[0,298,384,958,1201,1312,1810]
[0,958,1201,1312,1810]
[0,298,434,958,1167,1507,1565,1810]
[0,130,958,1201,1312,1507,1810]
[0,384,958,1312,1810]
[0,958,1312,1565,1810]
[0,298,958,1810]
[0,130,958,1312,1565,1810]
[0,958,1167,1507,1810]
[0,298,958,1201,1312,1810]
[0,578,1167,1507,1810]
[0,298,384,958,1201,1312,1565,1810]
[0,958,1201,1507,1565,1810]
[0,384,578,958,1201,1507,1810]
[0,111,384,958,1201,1507,1810]
[0,111,384,578,958,1167,1337,1507,1810]
[0,130,958,1201,1810]
[0,298,384,958,1201,1312,1507,1565,1810]
[0,130,958,1201,1507,1810]
[0,384,958,1507,1810]
[0,578,1507,1810]
[0,130,384,958,1201,1312,1565,1810]
[0,958,1167,1507,1565,1810]
[0,298,958,1201,1507,1810]
[0,1201,1312,1810]
[0,298,958,1312,1565,1810]
[0,298,958,1201,1312,1565,1810]
[0,111,384,578,958,1201,1507,1810]
[0,384,958,1312,1565,1810]
[0,298,958,1312,1810]
[0,384,578,958,1167,1337,1507,1810]
[0,384,958,1167,1337,1507,1810]
[0,958,1201,1312,1565,1810]
[0,298,434,958,1167,1507,1810]
[0,384,958,1167,1507,1810]
[0,578,958,1167,1337,1507,1810]
[0,111,958,1201,1507,1810]
[0,1507,1565,1810]
[0,578,958,1201,1507,1810]
[0,578,958,1167,1507,1810]
[0,578,1167,1810]
[0,130,958,1201,1312,1810]
[0,958,1810]
[0,298,958,1201,1312,1507,1565,1810]
[0,111,958,1167,1337,1507,1810]
[0,384,578,958,1167,1507,1810]
[0,130,958,1201,1312,1507,1565,1810]
[0,111,384,958,1167,1337,1507,1810]
[0,130,1312,1810]
[0,1167,1810]
