[0,875,1417,1647,2380,2814,4646,4758]
[0,875,1417,2380,2580,4758]
[0,875,1480,1647,2380,4646,4758]
[0,875,3197,4758]
[0,292,1480,4758]
[0,875,1480,1647,2380,2580,2813,3197,4758]
[0,875,1480,2380,2814,4758]
[0,875,1480,2380,3197,4758]
[0,292,2380,4758]
[0,292,1480,2380,2814,4646,4758]
[0,875,1480,4758]
[0,1480,2380,2813,4758]
[0,875,4758]
[0,875,1480,1647,2380,2580,2813,3197,4646,4758]
[0,292,4758]
[0,875,1480,1647,2380,4758]
[0,875,1480,2380,2813,3197,4758]
[0,292,1480,2380,2814,4758]
[0,875,1480,2380,2580,2813,4758]
[0,875,2380,3197,4758]
[0,3197,4758]
[0,875,2380,4758]
[0,875,1417,2380,2580,4646,4758]
[0,1480,4758]
[0,875,1417,1647,2380,2814,4758]
[0,875,1480,2380,2580,4758]
[0,875,1480,2380,2814,4646,4758]
[0,2380,2814,4758]
[0,875,1417,2380,4758]
[0,875,1480,2380,2580,2813,3197,4758]
[0,875,1480,2380,4758]
[0,875,1480,1647,4758]
[0,875,1417,2380,2814,4646,4758]
[0,875,1417,1647,4758]
[0,2380,4758]
[0,292,1480,2380,4758]
[0,875,1480,1647,2380,2580,2813,4646,4758]
[0,875,1480,2380,2813,4758]
[0,1480,2380,4758]
[0,875,1480,1647,4646,4758]
[0,292,1480,2380,2813,4646,4758]
[0,292,4646,4758]
[0,2813,4758]
[0,1330,2813,4758]
[0,1480,2813,4758]
[0,292,1480,2813,4646,4758]
[0,292,1480,2813,4758]
[0,875,1417,2380,2814,4758]
[0,875,1417,4758]
[0,875,1480,1647,2380,2580,2813,4758]
[0,292,1480,2380,2813,4758]
[0,875,1417,1647,2380,2580,4758]
[0,875,1417,1647,2380,4758]
[0,875,1480,2380,4646,4758]
[0,875,1480,1647,2380,2580,4758]
[0,1480,2380,2814,4758]
[0,292,1480,4646,4758]
[0,292,1480,2380,4646,4758]
[0,875,1480,1647,2380,2580,4646,4758]
[0,875,1417,1647,2380,2580,4646,4758]
