[0,421,1211,1383,1707,2020]
[0,754,1097,1211,1383,2020]
[0,421,1097,1211,1383,2020]
[0,1383,2020]
[0,1211,2020]
[0,421,2020]
[0,754,1211,1383,2020]
[0,51,144,1097,1211,1383,2020]
[0,51,421,829,1211,2020]
[0,141,2020]
[0,1383,1707,2020]
[0,51,1097,1211,1383,2020]
[0,421,754,2020]
[0,421,754,1383,1707,2020]
[0,141,829,1211,2020]
[0,421,754,1211,1383,2020]
[0,1662,2020]
[0,51,754,1211,1662,2020]
[0,754,1211,1662,2020]
[0,51,421,1211,1383,2020]
[0,144,1097,1211,1383,1707,2020]
[0,421,1383,2020]
[0,421,1211,2020]
[0,51,421,754,1097,1211,1383,2020]
[0,421,754,1211,1383,1707,2020]
[0,1362,2020]
[0,51,144,1097,1211,2020]
[0,141,1707,2020]
[0,51,754,2020]
[0,754,2020]
[0,51,421,754,1097,1211,1383,1707,2020]
[0,421,754,1097,1211,1383,2020]
[0,1211,1383,1707,2020]
[0,829,1211,2020]
[0,1707,2020]
[0,144,1097,1211,2020]
[0,421,754,1097,1211,1383,1707,2020]
[0,144,2020]
[0,1097,1211,2020]
[0,144,1097,2020]
[0,421,1383,1707,2020]
[0,51,421,2020]
[0,829,1211,1707,2020]
[0,141,1211,2020]
[0,421,1211,1383,2020]
[0,51,2020]
[0,51,144,1097,1211,1383,1707,2020]
[0,51,421,1211,2020]
[0,51,421,1097,1211,1383,2020]
[0,144,1211,1383,2020]
[0,1211,1383,2020]
[0,754,1383,2020]
[0,141,1362,2020]
[0,141,829,1211,1707,2020]
[0,1211,1662,2020]
[0,754,1211,2020]
[0,144,1097,1211,1383,2020]
[0,829,2020]
[0,421,754,1383,2020]
[0,51,754,1211,2020]
[0,144,1211,1383,1707,2020]
[0,51,1097,1211,2020]
[0,51,421,1211,1383,1707,2020]
[0,1097,1211,1383,2020]
[0,421,829,1211,2020]
[0,1097,1211,1383,1707,2020]
[0,1097,2020]
