[0,268,348,707,1108,1258,1810]
[0,268,348,707,1108,1223,1810]
[0,707,1810]
[0,268,707,1108,1258,1810]
[0,268,707,1108,1810]
[0,243,707,1108,1223,1363,1754,1810]
[0,347,545,1108,1363,1754,1810]
[0,243,707,1108,1363,1810]
[0,268,707,1108,1223,1810]
[0,268,348,707,1108,1223,1363,1810]
[0,347,545,1754,1810]
[0,268,348,707,1108,1223,1363,1754,1810]
[0,707,1108,1363,1754,1810]
[0,545,1108,1810]
[0,268,348,707,1108,1363,1754,1810]
[0,707,1108,1363,1810]
[0,1108,1223,1810]
[0,348,523,1108,1810]
[0,1754,1810]
[0,243,707,1108,1363,1754,1810]
[0,1108,1258,1810]
[0,268,348,707,1108,1363,1810]
[0,347,1754,1810]
[0,268,707,1108,1258,1754,1810]
[0,1108,1363,1754,1810]
[0,243,707,1810]
[0,268,707,1108,1363,1810]
[0,347,545,1108,1363,1810]
[0,268,1810]
[0,347,1810]
[0,268,707,1810]
[0,347,707,1108,1810]
[0,1108,1258,1754,1810]
[0,347,707,1108,1363,1754,1810]
[0,523,1108,1754,1810]
[0,268,348,707,1108,1258,1363,1810]
[0,243,707,1108,1810]
[0,268,348,707,1108,1258,1363,1754,1810]
[0,347,707,1108,1363,1810]
[0,1108,1363,1810]
[0,1258,1810]
[0,268,707,1108,1223,1363,1810]
[0,268,707,1108,1223,1363,1754,1810]
[0,347,545,1810]
[0,243,1810]
[0,348,523,1108,1754,1810]
[0,707,1108,1810]
[0,707,1108,1258,1754,1810]
[0,545,1108,1363,1810]
[0,243,707,1108,1223,1810]
[0,348,1258,1810]
[0,243,707,1108,1223,1363,1810]
[0,268,707,1108,1258,1363,1810]
[0,523,1108,1810]
[0,707,1108,1223,1810]
[0,268,348,707,1108,1258,1754,1810]
[0,268,707,1108,1363,1754,1810]
[0,545,1108,1363,1754,1810]
[0,707,1108,1258,1810]
[0,1108,1810]
[0,1108,1754,1810]
