[0,278,1165,1667,1933,2019]
[0,278,1304,1570,1667,1933,2019]
[0,1001,1165,1304,1570,2019]
[0,1304,1933,2019]
[0,1304,1570,2019]
[0,1165,1667,1933,2019]
[0,1304,1570,1667,1933,2019]
[0,278,666,1165,1667,1933,2019]
[0,720,1304,1570,1667,1933,2019]
[0,666,1165,2019]
[0,278,1304,2019]
[0,666,1165,1667,2019]
[0,1304,2019]
[0,1165,1570,1667,1933,2019]
[0,1304,1570,1667,2019]
[0,278,666,1165,2019]
[0,1001,1165,1304,1570,1667,1933,2019]
[0,1304,1570,1933,2019]
[0,574,720,1304,1570,2019]
[0,1001,1304,1570,2019]
[0,278,1165,1570,1667,1933,2019]
[0,1165,1304,1570,1667,1933,2019]
[0,574,720,1304,2019]
[0,1667,2019]
[0,1165,2019]
[0,1165,1667,2019]
[0,278,1165,2019]
[0,953,1667,2019]
[0,1165,1304,1570,2019]
[0,278,666,1165,1667,2019]
[0,1165,1570,2019]
[0,574,720,1165,1304,1570,2019]
[0,720,1304,1570,1667,2019]
[0,574,720,1304,1570,1667,2019]
[0,1165,1713,2019]
[0,720,1304,2019]
[0,278,1304,1570,2019]
[0,1165,1933,2019]
[0,1001,1304,2019]
[0,574,720,1304,1570,1667,1933,2019]
[0,278,1165,1570,1667,2019]
[0,953,2019]
[0,278,1165,1667,2019]
[0,278,1165,1570,2019]
[0,720,1304,1570,2019]
[0,574,720,1165,1304,1570,1667,2019]
[0,278,1165,1933,2019]
[0,1165,1570,1667,2019]
[0,1001,1165,1304,1570,1667,2019]
[0,278,1304,1570,1667,2019]
[0,574,720,1165,1304,1570,1667,1933,2019]
[0,1165,1304,1570,1667,2019]
