[0,180,1150,1454,2320,2812]
[0,1150,2320,2812]
[0,660,1107,2320,2812]
[0,117,1454,2280,2812]
[0,180,2812]
[0,173,1107,1454,2320,2812]
[0,117,942,1107,1216,1454,2812]
[0,1217,2280,2812]
[0,173,1107,1454,2300,2812]
[0,1150,2812]
[0,173,1107,1454,2300,2545,2812]
[0,117,942,1107,1454,2812]
[0,173,1150,1454,2320,2812]
[0,660,1107,1454,2320,2812]
[0,1454,2812]
[0,173,942,1107,1454,2300,2545,2812]
[0,117,1107,1454,2812]
[0,173,1107,1454,2812]
[0,173,1107,1217,1454,2300,2812]
[0,117,660,1107,1454,2812]
[0,1107,1454,2300,2545,2812]
[0,173,942,1107,1454,2300,2812]
[0,1107,2320,2812]
[0,942,1107,1454,2812]
[0,1107,1454,2320,2812]
[0,660,1107,2812]
[0,180,1150,1454,2812]
[0,1454,2280,2812]
[0,1107,2300,2812]
[0,2320,2812]
[0,1107,1454,2300,2812]
[0,1150,1454,2320,2812]
[0,117,1107,1216,1454,2812]
[0,180,2280,2812]
[0,173,1107,1216,1454,2320,2812]
[0,180,1217,2280,2812]
[0,1150,1454,2812]
[0,1107,1454,2812]
[0,660,1107,1454,2812]
[0,2300,2812]
[0,117,660,1107,1216,1454,2812]
[0,1107,2812]
[0,2280,2812]
[0,1217,2812]
[0,173,942,1107,1217,1454,2300,2812]
[0,173,660,1107,1454,2320,2812]
[0,173,942,1107,1217,1454,2300,2545,2812]
[0,117,1454,2812]
[0,173,660,1107,1216,1454,2320,2812]
