[0,423,733,1026,1299,1419]
[0,77,423,475,733,1135,1299,1419]
[0,77,423,475,733,790,1135,1299,1419]
[0,423,769,1299,1419]
[0,77,423,733,1299,1419]
[0,475,1299,1419]
[0,423,733,1135,1299,1419]
[0,1299,1419]
[0,423,733,1419]
[0,77,423,790,1299,1419]
[0,423,1419]
[0,1026,1419]
[0,475,1026,1419]
[0,77,475,1299,1419]
[0,77,423,475,733,1299,1419]
[0,475,733,1419]
[0,423,769,1026,1419]
[0,475,733,1299,1419]
[0,77,1419]
[0,733,1419]
[0,77,423,733,790,1135,1299,1419]
[0,77,423,733,1026,1299,1419]
[0,423,790,1419]
[0,423,1026,1419]
[0,475,733,1026,1419]
[0,77,423,769,1419]
[0,77,475,733,1299,1419]
[0,77,423,733,1135,1299,1419]
[0,423,733,1026,1419]
[0,423,733,1299,1419]
[0,475,1419]
[0,423,790,1299,1419]
[0,77,423,475,769,1419]
[0,1135,1419]
[0,475,1135,1419]
[0,77,423,733,1419]
[0,423,769,1026,1299,1419]
[0,77,423,769,1299,1419]
[0,77,475,1135,1419]
[0,77,423,475,733,1026,1299,1419]
[0,423,769,1419]
[0,77,423,769,1026,1299,1419]
[0,77,475,1419]
[0,77,423,475,769,1299,1419]
[0,77,423,790,1419]
[0,77,475,733,1026,1299,1419]
[0,475,733,1026,1299,1419]
[0,423,733,1135,1419]
[0,77,423,475,769,1026,1299,1419]
