[0,398,653,1046]
[0,85,131,216,291,653,726,1046]
[0,131,216,291,398,764,843,993,1046]
[0,131,216,653,726,993,1046]
[0,131,216,652,764,843,993,1046]
[0,131,216,291,398,653,726,993,1046]
[0,131,1046]
[0,131,526,1046]
[0,131,216,526,993,1046]
[0,131,726,1046]
[0,131,398,1046]
[0,131,216,768,1046]
[0,131,216,653,726,1046]
[0,85,131,216,291,398,764,843,993,1046]
[0,993,1046]
[0,652,1046]
[0,764,1046]
[0,131,653,726,1046]
[0,131,216,291,398,653,726,1046]
[0,131,398,993,1046]
[0,526,1046]
[0,131,398,843,1046]
[0,131,216,768,993,1046]
[0,726,1046]
[0,131,652,843,1046]
[0,131,726,993,1046]
[0,131,518,764,993,1046]
[0,131,216,764,993,1046]
[0,131,216,652,1046]
[0,398,1046]
[0,131,518,1046]
[0,131,216,291,764,843,1046]
[0,131,652,1046]
[0,653,1046]
[0,131,764,993,1046]
[0,131,398,653,1046]
[0,131,216,1046]
[0,131,216,291,398,653,1046]
[0,131,216,398,843,1046]
[0,131,216,993,1046]
[0,131,216,764,1046]
[0,131,764,1046]
[0,518,764,1046]
[0,652,843,1046]
[0,131,216,291,653,726,1046]
[0,131,768,1046]
[0,131,216,526,1046]
[0,131,216,652,993,1046]
[0,518,1046]
[0,131,216,398,1046]
[0,131,216,398,653,1046]
[0,131,216,652,843,1046]
[0,131,216,291,398,1046]
[0,85,131,216,291,398,764,843,1046]
[0,131,216,653,1046]
[0,131,216,291,398,764,843,1046]
[0,131,653,1046]
[0,131,216,291,1046]
[0,131,216,291,653,1046]
[0,131,216,764,843,993,1046]
[0,85,131,216,291,398,653,726,1046]
[0,131,518,764,1046]
[0,768,1046]
[0,398,843,1046]
[0,131,216,398,764,843,1046]
[0,131,216,652,764,843,1046]
[0,653,726,1046]
[0,131,216,398,993,1046]
[0,85,131,216,291,398,653,726,993,1046]
[0,131,216,764,843,1046]
[0,131,993,1046]
