[0,322,554,932,1041,1180]
[0,322,554,677,783,932,1041,1180]
[0,322,636,687,783,932,1041,1180]
[0,322,932,1041,1180]
[0,322,640,891,1041,1180]
[0,322,640,891,1180]
[0,322,636,1180]
[0,322,554,1180]
[0,322,636,783,1180]
[0,932,1180]
[0,322,640,1180]
[0,636,1041,1180]
[0,322,783,1180]
[0,322,918,1041,1180]
[0,932,1041,1180]
[0,322,636,687,932,1041,1180]
[0,322,554,677,1041,1180]
[0,322,1180]
[0,654,1180]
[0,322,554,918,1041,1180]
[0,918,1180]
[0,322,932,1180]
[0,322,554,677,932,1041,1180]
[0,322,636,783,932,1041,1180]
[0,322,554,783,1041,1180]
[0,322,554,1041,1180]
[0,322,554,687,932,1041,1180]
[0,322,554,687,1041,1180]
[0,322,554,687,783,932,1041,1180]
[0,918,1041,1180]
[0,636,1180]
[0,1041,1180]
[0,636,932,1041,1180]
[0,322,640,1041,1180]
[0,322,783,1041,1180]
[0,783,1180]
[0,783,1041,1180]
[0,322,654,1180]
[0,322,918,1180]
[0,322,636,783,1041,1180]
[0,322,554,687,918,1041,1180]
[0,322,554,783,1180]
[0,322,636,1041,1180]
[0,935,1180]
[0,322,636,932,1041,1180]
[0,636,687,932,1041,1180]
[0,640,1180]
