[0,609,825,1189,1988,2120]
[0,288,609,1314,1452,2120]
[0,446,609,825,1343,1790,2120]
[0,113,446,609,825,1189,1343,1452,1790,2120]
[0,609,825,1189,2120]
[0,113,288,446,609,825,1343,1790,2120]
[0,446,609,1790,2120]
[0,1258,2120]
[0,446,609,1189,2120]
[0,113,288,609,825,1314,1452,1988,2120]
[0,113,446,609,825,1189,1790,2120]
[0,113,288,609,1314,1452,1988,2120]
[0,288,609,1314,1452,1988,2120]
[0,1189,1395,2120]
[0,113,288,609,1343,1452,1790,2120]
[0,113,288,609,1343,1790,2120]
[0,446,609,2120]
[0,446,609,1189,1790,2120]
[0,288,609,825,1189,2120]
[0,288,609,825,1189,1790,2120]
[0,446,609,825,1189,1790,2120]
[0,288,609,1189,1790,2120]
[0,113,288,446,609,825,1189,1790,2120]
[0,609,825,1343,1790,2120]
[0,288,446,609,1343,1790,2120]
[0,288,609,1314,1988,2120]
[0,288,609,825,1314,2120]
[0,1189,1790,2120]
[0,609,1189,2120]
[0,288,609,1343,1452,2120]
[0,288,446,609,825,1314,1452,2120]
[0,609,1343,1790,2120]
[0,113,288,609,1189,1790,2120]
[0,543,1189,1395,1988,2120]
[0,288,609,1343,2120]
[0,1314,2120]
[0,1314,1988,2120]
[0,875,1314,1988,2120]
[0,113,288,609,825,1189,1988,2120]
[0,1189,1988,2120]
[0,113,288,609,1988,2120]
[0,446,609,825,1189,1343,1790,2120]
[0,113,288,609,1343,1452,2120]
[0,113,543,1189,1395,1988,2120]
[0,113,288,446,609,1343,1790,2120]
[0,113,288,446,609,825,1189,1343,1452,1790,2120]
[0,446,609,1343,1790,2120]
[0,113,288,609,1790,2120]
[0,609,2120]
[0,1189,1395,1988,2120]
[0,288,609,1343,1790,2120]
[0,113,288,446,609,825,1314,1452,1988,2120]
[0,113,288,609,1189,2120]
[0,288,446,609,825,1314,2120]
[0,288,446,609,825,1314,1452,1988,2120]
[0,609,1189,1790,2120]
[0,288,446,609,825,1189,1790,2120]
[0,609,825,1189,1790,2120]
[0,609,1189,1988,2120]
[0,446,609,825,1343,1452,1790,2120]
[0,113,288,446,609,825,1343,1452,1790,2120]
[0,446,609,1343,2120]
[0,288,609,825,1343,1790,2120]
[0,113,288,446,609,1343,1452,1790,2120]
[0,288,609,825,1314,1452,1988,2120]
[0,113,446,609,825,1189,1343,1790,2120]
[0,1343,1790,2120]
[0,1189,2120]
[0,609,1790,2120]
[0,446,609,1343,1452,2120]
[0,543,1189,1790,2120]
[0,1343,2120]
[0,875,1314,2120]
[0,113,288,609,825,1189,1790,2120]
[0,113,288,609,1314,1988,2120]
[0,446,609,825,1189,1343,1452,1790,2120]
[0,609,1343,2120]
[0,288,609,825,1189,1988,2120]
[0,288,609,1790,2120]
[0,288,609,1189,1988,2120]
[0,113,543,1189,1395,1790,2120]
[0,543,1189,1395,1790,2120]
[0,609,1314,2120]
[0,288,609,1189,2120]
[0,113,288,609,1189,1988,2120]
[0,446,609,1343,1452,1790,2120]
[0,288,446,609,825,1189,1343,1790,2120]
[0,543,1189,2120]
[0,543,1189,1395,2120]
[0,288,609,1988,2120]
[0,113,288,609,2120]
[0,288,446,609,825,1343,1790,2120]
[0,288,609,2120]
[0,288,609,1314,2120]
[0,113,288,446,609,825,1189,1343,1790,2120]
[0,1258,1988,2120]
[0,113,288,609,1343,2120]
[0,1189,1395,1790,2120]
[0,288,609,825,1314,1452,2120]
