[0,1105,1345,1878,2759]
[0,1105,2759]
[0,481,724,1105,1345,1902,2414,2759]
[0,1105,2604,2759]
[0,724,1105,1902,2759]
[0,481,1902,2513,2759]
[0,724,1105,1345,2759]
[0,55,481,724,1105,1345,1455,1878,2604,2759]
[0,481,724,1105,1345,1878,2604,2759]
[0,55,1105,1836,2414,2759]
[0,481,724,2604,2759]
[0,724,1105,1345,1455,1902,2414,2759]
[0,1455,2414,2759]
[0,1105,1345,1902,2097,2414,2759]
[0,55,1455,1902,2414,2759]
[0,55,1455,1878,2513,2759]
[0,481,1455,1902,2414,2759]
[0,1105,1345,1455,2759]
[0,481,1372,2385,2759]
[0,1105,1345,1836,2414,2628,2759]
[0,1105,1455,1902,2414,2759]
[0,481,724,1105,1345,1902,2097,2414,2759]
[0,481,1902,2759]
[0,724,1105,2414,2759]
[0,724,1105,1345,1902,2414,2759]
[0,481,724,1105,1878,2759]
[0,55,481,724,1105,1345,1455,1902,2097,2414,2759]
[0,1105,1836,2414,2628,2759]
[0,1105,1345,2414,2759]
[0,55,1105,2015,2513,2759]
[0,1105,2513,2759]
[0,481,724,1105,1345,1455,1878,2604,2759]
[0,1105,1345,1455,1878,2604,2759]
[0,2385,2759]
[0,1105,1345,1455,1836,2414,2759]
[0,481,724,2759]
[0,1455,1878,2513,2759]
[0,1105,2015,2759]
[0,1105,1345,1836,2414,2759]
[0,1345,1455,2759]
[0,2015,2759]
[0,481,2759]
[0,55,1105,1345,1455,1878,2604,2759]
[0,481,1455,1902,2759]
[0,724,1105,1345,1455,1878,2604,2759]
[0,1105,1902,2097,2414,2759]
[0,481,2513,2759]
[0,481,724,1105,1345,1455,1902,2097,2414,2759]
[0,1455,1902,2097,2414,2759]
[0,55,481,724,1105,1345,1455,1902,2414,2759]
[0,1105,1345,1455,1902,2097,2414,2759]
[0,1455,1878,2759]
[0,1105,1878,2759]
[0,481,724,1105,1902,2414,2759]
[0,1878,2759]
[0,55,724,1105,1345,1455,1902,2414,2759]
[0,1105,1345,1878,2604,2759]
[0,55,1105,1345,1455,2604,2759]
[0,1105,1455,1902,2097,2414,2759]
[0,1455,2759]
[0,481,2385,2759]
[0,481,724,1105,1345,1455,2604,2759]
[0,1105,1345,1455,2414,2759]
[0,1878,2513,2759]
[0,1105,1836,2759]
[0,55,1105,1455,1902,2097,2414,2759]
[0,1105,1902,2759]
[0,55,1105,1345,1455,2414,2759]
[0,55,724,1105,1345,1455,1878,2604,2759]
[0,481,1372,2759]
[0,55,1105,1345,1455,1836,2414,2628,2759]
[0,481,724,1105,1345,2414,2759]
[0,55,1105,2414,2759]
[0,1105,1345,1455,1902,2414,2759]
[0,55,1105,1345,1455,1902,2097,2414,2759]
[0,55,2414,2759]
[0,55,2759]
[0,55,2513,2759]
[0,2015,2513,2759]
[0,1105,2015,2513,2759]
[0,481,724,1105,2759]
[0,1105,1345,2604,2759]
[0,481,724,1105,1345,1455,1902,2414,2759]
[0,1902,2414,2759]
[0,1455,2513,2759]
[0,1105,2414,2759]
[0,481,1455,2759]
[0,2414,2759]
[0,1105,1455,1902,2759]
[0,2513,2759]
[0,1105,1345,2414,2628,2759]
[0,55,1105,1345,1455,1902,2414,2759]
[0,481,2604,2759]
[0,481,724,1105,2604,2759]
[0,1105,1902,2414,2759]
[0,724,1105,1345,1455,2604,2759]
[0,55,1902,2414,2759]
[0,55,2015,2513,2759]
[0,481,724,1105,1345,2759]
[0,724,1105,1345,1878,2759]
[0,55,1105,1345,1455,2759]
[0,1105,1345,1902,2414,2759]
[0,55,1455,1902,2097,2414,2759]
[0,481,724,1105,1345,1878,2759]
[0,724,1105,2759]
[0,1105,1345,1455,2604,2759]
[0,55,1105,1345,1455,1836,2414,2759]
[0,481,724,1105,1345,2604,2759]
[0,724,1105,1345,2604,2759]
[0,1105,1836,2414,2759]
[0,1105,1345,1455,1836,2414,2628,2759]
[0,55,1105,1836,2414,2628,2759]
[0,481,2414,2759]
[0,1455,1902,2414,2759]
[0,481,724,1105,2414,2759]
[0,1372,2759]
[0,55,1878,2513,2759]
[0,724,1105,1902,2414,2759]
[0,1455,1902,2759]
[0,724,1105,1878,2759]
[0,2604,2759]
[0,1902,2759]
[0,1105,1345,2759]
[0,724,1105,1345,1878,2604,2759]
