[0,407,808,1194,1393,2211]
[0,415,808,918,1194,1393,2211]
[0,808,918,1393,2211]
[0,435,1346,2211]
[0,415,808,1194,1393,2211]
[0,407,808,1422,2211]
[0,237,415,808,1194,1393,2024,2211]
[0,136,237,407,808,918,1168,1422,2211]
[0,2024,2211]
[0,136,237,407,808,918,1168,1422,1988,2211]
[0,415,808,1393,2211]
[0,808,1393,2211]
[0,808,918,1194,1393,2024,2211]
[0,916,1690,2211]
[0,407,808,1393,2211]
[0,1346,2211]
[0,435,831,1346,2211]
[0,435,1346,2024,2211]
[0,808,1168,2211]
[0,237,407,808,918,1168,1422,1988,2211]
[0,808,2024,2211]
[0,415,808,1194,1393,2024,2211]
[0,407,808,2211]
[0,808,918,2024,2211]
[0,407,808,1168,2211]
[0,407,808,918,1194,1393,2024,2211]
[0,808,1168,1422,2024,2211]
[0,1346,2024,2211]
[0,136,237,415,808,918,1194,1393,2024,2211]
[0,808,918,1168,1422,2211]
[0,435,831,1346,2024,2211]
[0,237,415,808,1194,1393,2211]
[0,808,918,1194,1393,2211]
[0,237,407,808,1988,2211]
[0,808,2211]
[0,1422,2211]
[0,237,415,808,918,1194,1393,2024,2211]
[0,407,808,1168,1422,1988,2211]
[0,916,2211]
[0,407,808,1194,1393,2024,2211]
[0,808,1194,1393,2211]
[0,808,1194,1393,2024,2211]
[0,407,808,918,1168,1422,2211]
[0,237,407,808,1168,1422,2211]
[0,237,407,808,1168,1422,1988,2211]
[0,808,1988,2211]
[0,1690,2211]
[0,237,415,808,918,1194,1393,2211]
[0,407,808,1988,2211]
[0,237,407,808,918,1168,1422,2211]
[0,136,237,415,808,918,1194,1393,2211]
[0,808,1168,1422,1988,2211]
[0,808,918,2211]
[0,808,1422,2211]
[0,808,918,1422,2211]
[0,808,1168,1422,2211]
[0,407,808,1168,1422,2211]
