[0,327,518,1190,1419]
[0,60,185,327,518,1060,1419]
[0,60,365,665,1190,1419]
[0,60,327,518,1060,1190,1419]
[0,60,185,418,518,665,942,1060,1190,1377,1419]
[0,418,518,942,1060,1190,1419]
[0,365,665,1190,1419]
[0,60,185,327,518,942,1060,1419]
[0,327,942,1419]
[0,60,365,665,1419]
[0,60,1419]
[0,185,327,518,942,1060,1419]
[0,365,665,1060,1190,1419]
[0,418,1060,1419]
[0,60,418,518,665,942,1060,1190,1377,1419]
[0,185,327,518,1419]
[0,60,327,665,1419]
[0,185,418,665,942,1190,1419]
[0,185,327,518,1060,1419]
[0,365,665,1419]
[0,327,518,1060,1190,1419]
[0,327,942,1190,1419]
[0,327,518,942,1060,1190,1419]
[0,60,327,518,665,942,1060,1190,1419]
[0,60,327,518,942,1060,1190,1419]
[0,365,1419]
[0,60,327,518,1060,1190,1377,1419]
[0,418,665,1419]
[0,60,327,518,1190,1419]
[0,60,185,327,518,1060,1190,1419]
[0,327,1060,1419]
[0,327,518,942,1190,1419]
[0,60,418,518,942,1060,1190,1419]
[0,418,942,1060,1419]
[0,418,665,942,1419]
[0,327,518,942,1419]
[0,1060,1419]
[0,185,418,665,942,1060,1190,1419]
[0,327,518,1419]
[0,327,518,942,1060,1419]
[0,327,518,665,942,1419]
[0,60,418,518,942,1060,1190,1377,1419]
[0,60,418,518,942,1060,1419]
[0,665,942,1419]
[0,185,327,518,665,942,1060,1190,1419]
[0,185,418,518,665,942,1060,1190,1419]
[0,327,665,1419]
[0,60,185,327,518,1190,1377,1419]
[0,60,185,327,518,1060,1190,1377,1419]
[0,60,327,518,1419]
[0,327,518,1060,1419]
[0,327,665,1190,1419]
[0,418,665,942,1060,1419]
[0,60,185,327,518,665,942,1060,1190,1419]
[0,60,185,327,418,518,665,942,1060,1190,1377,1419]
[0,60,185,418,518,665,942,1060,1190,1419]
[0,327,518,665,942,1060,1190,1419]
[0,185,327,518,665,942,1190,1419]
[0,418,518,665,942,1060,1190,1419]
[0,942,1060,1419]
[0,418,518,942,1419]
[0,665,1419]
[0,60,327,518,665,942,1060,1190,1377,1419]
[0,185,327,518,1190,1419]
[0,942,1419]
[0,418,665,942,1060,1190,1419]
[0,327,1190,1419]
[0,60,418,518,665,942,1060,1190,1419]
[0,60,665,1419]
[0,327,418,518,665,942,1060,1190,1419]
[0,60,185,327,518,942,1060,1190,1419]
[0,418,1419]
[0,60,185,327,518,665,942,1060,1190,1377,1419]
[0,418,518,1419]
[0,60,327,518,1190,1377,1419]
[0,185,327,518,1060,1190,1419]
[0,60,327,518,1377,1419]
[0,60,327,518,1060,1419]
[0,60,185,327,418,518,665,942,1060,1190,1419]
[0,60,185,327,518,942,1060,1190,1377,1419]
[0,418,942,1060,1190,1419]
[0,185,327,418,518,665,942,1060,1190,1419]
[0,60,365,665,1060,1190,1419]
[0,418,518,942,1060,1419]
[0,60,327,518,942,1060,1190,1377,1419]
[0,60,327,518,942,1060,1419]
[0,327,665,1060,1190,1419]
[0,418,942,1419]
[0,327,518,665,942,1190,1419]
[0,418,1060,1190,1419]
[0,418,665,942,1190,1419]
[0,60,327,665,1060,1190,1419]
[0,327,1419]
[0,60,185,327,518,1419]
[0,185,327,518,942,1419]
[0,60,327,665,1190,1419]
[0,60,185,327,518,1190,1419]
[0,185,327,518,665,942,1419]
[0,185,327,518,942,1060,1190,1419]
[0,60,185,327,518,1377,1419]
