[0,161,228,306,488,571,969]
[0,228,419,488,571,969]
[0,161,257,488,969]
[0,161,234,306,419,488,571,882,969]
[0,389,969]
[0,488,969]
[0,306,488,571,969]
[0,228,969]
[0,488,882,969]
[0,161,228,419,488,571,882,969]
[0,161,234,419,488,571,969]
[0,161,234,306,419,488,571,636,882,969]
[0,161,234,488,571,882,969]
[0,161,257,488,882,969]
[0,161,488,571,969]
[0,228,306,488,571,969]
[0,228,488,571,969]
[0,161,234,419,488,571,882,969]
[0,161,234,488,571,969]
[0,419,488,571,969]
[0,419,969]
[0,306,488,969]
[0,161,234,306,488,571,882,969]
[0,161,969]
[0,234,488,571,969]
[0,161,488,969]
[0,389,882,969]
[0,488,571,882,969]
[0,234,419,488,571,969]
[0,228,488,571,882,969]
[0,228,306,488,571,882,969]
[0,228,571,882,969]
[0,161,571,969]
[0,306,488,882,969]
[0,161,488,882,969]
[0,882,969]
[0,161,228,419,488,571,636,882,969]
[0,228,882,969]
[0,161,228,306,488,571,882,969]
[0,228,419,488,571,882,969]
[0,488,571,969]
[0,571,969]
[0,234,306,488,571,969]
[0,161,488,571,882,969]
[0,306,488,571,882,969]
[0,228,571,969]
[0,419,488,969]
[0,161,228,419,488,571,969]
[0,161,234,419,488,571,636,882,969]
[0,161,234,306,488,571,969]
[0,161,257,969]
[0,306,969]
[0,234,571,969]
