[0,351,1327]
[0,545,1098,1327]
[0,749,1098,1327]
[0,217,892,968,1270,1327]
[0,217,1270,1327]
[0,217,838,1270,1327]
[0,217,1047,1098,1327]
[0,217,892,968,1327]
[0,217,892,968,1098,1327]
[0,217,1098,1327]
[0,545,838,1098,1327]
[0,217,545,1270,1327]
[0,217,545,1098,1327]
[0,217,838,1098,1327]
[0,217,1098,1155,1327]
[0,217,356,838,1327]
[0,217,356,545,838,1098,1270,1327]
[0,217,892,1047,1098,1270,1327]
[0,217,356,838,1098,1155,1270,1327]
[0,351,1098,1327]
[0,838,1098,1327]
[0,217,545,838,1327]
[0,1098,1327]
[0,217,356,545,838,988,1327]
[0,351,977,1155,1327]
[0,217,356,545,838,1098,1327]
[0,351,1155,1327]
[0,217,356,838,988,1098,1155,1270,1327]
[0,217,1098,1155,1270,1327]
[0,217,545,749,1098,1327]
[0,838,1327]
[0,217,356,545,749,1098,1270,1327]
[0,217,749,1270,1327]
[0,217,749,1327]
[0,217,356,838,988,1098,1327]
[0,217,749,1098,1327]
[0,217,892,1327]
[0,217,838,1098,1155,1270,1327]
[0,217,892,1098,1155,1327]
[0,217,545,838,988,1327]
[0,217,356,545,1270,1327]
[0,217,545,838,1098,1327]
[0,217,545,749,1327]
[0,217,749,1155,1327]
[0,217,356,749,1270,1327]
[0,892,1327]
[0,545,838,1327]
[0,217,356,545,1098,1327]
[0,217,356,838,1098,1270,1327]
[0,217,356,545,838,1327]
[0,217,892,1098,1327]
[0,217,892,1155,1327]
[0,217,1098,1270,1327]
[0,217,356,749,1098,1270,1327]
[0,749,1327]
[0,217,356,749,1098,1327]
[0,217,892,1047,1327]
[0,217,892,968,1155,1327]
[0,217,356,749,1155,1327]
[0,217,356,838,1270,1327]
[0,217,838,988,1327]
[0,217,838,1327]
[0,217,356,545,1098,1270,1327]
[0,217,892,968,1098,1270,1327]
[0,217,892,968,1098,1155,1270,1327]
[0,217,356,749,1098,1155,1270,1327]
[0,351,977,1327]
[0,217,356,545,1327]
[0,217,356,545,749,1098,1327]
[0,217,356,545,838,1270,1327]
[0,217,356,838,988,1327]
[0,217,545,1327]
[0,217,356,838,1098,1327]
[0,217,892,968,1098,1155,1327]
[0,217,356,838,988,1098,1270,1327]
[0,217,356,545,749,1098,1155,1270,1327]
[0,217,356,749,1098,1155,1327]
[0,217,356,545,838,988,1098,1155,1270,1327]
[0,217,892,1047,1270,1327]
[0,217,356,545,838,988,1098,1270,1327]
[0,217,356,545,749,1327]
[0,545,1327]
[0,217,356,545,838,988,1098,1327]
[0,217,1327]
[0,217,838,1098,1270,1327]
[0,217,356,749,1327]
[0,217,892,1270,1327]
[0,217,749,1098,1155,1327]
[0,217,892,1047,1098,1327]
