[0,503,1192,1475,2019]
[0,137,447,999,1381,1475,1867,2019]
[0,1192,2019]
[0,137,878,999,1192,1475,1867,2019]
[0,503,2019]
[0,291,999,1192,1475,2019]
[0,137,291,503,999,1192,1475,1867,2019]
[0,137,291,872,999,1192,1475,1601,1867,2019]
[0,999,1192,1475,1867,2019]
[0,447,999,2019]
[0,137,291,503,872,999,1192,1475,1601,1867,2019]
[0,137,872,999,1867,2019]
[0,137,872,999,1192,1475,1601,1867,2019]
[0,503,999,1192,1475,1867,2019]
[0,503,872,999,1192,1381,1475,1867,2019]
[0,137,447,878,999,1192,1381,1475,1867,2019]
[0,137,291,999,1192,1475,1867,2019]
[0,447,1475,1867,2019]
[0,137,307,447,878,999,1192,1475,1867,2019]
[0,291,503,999,1192,1475,1867,2019]
[0,872,1475,2019]
[0,999,1192,1381,1475,1867,2019]
[0,137,197,878,999,1192,1381,1475,1601,1867,2019]
[0,872,2019]
[0,447,999,1192,1475,1867,2019]
[0,137,2019]
[0,137,1381,1475,1867,2019]
[0,137,872,1475,1867,2019]
[0,137,197,1475,1867,2019]
[0,137,197,2019]
[0,137,291,503,872,999,1192,1475,1867,2019]
[0,999,1192,1475,2019]
[0,137,447,999,1192,1475,1867,2019]
[0,1381,1475,1867,2019]
[0,291,1475,2019]
[0,999,1474,2019]
[0,1475,2019]
[0,137,197,878,999,1192,1381,1475,1867,2019]
[0,291,1192,1475,2019]
[0,137,447,878,999,1192,1475,1867,2019]
[0,291,503,1192,1475,2019]
[0,1192,1475,2019]
[0,137,878,999,1192,1475,1601,1867,2019]
[0,999,1381,1475,1867,2019]
[0,137,1867,2019]
[0,137,878,999,1192,1381,1475,1867,2019]
[0,878,2019]
[0,291,999,1192,1475,1867,2019]
[0,999,1475,1867,2019]
[0,137,878,999,1867,2019]
[0,137,291,503,872,999,1192,1381,1475,1601,1867,2019]
[0,872,999,1192,1475,1867,2019]
[0,137,447,1475,1867,2019]
[0,137,999,1192,1475,1601,1867,2019]
[0,291,503,999,1192,1475,2019]
[0,1474,2019]
[0,503,1192,2019]
[0,137,878,999,1475,1867,2019]
[0,1434,2019]
[0,137,307,447,878,999,1192,1381,1475,1867,2019]
[0,999,1475,2019]
[0,137,872,999,1192,1475,1867,2019]
[0,447,999,1192,1475,2019]
[0,137,291,872,999,1192,1381,1475,1601,1867,2019]
[0,137,447,999,1192,1381,1475,1867,2019]
[0,503,872,999,1192,1475,1867,2019]
[0,137,197,1381,1475,1867,2019]
[0,137,878,999,1192,1381,1475,1601,1867,2019]
[0,137,872,999,1475,1867,2019]
[0,137,872,999,1192,1381,1475,1601,1867,2019]
[0,999,1474,1867,2019]
[0,999,1192,1867,2019]
[0,137,872,999,1381,1475,1867,2019]
[0,137,878,1475,1867,2019]
[0,1867,2019]
[0,137,1475,1867,2019]
[0,137,291,872,999,1192,1475,1867,2019]
[0,447,999,1474,1867,2019]
[0,447,999,1475,1867,2019]
[0,137,999,1475,1867,2019]
[0,878,1475,1867,2019]
[0,1474,1867,2019]
[0,447,1434,2019]
[0,503,999,1192,1475,2019]
[0,447,999,1474,2019]
[0,137,878,999,1381,1475,1867,2019]
[0,878,1475,2019]
[0,137,872,999,1192,1381,1475,1867,2019]
[0,1475,1867,2019]
[0,137,447,999,1475,1867,2019]
[0,137,999,1192,1381,1475,1867,2019]
[0,999,1192,2019]
[0,447,999,1867,2019]
[0,872,999,1192,1381,1475,1867,2019]
[0,137,197,1867,2019]
[0,872,1475,1867,2019]
[0,137,999,1867,2019]
[0,137,197,999,1192,1381,1475,1867,2019]
[0,137,999,1381,1475,1867,2019]
[0,137,307,447,999,1192,1475,1867,2019]
[0,447,999,1475,2019]
[0,307,447,999,1192,1475,1867,2019]
[0,999,1867,2019]
[0,447,1475,2019]
[0,999,2019]
[0,137,197,999,1381,1475,1867,2019]
[0,137,999,1192,1475,1867,2019]
