[0,691,855,1046]
[0,83,200,852,975,1046]
[0,83,200,846,975,1046]
[0,83,200,691,846,975,1046]
[0,83,200,686,1046]
[0,691,846,1046]
[0,200,686,1046]
[0,686,852,1046]
[0,200,855,1046]
[0,855,1046]
[0,846,1046]
[0,83,852,975,1046]
[0,200,686,852,963,1046]
[0,852,975,1046]
[0,104,846,1046]
[0,83,200,855,1046]
[0,83,852,1046]
[0,83,200,846,1046]
[0,200,846,1046]
[0,83,200,691,855,1046]
[0,83,200,686,852,1046]
[0,200,691,855,1046]
[0,83,200,691,846,1046]
[0,200,686,852,1046]
[0,200,691,846,1046]
[0,104,1046]
[0,83,200,1046]
[0,83,137,200,686,852,963,1046]
[0,691,852,1046]
[0,975,1046]
[0,83,200,852,963,1046]
[0,83,686,852,1046]
[0,83,200,691,852,975,1046]
[0,200,852,963,1046]
[0,83,200,686,852,963,1046]
[0,852,1046]
[0,83,200,852,1046]
[0,104,691,855,1046]
[0,686,852,963,1046]
[0,83,137,200,691,846,975,1046]
[0,200,852,1046]
[0,83,852,963,1046]
[0,200,1046]
[0,846,975,1046]
[0,83,846,975,1046]
[0,852,963,1046]
[0,83,200,691,852,1046]
[0,200,691,852,1046]
[0,686,1046]
[0,83,846,1046]
[0,83,1046]
[0,963,1046]
