[0,142,324,393,465,704,791,1046]
[0,142,324,704,1046]
[0,142,324,704,791,1046]
[0,142,393,1046]
[0,142,265,393,465,704,791,864,1046]
[0,142,335,791,1046]
[0,142,265,1046]
[0,142,335,791,864,1046]
[0,142,1046]
[0,142,335,393,465,704,791,864,1046]
[0,393,1046]
[0,324,704,1046]
[0,142,335,465,704,1046]
[0,791,1046]
[0,142,265,704,791,1046]
[0,142,393,465,791,864,1046]
[0,142,335,704,791,1046]
[0,465,704,1046]
[0,142,393,791,864,1046]
[0,335,791,1046]
[0,142,324,1046]
[0,142,335,1046]
[0,142,265,465,704,791,864,1046]
[0,142,324,465,704,1046]
[0,324,1046]
[0,335,1046]
[0,142,324,393,465,704,791,864,1046]
[0,142,335,465,704,791,1046]
[0,142,324,465,704,791,864,1046]
[0,142,465,704,1046]
[0,142,335,704,1046]
[0,142,704,1046]
[0,142,393,791,1046]
[0,142,393,465,791,1046]
[0,142,704,791,1046]
[0,704,1046]
[0,142,265,465,704,1046]
[0,142,393,465,1046]
[0,335,704,1046]
[0,142,265,465,704,791,1046]
[0,324,791,1046]
[0,393,791,1046]
[0,142,265,704,1046]
[0,142,335,465,704,791,864,1046]
[0,142,324,465,704,791,1046]
[0,142,265,393,465,704,791,1046]
