[0,578,1046]
[0,222,319,494,578,850,961,1046]
[0,494,578,1046]
[0,222,667,1046]
[0,222,319,578,696,850,961,1046]
[0,175,222,494,578,961,1046]
[0,228,328,578,692,850,1046]
[0,175,228,328,494,578,850,961,1046]
[0,578,692,850,961,1046]
[0,566,894,1046]
[0,390,1046]
[0,494,578,696,850,961,1046]
[0,319,572,1046]
[0,175,222,319,494,578,696,850,961,1046]
[0,222,319,578,1046]
[0,578,696,1046]
[0,228,328,578,961,1046]
[0,494,578,850,961,1046]
[0,222,319,578,961,1046]
[0,578,850,1046]
[0,578,894,1046]
[0,222,578,1046]
[0,228,328,578,1046]
[0,328,578,1046]
[0,494,578,894,1046]
[0,319,1046]
[0,578,850,961,1046]
[0,228,328,1046]
[0,494,578,918,1046]
[0,578,692,850,1046]
[0,222,319,578,850,1046]
[0,175,222,319,494,578,850,961,1046]
[0,319,572,894,1046]
[0,228,328,494,578,850,961,1046]
[0,175,566,1046]
[0,494,578,692,850,894,961,1046]
[0,222,319,578,696,850,1046]
[0,228,328,578,850,1046]
[0,578,692,918,1046]
[0,222,1046]
[0,175,566,894,1046]
[0,390,578,1046]
[0,578,696,850,961,1046]
[0,228,328,578,850,961,1046]
[0,228,578,1046]
[0,228,328,494,578,692,850,961,1046]
[0,494,578,961,1046]
[0,319,578,696,1046]
[0,494,578,692,850,961,1046]
[0,494,578,850,918,1046]
[0,494,578,696,850,894,961,1046]
[0,175,222,319,494,578,696,850,894,961,1046]
[0,578,692,1046]
[0,961,1046]
[0,319,578,850,1046]
[0,328,578,692,1046]
[0,222,319,1046]
[0,228,578,961,1046]
[0,222,578,961,1046]
[0,175,228,328,494,578,961,1046]
[0,319,578,696,850,1046]
[0,175,578,1046]
[0,228,328,578,692,850,961,1046]
[0,175,228,494,578,961,1046]
[0,328,578,850,1046]
[0,578,918,1046]
[0,918,1046]
[0,578,696,850,1046]
[0,894,1046]
[0,566,1046]
[0,667,1046]
[0,175,222,319,494,578,961,1046]
[0,328,1046]
[0,328,578,692,850,1046]
[0,228,328,578,692,1046]
[0,222,494,578,961,1046]
[0,228,494,578,961,1046]
[0,222,319,494,578,961,1046]
[0,222,319,578,696,1046]
[0,319,578,961,1046]
[0,319,578,1046]
[0,175,228,328,494,578,692,850,961,1046]
[0,572,1046]
[0,494,578,692,850,918,1046]
[0,228,328,494,578,961,1046]
[0,175,578,850,1046]
[0,578,961,1046]
[0,390,578,894,1046]
[0,328,578,961,1046]
[0,494,578,692,918,1046]
[0,222,319,494,578,696,850,961,1046]
[0,222,319,578,850,961,1046]
[0,175,228,328,494,578,692,850,894,961,1046]
