[0,287,405,721,1180]
[0,1005,1180]
[0,294,1180]
[0,721,1180]
[0,164,287,405,489,555,721,813,1005,1180]
[0,164,1055,1180]
[0,721,1005,1180]
[0,164,555,1055,1180]
[0,287,405,489,555,721,813,1005,1180]
[0,405,721,1005,1180]
[0,164,1180]
[0,1055,1180]
[0,287,405,721,1005,1180]
[0,287,721,1180]
[0,164,721,1005,1180]
[0,164,555,1180]
[0,164,287,405,721,813,1005,1180]
[0,164,405,721,1005,1180]
[0,287,721,813,1005,1180]
[0,555,1180]
[0,164,287,405,721,1180]
[0,287,721,1005,1180]
[0,489,1180]
[0,887,1180]
[0,294,887,1180]
[0,164,489,1180]
[0,555,1005,1180]
[0,164,489,1055,1180]
[0,164,287,721,1180]
[0,287,721,813,1180]
[0,405,721,1180]
[0,287,405,721,813,1005,1180]
[0,164,287,405,489,721,813,1005,1180]
[0,164,287,405,721,1005,1180]
[0,164,287,721,1005,1180]
[0,287,405,489,721,813,1005,1180]
[0,164,555,1005,1180]
[0,164,1005,1180]
[0,164,721,1180]
