[0,278,569,1005,1180]
[0,102,347,569,1051,1180]
[0,414,569,708,857,1180]
[0,278,569,855,1180]
[0,569,708,1180]
[0,109,414,569,1180]
[0,278,569,1180]
[0,347,569,708,1180]
[0,102,347,569,1180]
[0,811,1180]
[0,278,414,569,708,857,1005,1180]
[0,569,1005,1180]
[0,102,278,569,1180]
[0,569,708,857,1051,1180]
[0,109,278,569,1180]
[0,347,569,1180]
[0,414,569,1005,1180]
[0,102,278,569,708,857,1051,1180]
[0,347,569,857,1180]
[0,278,414,569,708,857,1180]
[0,347,569,857,1005,1180]
[0,109,278,414,569,708,855,1180]
[0,109,414,569,708,855,1180]
[0,102,278,569,708,1180]
[0,59,109,414,569,708,855,1180]
[0,278,569,857,1005,1180]
[0,109,414,569,708,1180]
[0,278,569,708,855,1180]
[0,109,347,569,708,857,1005,1180]
[0,109,278,414,569,708,857,1180]
[0,59,109,278,569,708,857,1180]
[0,59,109,278,414,569,708,855,1180]
[0,109,347,569,857,1005,1180]
[0,278,569,708,857,1005,1180]
[0,109,278,569,708,1180]
[0,59,109,414,569,708,857,1180]
[0,347,569,856,1051,1180]
[0,569,856,1180]
[0,59,109,414,569,708,1180]
[0,278,569,708,857,1051,1180]
[0,414,569,1180]
[0,278,569,857,1180]
[0,347,569,708,857,1005,1180]
[0,109,278,414,569,708,857,1005,1180]
[0,102,347,569,708,857,1051,1180]
[0,347,569,1005,1180]
[0,569,1180]
[0,109,278,569,708,855,1180]
[0,59,109,278,414,569,708,857,1005,1180]
[0,414,569,708,857,1005,1180]
[0,109,347,569,1180]
[0,347,569,708,857,1051,1180]
[0,414,569,708,1180]
[0,102,278,569,708,857,1180]
[0,569,855,1180]
[0,347,569,1051,1180]
[0,102,414,569,708,855,1180]
[0,109,278,569,708,857,1180]
[0,569,708,857,1180]
[0,59,109,414,569,1180]
[0,414,569,855,1180]
[0,59,109,278,569,1180]
[0,278,414,569,708,855,1180]
[0,569,857,1180]
[0,102,347,569,856,1051,1180]
[0,109,278,569,708,857,1005,1180]
[0,414,569,857,1180]
[0,347,569,708,857,1180]
[0,109,414,569,708,857,1180]
[0,102,414,569,708,1180]
[0,109,347,569,1005,1180]
[0,59,109,278,569,708,855,1180]
[0,278,569,708,857,1180]
[0,414,569,857,1005,1180]
[0,278,569,708,1180]
[0,414,569,708,855,1180]
[0,59,109,278,414,569,708,857,1180]
[0,59,109,278,569,708,1180]
[0,347,569,856,1180]
[0,109,347,569,708,857,1180]
