[0,142,370,467,804,1169,1342,1996,2067,2189]
[0,467,793,1169,1342,2063,2189]
[0,467,1169,1342,2063,2189]
[0,467,793,1169,1342,2189]
[0,142,467,804,1169,1342,2189]
[0,1342,2063,2189]
[0,142,370,467,804,1169,1342,2189]
[0,1996,2189]
[0,467,694,804,1169,1342,2063,2189]
[0,1342,2189]
[0,467,793,1342,2189]
[0,370,467,804,1169,1342,2189]
[0,142,467,694,804,1169,1342,2063,2189]
[0,467,804,1342,2189]
[0,694,1342,2189]
[0,142,370,467,804,1169,1342,2063,2189]
[0,467,804,2189]
[0,370,467,804,1169,1342,2063,2189]
[0,467,694,804,1169,1342,2067,2189]
[0,467,694,804,1169,1342,2189]
[0,694,1342,2063,2189]
[0,370,467,804,1169,1342,2067,2189]
[0,467,804,1169,1342,2063,2189]
[0,723,2189]
[0,142,467,694,804,1169,1342,2189]
[0,804,2189]
[0,142,467,694,804,1169,1342,2067,2189]
[0,467,804,1169,1342,2189]
[0,142,370,467,694,804,1169,1342,1996,2067,2189]
[0,793,1342,2189]
[0,142,370,467,804,1169,1342,2067,2189]
[0,142,370,467,694,804,1169,1342,2063,2189]
[0,142,467,804,1169,1342,2063,2189]
[0,142,370,467,694,804,1169,1342,2189]
[0,467,793,1342,2063,2189]
[0,467,804,1169,1342,2067,2189]
[0,142,467,804,1169,1342,2067,2189]
[0,370,467,804,1169,1342,1996,2067,2189]
[0,1169,1342,2189]
[0,723,1996,2189]
[0,142,370,467,694,804,1169,1342,2067,2189]
[0,793,1342,2063,2189]
[0,467,1169,1342,2189]
[0,467,1342,2189]
