[0,204,314,608,1046]
[0,608,718,1046]
[0,198,350,718,1046]
[0,198,350,423,1046]
[0,198,350,608,1046]
[0,204,314,423,608,1046]
[0,251,314,608,718,1046]
[0,198,350,1046]
[0,314,718,1046]
[0,314,423,1046]
[0,314,423,608,718,1046]
[0,204,314,423,1046]
[0,198,314,608,718,1046]
[0,198,350,608,718,1046]
[0,423,608,1046]
[0,198,350,423,608,718,1046]
[0,204,350,718,1046]
[0,204,608,1046]
[0,251,314,423,608,1046]
[0,251,314,423,1046]
[0,204,369,608,1046]
[0,198,350,423,608,1046]
[0,204,369,423,608,1046]
[0,251,608,718,1046]
[0,718,1046]
[0,608,1046]
[0,687,1046]
[0,251,608,1046]
[0,198,314,1046]
[0,314,423,608,1046]
[0,314,1046]
[0,251,687,1046]
[0,204,350,1046]
[0,204,369,423,1046]
[0,423,671,1046]
[0,198,1046]
[0,314,671,1046]
[0,251,1046]
[0,251,314,423,671,1046]
[0,350,1046]
[0,251,314,423,608,718,1046]
[0,671,1046]
[0,350,718,1046]
[0,198,608,1046]
[0,251,419,687,1046]
[0,314,423,671,1046]
[0,198,314,718,1046]
[0,423,608,718,1046]
[0,204,314,369,423,608,1046]
[0,198,718,1046]
[0,204,314,1046]
[0,204,1046]
[0,204,369,1046]
[0,198,314,423,608,718,1046]
[0,251,314,1046]
