[0,520,1419]
[0,520,849,1419]
[0,305,576,917,1323,1419]
[0,305,576,917,1419]
[0,88,305,520,917,1118,1323,1419]
[0,305,1323,1419]
[0,88,305,576,917,1118,1323,1419]
[0,305,520,917,1048,1118,1323,1419]
[0,305,520,849,1419]
[0,305,520,917,1419]
[0,305,576,917,1118,1419]
[0,305,576,917,1048,1118,1323,1419]
[0,1323,1419]
[0,88,305,520,791,917,1048,1118,1323,1419]
[0,520,917,1419]
[0,305,520,917,1118,1323,1419]
[0,305,576,917,1118,1323,1419]
[0,305,520,791,917,1118,1419]
[0,305,520,849,1118,1323,1419]
[0,88,305,520,849,1118,1323,1419]
[0,255,1419]
[0,576,917,1419]
[0,88,305,576,917,1048,1118,1323,1419]
[0,88,305,520,791,849,917,1048,1118,1323,1419]
[0,88,305,520,917,1048,1118,1323,1419]
[0,278,849,1118,1419]
[0,520,849,1118,1419]
[0,278,849,1419]
[0,305,917,1419]
[0,305,520,791,917,1118,1323,1419]
[0,849,1419]
[0,255,520,849,1419]
[0,305,520,849,1323,1419]
[0,917,1419]
[0,255,520,1419]
[0,255,520,1323,1419]
[0,305,520,849,1118,1419]
[0,255,520,849,1323,1419]
[0,255,520,849,1118,1323,1419]
[0,255,1323,1419]
[0,305,520,917,1323,1419]
[0,917,1118,1419]
[0,305,917,1118,1419]
[0,255,520,849,1118,1419]
[0,305,520,1323,1419]
[0,305,1419]
[0,88,305,520,791,917,1118,1323,1419]
[0,305,520,1419]
[0,305,520,917,1118,1419]
[0,278,1419]
