[0,430,597,969]
[0,430,806,881,969]
[0,119,412,578,969]
[0,212,312,412,597,806,969]
[0,430,806,969]
[0,430,597,806,969]
[0,119,268,312,412,578,806,881,969]
[0,119,430,806,969]
[0,119,268,312,412,504,578,806,881,969]
[0,212,312,412,806,969]
[0,312,969]
[0,119,312,412,504,578,806,881,969]
[0,268,312,430,806,881,969]
[0,578,969]
[0,312,430,806,881,969]
[0,119,430,597,806,969]
[0,312,412,578,969]
[0,412,806,881,969]
[0,119,312,430,806,969]
[0,312,430,597,806,969]
[0,212,312,412,578,806,969]
[0,412,597,806,969]
[0,119,312,412,578,969]
[0,430,969]
[0,212,312,412,597,806,881,969]
[0,312,412,806,881,969]
[0,312,430,597,806,881,969]
[0,119,806,969]
[0,504,806,969]
[0,119,312,412,578,806,969]
[0,212,312,412,578,806,881,969]
[0,312,412,597,806,969]
[0,312,412,806,969]
[0,412,578,969]
[0,119,312,806,969]
[0,412,578,806,969]
[0,597,969]
[0,806,969]
[0,806,881,969]
[0,119,268,312,430,597,806,881,969]
[0,268,312,430,597,806,881,969]
[0,412,969]
[0,312,412,578,806,881,969]
[0,312,430,806,969]
[0,119,312,430,597,806,881,969]
[0,268,312,412,578,806,881,969]
[0,119,312,412,578,806,881,969]
[0,268,312,412,806,881,969]
[0,212,312,412,806,881,969]
[0,212,312,412,578,969]
[0,412,597,969]
[0,412,806,969]
[0,119,312,430,597,806,969]
[0,312,412,578,806,969]
[0,119,412,578,806,969]
[0,504,969]
[0,119,312,430,806,881,969]
[0,312,806,969]
