[0,580,926,1147,1332,1758,2044,2189]
[0,590,926,1433,1681,2044,2189]
[0,926,2044,2189]
[0,580,1332,1758,2189]
[0,243,580,926,1332,2189]
[0,243,475,590,926,1433,1681,1758,2044,2189]
[0,475,580,926,1147,1332,2044,2189]
[0,926,2189]
[0,590,926,1433,2044,2189]
[0,243,475,590,926,1227,1433,1681,1758,2044,2189]
[0,243,590,734,926,1227,1433,1681,2044,2189]
[0,590,926,1332,2044,2189]
[0,580,1332,2189]
[0,590,926,2044,2189]
[0,580,926,1332,2044,2189]
[0,532,914,1332,1942,2189]
[0,590,1268,2189]
[0,243,580,926,1147,1332,1758,2189]
[0,590,926,1227,1433,1681,2044,2189]
[0,580,926,1227,1433,1681,2189]
[0,580,926,1433,2189]
[0,590,926,1227,1433,2044,2189]
[0,580,926,1439,1681,2044,2189]
[0,243,475,590,734,926,1227,1433,1681,1758,2044,2189]
[0,580,1433,2189]
[0,243,590,926,1227,1433,2044,2189]
[0,580,926,1147,1332,2189]
[0,243,580,926,1147,1332,2044,2189]
[0,243,475,590,926,1227,1433,2044,2189]
[0,532,914,1332,2189]
[0,475,580,926,1147,1332,1681,1758,2044,2189]
[0,590,734,926,1227,1433,1681,2044,2189]
[0,475,580,926,1147,1332,2189]
[0,243,475,590,926,1227,1433,1681,2044,2189]
[0,243,475,590,734,926,1227,1433,1681,2044,2189]
[0,475,590,926,1433,1681,1758,2044,2189]
[0,243,590,926,1227,1433,1681,2044,2189]
[0,590,926,1268,2044,2189]
[0,580,926,1439,2189]
[0,1332,2189]
[0,590,926,1268,2189]
[0,590,926,1227,1433,2189]
[0,580,926,1439,2044,2189]
[0,243,580,926,1147,1332,2189]
[0,580,926,1433,1681,2189]
[0,243,590,926,1433,2189]
[0,580,926,1227,1433,1681,2044,2189]
[0,580,926,1147,1433,2044,2189]
[0,580,926,1439,1681,1758,2044,2189]
[0,580,926,1147,1433,1681,2189]
[0,590,926,1433,2189]
[0,580,926,1433,2044,2189]
[0,1439,2189]
[0,243,590,926,1433,1681,2189]
[0,532,2189]
[0,580,926,1147,1332,2044,2189]
[0,243,580,926,1332,1758,2189]
[0,1681,2189]
[0,590,926,1433,1681,2189]
[0,580,734,926,1227,1433,1681,2189]
[0,532,1332,2189]
[0,532,914,2189]
[0,243,475,580,926,1147,1332,1758,2044,2189]
[0,243,475,590,926,1433,2044,2189]
[0,580,926,1332,1758,2189]
[0,580,926,1227,1433,2189]
[0,243,590,926,1433,1681,2044,2189]
[0,243,475,580,926,1147,1332,2044,2189]
[0,590,1433,2189]
[0,590,1332,2189]
[0,580,926,1332,2189]
[0,243,580,926,1147,1332,1758,2044,2189]
[0,590,926,1227,1433,1681,2189]
[0,243,590,926,1433,2044,2189]
[0,580,2189]
[0,243,590,734,926,1227,1433,2044,2189]
[0,1433,2189]
[0,475,590,926,1433,1681,2044,2189]
[0,243,590,926,1227,1433,1681,2189]
[0,590,926,1433,1942,2189]
[0,580,926,1227,1433,2044,2189]
[0,475,580,926,1147,1332,1758,2044,2189]
[0,580,926,1147,1433,1681,1758,2044,2189]
[0,475,590,926,1433,2044,2189]
[0,580,955,2189]
[0,580,1439,2189]
[0,243,475,590,734,926,1227,1433,2044,2189]
[0,243,475,580,926,1147,1332,1681,1758,2044,2189]
[0,590,926,2189]
[0,580,926,1147,1433,2189]
[0,580,926,2189]
[0,580,926,1147,1433,1681,2044,2189]
[0,590,926,1332,2189]
[0,580,926,1439,1681,2189]
[0,243,590,926,1227,1433,2189]
[0,1268,2189]
[0,590,734,926,1227,1433,2044,2189]
[0,580,734,926,1227,1433,1681,2044,2189]
[0,580,926,1147,1332,1758,2189]
[0,243,475,590,926,1433,1681,2044,2189]
