[0,217,282,444,732,822,1046]
[0,217,444,732,822,1046]
[0,217,282,353,444,516,732,822,946,1046]
[0,63,217,282,353,516,732,822,1046]
[0,118,530,822,1046]
[0,217,444,822,1046]
[0,217,282,353,444,530,732,822,946,1046]
[0,217,282,353,516,732,822,946,1046]
[0,63,217,282,353,444,530,732,822,946,1046]
[0,217,353,444,516,732,822,946,1046]
[0,217,353,516,1046]
[0,217,353,444,530,732,822,946,1046]
[0,217,353,516,732,822,1046]
[0,118,367,530,732,822,946,1046]
[0,217,282,444,822,946,1046]
[0,444,822,1046]
[0,118,367,530,732,1046]
[0,217,282,367,530,732,822,1046]
[0,217,530,822,946,1046]
[0,118,367,530,732,822,1046]
[0,367,530,732,1046]
[0,516,732,822,1046]
[0,217,530,1046]
[0,217,353,444,822,1046]
[0,217,353,822,946,1046]
[0,217,282,367,530,822,946,1046]
[0,217,367,530,822,1046]
[0,217,444,822,946,1046]
[0,118,530,1046]
[0,367,530,822,1046]
[0,530,732,1046]
[0,530,822,1046]
[0,217,530,822,1046]
[0,217,530,732,1046]
[0,217,530,732,822,1046]
[0,217,282,444,822,1046]
[0,63,217,516,732,822,946,1046]
[0,63,217,282,353,444,732,822,1046]
[0,217,282,353,444,732,822,946,1046]
[0,217,516,732,1046]
[0,516,732,1046]
[0,63,217,282,353,444,732,822,946,1046]
[0,217,353,444,732,822,1046]
[0,444,1046]
[0,282,516,1046]
[0,217,282,516,1046]
[0,217,367,530,732,822,1046]
[0,217,353,822,1046]
[0,118,367,530,822,946,1046]
[0,217,282,353,516,732,822,1046]
[0,217,516,822,1046]
[0,516,822,1046]
[0,217,530,732,822,946,1046]
[0,118,282,367,530,732,822,1046]
[0,822,1046]
[0,217,282,353,516,1046]
[0,516,1046]
[0,217,367,530,732,822,946,1046]
[0,217,353,444,822,946,1046]
[0,118,530,732,822,946,1046]
[0,217,353,516,732,1046]
[0,217,353,516,822,1046]
[0,732,822,1046]
[0,118,282,367,530,732,822,946,1046]
[0,118,530,732,822,1046]
[0,217,353,444,732,822,946,1046]
[0,63,217,282,353,444,516,732,822,946,1046]
[0,217,282,353,516,822,1046]
[0,118,367,530,822,1046]
[0,217,282,444,1046]
[0,217,282,367,530,1046]
[0,530,732,822,1046]
[0,217,367,530,822,946,1046]
[0,217,444,1046]
[0,217,367,530,732,1046]
[0,217,282,353,444,732,822,1046]
[0,217,367,530,1046]
[0,282,516,822,1046]
[0,217,282,353,516,822,946,1046]
[0,217,282,530,1046]
[0,217,822,946,1046]
[0,217,516,732,822,1046]
[0,217,282,516,732,822,1046]
[0,118,530,822,946,1046]
[0,217,353,516,822,946,1046]
[0,217,353,516,732,822,946,1046]
[0,217,444,516,732,822,946,1046]
[0,217,282,367,530,822,1046]
[0,217,444,530,732,822,946,1046]
[0,367,530,1046]
[0,217,282,367,530,732,822,946,1046]
[0,217,822,1046]
[0,217,516,822,946,1046]
[0,217,516,1046]
[0,118,217,282,367,530,732,822,946,1046]
[0,63,217,282,353,516,732,822,946,1046]
[0,217,444,732,822,946,1046]
[0,217,282,530,732,822,1046]
[0,63,217,516,732,822,1046]
[0,530,1046]
[0,118,530,732,1046]
[0,217,516,732,822,946,1046]
