[0,107,1004,1123,1197]
[0,107,166,948,1004,1123,1197]
[0,107,166,240,283,1004,1144,1197]
[0,166,555,1004,1123,1197]
[0,166,283,1004,1197]
[0,107,166,555,1004,1123,1197]
[0,107,166,1004,1123,1197]
[0,113,1004,1123,1197]
[0,107,166,283,948,1004,1123,1197]
[0,107,166,240,283,948,1004,1144,1197]
[0,113,276,1004,1123,1197]
[0,113,1004,1197]
[0,107,1004,1144,1197]
[0,555,1004,1197]
[0,166,283,1004,1123,1197]
[0,1004,1123,1197]
[0,107,166,555,948,1004,1123,1197]
[0,166,1004,1197]
[0,107,166,283,1004,1197]
[0,107,1197]
[0,107,166,1197]
[0,107,166,1004,1197]
[0,107,166,948,1004,1144,1197]
[0,113,276,1004,1197]
[0,107,166,283,948,1004,1144,1197]
[0,107,166,948,1004,1197]
[0,107,166,283,1004,1123,1197]
[0,107,166,240,283,1004,1123,1197]
[0,107,166,1004,1144,1197]
[0,276,1004,1197]
[0,166,1004,1123,1197]
[0,107,166,283,948,1004,1197]
[0,276,1197]
[0,107,1004,1197]
[0,166,555,1004,1197]
[0,1004,1144,1197]
[0,1004,1197]
[0,107,166,240,283,948,1004,1123,1197]
[0,555,1197]
[0,107,166,283,1004,1144,1197]
