[0,866,1046]
[0,748,866,1046]
[0,244,866,1046]
[0,143,244,406,748,866,1046]
[0,309,748,1046]
[0,500,588,748,866,1046]
[0,143,244,500,588,748,866,1046]
[0,406,1046]
[0,309,1046]
[0,732,866,1046]
[0,143,500,588,748,866,1046]
[0,815,1046]
[0,143,244,406,748,815,866,1046]
[0,588,748,866,1046]
[0,143,244,588,748,866,1046]
[0,588,1046]
[0,143,244,406,588,748,866,1046]
[0,143,588,748,866,1046]
[0,406,866,1046]
[0,143,244,748,866,1046]
[0,244,406,748,866,1046]
[0,143,748,866,1046]
[0,244,406,866,1046]
[0,143,588,866,1046]
[0,406,588,1046]
[0,143,244,406,588,748,815,866,1046]
[0,244,1046]
[0,406,588,866,1046]
[0,244,406,588,748,866,1046]
[0,406,588,748,866,1046]
[0,244,406,588,866,1046]
[0,748,1046]
[0,143,866,1046]
[0,406,748,866,1046]
[0,588,866,1046]
