[0,348,1150,1375,1697,1819,2120]
[0,948,1332,2120]
[0,348,1564,2120]
[0,348,989,1564,2120]
[0,1150,1697,1819,2120]
[0,348,1564,1759,2120]
[0,809,989,1150,1564,1819,2120]
[0,181,1150,1375,1564,1819,2120]
[0,809,1150,1819,2120]
[0,989,2120]
[0,348,1150,1564,1759,2120]
[0,989,1375,2120]
[0,989,1564,2120]
[0,348,1150,1375,1564,1819,2120]
[0,181,809,989,1564,1819,2120]
[0,809,1564,2120]
[0,1564,1759,2120]
[0,348,989,1564,1759,2120]
[0,348,1150,1375,1564,1699,1819,2120]
[0,348,989,1150,1375,1564,1759,2120]
[0,809,1564,1819,2120]
[0,348,809,1564,2120]
[0,989,1375,1564,2120]
[0,809,1150,1564,1819,2120]
[0,348,989,1375,1564,1759,2120]
[0,1150,1375,1564,1759,2120]
[0,989,1150,1375,1564,1759,2120]
[0,1150,1375,1564,2120]
[0,948,2120]
[0,181,809,1564,1819,2120]
[0,1375,2120]
[0,809,2120]
[0,1564,2120]
[0,348,1150,1819,2120]
[0,1150,1564,1759,2120]
[0,809,1150,2120]
[0,1375,1564,2120]
[0,348,976,1150,1375,1564,1699,1819,2120]
[0,348,809,2120]
[0,348,1150,1564,1819,2120]
[0,348,989,1375,1699,2120]
[0,976,2120]
[0,1564,1819,2120]
[0,181,809,989,1150,1375,1564,1819,2120]
[0,348,1150,1375,1564,2120]
[0,348,1150,2120]
[0,348,1150,1375,1819,2120]
[0,348,1150,1697,1819,2120]
[0,809,989,1150,1375,1564,1819,2120]
[0,348,809,1150,1375,1564,1819,2120]
[0,809,989,1564,1819,2120]
[0,348,809,1564,1819,2120]
[0,348,976,1150,1375,1564,1819,2120]
[0,348,1150,1375,1564,1759,2120]
[0,1150,1564,2120]
[0,1697,2120]
[0,1150,1819,2120]
[0,809,1150,1375,1564,1819,2120]
[0,989,1150,1375,1564,2120]
[0,1150,1375,1564,1819,2120]
[0,348,809,1150,2120]
[0,181,809,989,1150,1564,1819,2120]
[0,989,1150,1375,1564,1819,2120]
[0,348,1150,1564,2120]
[0,348,809,1150,1564,1819,2120]
[0,348,809,989,1150,1375,1564,1819,2120]
[0,348,989,1375,2120]
[0,1150,1564,1819,2120]
[0,181,809,1150,1375,1564,1819,2120]
[0,348,809,1150,1819,2120]
[0,1150,2120]
[0,1697,1819,2120]
