[0,541,898,1134,1380,1642]
[0,489,898,1134,1642]
[0,1134,1642]
[0,224,541,898,1134,1231,1642]
[0,823,1134,1380,1642]
[0,1134,1231,1380,1553,1642]
[0,898,1134,1380,1642]
[0,829,1134,1553,1642]
[0,346,541,898,1134,1642]
[0,224,489,898,1134,1380,1642]
[0,829,1147,1553,1642]
[0,346,541,898,1134,1231,1642]
[0,489,823,1134,1642]
[0,346,489,898,1134,1231,1380,1553,1642]
[0,489,823,1134,1231,1380,1553,1642]
[0,1134,1380,1642]
[0,145,224,541,898,1134,1231,1380,1553,1642]
[0,823,1642]
[0,823,1134,1553,1642]
[0,829,1134,1231,1642]
[0,898,1134,1553,1642]
[0,224,541,898,1134,1380,1642]
[0,823,1134,1231,1380,1553,1642]
[0,346,489,1642]
[0,898,1134,1231,1380,1642]
[0,1134,1553,1642]
[0,829,1642]
[0,346,489,898,1134,1231,1380,1642]
[0,346,541,829,1134,1642]
[0,823,1134,1642]
[0,829,1134,1231,1380,1642]
[0,224,489,898,1134,1231,1642]
[0,541,829,1134,1231,1380,1642]
[0,224,489,898,1134,1642]
[0,1134,1231,1380,1642]
[0,224,489,898,1134,1231,1380,1553,1642]
[0,346,489,823,1134,1231,1642]
[0,823,1134,1231,1642]
[0,224,489,898,1134,1231,1380,1642]
[0,898,1134,1231,1553,1642]
[0,489,898,1642]
[0,1134,1231,1642]
[0,823,1134,1231,1380,1642]
[0,346,489,823,1134,1231,1380,1642]
[0,224,541,898,1134,1231,1380,1553,1642]
[0,541,829,1134,1642]
[0,829,1134,1231,1553,1642]
[0,489,823,1642]
[0,1231,1642]
[0,541,898,1642]
[0,541,898,1134,1231,1380,1642]
[0,346,1642]
[0,1147,1642]
[0,346,541,829,1134,1380,1642]
[0,489,898,1380,1642]
[0,541,898,1134,1642]
[0,489,898,1134,1380,1642]
[0,829,1134,1231,1380,1553,1642]
[0,224,541,898,1134,1231,1380,1642]
[0,346,489,823,1642]
[0,1134,1231,1553,1642]
[0,346,489,898,1134,1231,1642]
[0,898,1642]
[0,898,1134,1231,1380,1553,1642]
[0,145,224,489,898,1134,1231,1380,1553,1642]
[0,1147,1553,1642]
[0,541,898,1380,1642]
[0,346,489,823,1134,1231,1380,1553,1642]
[0,346,541,898,1134,1380,1642]
[0,489,823,1134,1231,1642]
[0,541,829,1134,1231,1642]
[0,541,898,1134,1231,1380,1553,1642]
[0,346,541,829,1134,1231,1380,1553,1642]
[0,489,823,1134,1380,1642]
[0,224,541,898,1134,1642]
[0,489,898,1134,1231,1380,1553,1642]
[0,829,1134,1642]
[0,346,489,898,1134,1380,1642]
[0,346,541,829,1134,1231,1380,1642]
[0,1553,1642]
[0,541,898,1134,1231,1642]
[0,898,1134,1231,1642]
[0,541,829,1134,1380,1642]
[0,489,898,1134,1231,1642]
[0,898,1134,1642]
[0,829,1147,1642]
[0,829,1134,1380,1642]
[0,346,489,898,1134,1642]
[0,346,489,823,1134,1642]
[0,346,541,898,1134,1231,1380,1553,1642]
[0,489,898,1134,1231,1380,1642]
[0,489,823,1134,1231,1380,1642]
[0,346,541,829,1134,1231,1642]
[0,541,829,1134,1231,1380,1553,1642]
[0,346,541,898,1134,1231,1380,1642]
[0,346,489,823,1134,1380,1642]
[0,898,1380,1642]
