[0,617,1052,1591,1782,2426,2554]
[0,409,1052,1591,1782,2554]
[0,617,702,1052,1591,1782,2426,2554]
[0,409,702,1052,1782,2554]
[0,617,1052,1782,2554]
[0,702,1782,2554]
[0,1052,1782,2554]
[0,1052,1894,2554]
[0,409,702,1052,1591,1782,1894,2426,2554]
[0,617,702,1052,1894,2554]
[0,764,2554]
[0,702,1591,1782,2426,2554]
[0,409,702,1052,1591,1782,2554]
[0,409,617,702,1052,1591,1782,2554]
[0,764,1980,2554]
[0,617,1052,1591,1782,2554]
[0,503,1052,1980,2554]
[0,508,1052,1970,2554]
[0,617,702,1052,1591,1782,2554]
[0,556,1052,1970,2554]
[0,409,1052,1727,2554]
[0,409,1052,1980,2554]
[0,409,1052,1782,2554]
[0,617,702,1591,1782,2426,2554]
[0,508,764,1970,2554]
[0,409,1052,1894,2554]
[0,409,1052,1591,1782,2426,2554]
[0,409,617,702,1052,1591,1782,1894,2554]
[0,714,1980,2554]
[0,503,1052,2554]
[0,556,764,1970,2426,2554]
[0,1052,2554]
[0,550,1052,2554]
[0,556,764,1052,1970,2554]
[0,409,702,1052,1591,1782,1894,2554]
[0,617,1052,1894,2554]
[0,1591,1782,2554]
[0,556,764,1970,2554]
[0,409,1052,2554]
[0,550,1052,1727,2554]
[0,550,1052,1782,2554]
[0,508,764,2554]
[0,617,702,1591,1782,2554]
[0,409,617,702,1052,1591,1782,2426,2554]
[0,1052,1591,1782,2426,2554]
[0,714,2554]
[0,503,714,1052,1980,2554]
[0,1052,1970,2554]
[0,1782,2554]
[0,409,702,1052,1591,1782,2426,2554]
[0,409,1052,1591,1782,1894,2426,2554]
[0,556,764,2554]
[0,764,1970,2554]
[0,503,714,2554]
[0,556,764,1052,1970,2426,2554]
[0,556,1052,1980,2554]
[0,508,764,1052,1970,2554]
[0,508,1052,2554]
[0,702,1591,1782,2554]
[0,556,764,1980,2554]
[0,409,617,702,1052,1591,1782,1894,2426,2554]
[0,503,714,1980,2554]
[0,556,764,1052,1980,2554]
[0,556,1052,2554]
[0,1591,1782,2426,2554]
[0,1052,1591,1782,2554]
[0,1052,1727,2554]
[0,1052,1980,2554]
