[0,63,268,841,1150,1567,1690,1930,2118,2211]
[0,63,841,1150,1690,1930,2118,2211]
[0,961,1150,1930,2211]
[0,63,961,1150,2211]
[0,781,1665,1930,2211]
[0,841,1150,1690,1930,2211]
[0,63,841,1150,1567,1690,1930,2118,2211]
[0,107,1665,1930,2211]
[0,268,841,1150,1690,1912,2118,2211]
[0,63,268,523,961,1150,1567,1690,1930,2118,2211]
[0,268,841,1150,1930,2211]
[0,841,1150,1665,1930,2211]
[0,268,961,1150,2118,2211]
[0,268,523,961,1150,1690,1930,2211]
[0,268,523,961,1150,1567,1690,1930,2211]
[0,63,841,1150,1930,2211]
[0,523,961,1150,1690,1930,2118,2211]
[0,268,961,1930,2211]
[0,781,1665,2211]
[0,841,1690,1930,2211]
[0,268,1690,2211]
[0,107,781,1665,1930,2211]
[0,63,841,1690,1930,2211]
[0,268,961,1150,1690,1930,2118,2211]
[0,1665,1930,2211]
[0,268,841,1024,1690,1912,2118,2211]
[0,961,1690,1930,2211]
[0,961,1150,1690,1930,2211]
[0,1690,2211]
[0,63,961,1150,1690,1930,2118,2211]
[0,268,523,841,1150,2211]
[0,268,961,1150,1930,2118,2211]
[0,841,1024,1690,1912,2211]
[0,107,841,1665,1930,2211]
[0,268,841,1150,1690,1912,2211]
[0,268,841,1690,1930,2118,2211]
[0,63,841,1690,1912,2118,2211]
[0,107,841,1690,2211]
[0,63,268,523,841,1024,1690,1912,2118,2211]
[0,1150,2211]
[0,841,1150,1567,1690,1930,2118,2211]
[0,63,961,2211]
[0,63,961,1150,1930,2118,2211]
[0,63,841,1690,1930,2118,2211]
[0,1665,2211]
[0,523,961,1150,1690,1930,2211]
[0,63,1690,1912,2211]
[0,268,961,1690,2211]
[0,268,523,841,1150,1690,1930,2211]
[0,63,523,961,1150,1690,1930,2118,2211]
[0,268,523,841,1150,1912,2211]
[0,961,1690,2211]
[0,107,841,1665,2211]
[0,961,1150,2118,2211]
[0,1690,1930,2211]
[0,63,841,1150,1690,1930,2211]
[0,268,841,1150,1912,2211]
[0,268,523,841,1690,2211]
[0,841,1665,1930,2211]
[0,961,1930,2211]
[0,268,523,2211]
[0,107,1930,2211]
[0,268,961,2211]
[0,268,841,1690,1912,2211]
[0,841,1024,1690,1912,2118,2211]
[0,63,841,1150,1567,1690,1930,2211]
[0,268,523,961,1150,1567,1690,1930,2118,2211]
[0,63,841,1690,1912,2211]
[0,268,841,1024,1690,1912,2211]
[0,268,523,841,1024,1690,1912,2118,2211]
[0,1912,2211]
[0,268,841,1150,1690,1930,2118,2211]
[0,63,1912,2211]
[0,63,2211]
[0,268,961,1150,1690,1930,2211]
[0,961,2211]
[0,63,841,1690,2211]
[0,268,523,841,1024,1690,1912,2211]
[0,63,841,1024,1690,1912,2118,2211]
[0,268,523,961,1690,1930,2211]
[0,268,841,1690,2211]
[0,63,268,841,1150,1690,1912,2118,2211]
[0,268,841,1690,1912,2118,2211]
[0,1150,1930,2211]
[0,107,841,2211]
[0,841,1690,2211]
[0,841,1150,1690,1912,2211]
[0,523,961,1690,1930,2211]
[0,268,523,841,1150,1567,1690,1930,2211]
[0,63,841,1150,2211]
[0,268,523,841,1150,1690,1912,2211]
[0,841,1690,1912,2211]
[0,961,1150,1690,1930,2118,2211]
[0,268,841,1150,1690,1930,2211]
[0,63,268,523,841,1150,1567,1690,1930,2118,2211]
[0,268,841,1150,2211]
[0,63,961,1150,2118,2211]
[0,268,841,1150,1567,1690,1930,2211]
[0,1690,1912,2211]
[0,841,1150,1930,2211]
[0,757,1690,2211]
[0,757,2211]
[0,268,961,1150,2211]
[0,63,841,1150,1665,1930,2211]
[0,1690,1930,2118,2211]
[0,63,268,841,1024,1690,1912,2118,2211]
[0,841,1690,1930,2118,2211]
[0,841,1665,2211]
[0,961,1150,2211]
[0,268,523,841,1150,1567,1690,1930,2118,2211]
[0,268,523,961,1150,1690,1930,2118,2211]
[0,781,2211]
[0,268,523,961,1690,2211]
[0,268,2211]
[0,841,1150,1912,2211]
[0,107,2211]
[0,63,268,523,961,1150,1690,1930,2118,2211]
[0,268,523,1690,1930,2211]
[0,961,1150,1930,2118,2211]
[0,841,1150,1690,1912,2118,2211]
[0,841,1690,1912,2118,2211]
[0,268,523,841,1150,1690,1912,2118,2211]
[0,268,841,2211]
[0,268,961,1690,1930,2211]
[0,523,961,1690,2211]
[0,268,523,841,1150,1930,2211]
[0,268,841,1150,1567,1690,1930,2118,2211]
[0,841,1150,1690,1930,2118,2211]
[0,63,268,523,841,1150,1690,1912,2118,2211]
[0,841,1150,1567,1690,1930,2211]
[0,841,2211]
[0,268,841,1690,1930,2211]
[0,268,523,841,1690,1912,2211]
[0,63,841,2211]
[0,1690,1912,2118,2211]
[0,268,961,1150,1930,2211]
[0,63,841,1150,1690,1912,2118,2211]
[0,268,523,1690,2211]
[0,1930,2211]
[0,841,1150,2211]
