[0,831,1423,1899,2759]
[0,1605,2404,2759]
[0,1282,1899,2759]
[0,591,977,1814,2759]
[0,1328,1899,2759]
[0,222,646,968,1282,1899,2404,2759]
[0,1292,1899,2404,2759]
[0,977,1899,2404,2759]
[0,591,977,1814,2404,2759]
[0,621,1423,2404,2759]
[0,861,1423,2404,2759]
[0,339,646,1423,1899,2404,2759]
[0,1899,2759]
[0,844,977,1899,2404,2759]
[0,339,621,861,977,1423,1605,1895,2404,2759]
[0,851,2759]
[0,646,1292,1899,2759]
[0,646,1423,1899,2759]
[0,646,1292,2759]
[0,621,977,1423,1895,2759]
[0,861,2404,2759]
[0,1423,1899,2404,2759]
[0,646,977,1899,2404,2759]
[0,339,831,1423,1899,2404,2759]
[0,2361,2759]
[0,339,646,977,1292,1899,2404,2759]
[0,621,1423,1895,2404,2759]
[0,831,2759]
[0,339,621,977,1423,1895,2404,2759]
[0,1328,1899,2404,2759]
[0,646,1899,2759]
[0,339,977,1899,2404,2759]
[0,339,646,1292,1899,2404,2759]
[0,339,621,1423,1895,2404,2759]
[0,339,646,977,1899,2404,2759]
[0,339,844,977,1899,2404,2759]
[0,621,977,1423,1895,2404,2759]
[0,851,2361,2759]
[0,1605,2759]
[0,646,968,1282,1899,2404,2759]
[0,591,977,2759]
[0,977,1814,2404,2759]
[0,621,2759]
[0,646,1292,1899,2404,2759]
[0,339,621,1423,1605,1895,2404,2759]
[0,1292,2759]
[0,861,1423,2759]
[0,646,1282,1899,2404,2759]
[0,646,1328,2759]
[0,646,1282,2759]
[0,339,1899,2404,2759]
[0,1895,2404,2759]
[0,646,977,1292,1899,2404,2759]
[0,339,646,968,1423,1899,2404,2759]
[0,1895,2759]
[0,646,968,1423,1899,2404,2759]
[0,621,2404,2759]
[0,977,2759]
[0,339,861,1423,1895,2404,2759]
[0,1423,1895,2404,2759]
[0,977,1814,2759]
[0,1292,1899,2759]
[0,646,1423,1899,2404,2759]
[0,621,1423,1895,2759]
[0,977,1899,2759]
[0,831,1423,1899,2404,2759]
[0,861,1423,1895,2759]
[0,861,1895,2759]
[0,646,2759]
[0,1423,2759]
[0,1423,1895,2759]
[0,861,1423,1895,2404,2759]
[0,222,646,1282,1899,2404,2759]
[0,646,1282,1899,2759]
[0,1328,2759]
[0,339,646,844,977,1292,1899,2404,2759]
[0,1423,1899,2759]
[0,646,1328,1899,2759]
[0,1282,1899,2404,2759]
[0,831,1423,2759]
[0,339,621,977,1423,1605,1895,2404,2759]
[0,339,646,844,977,1899,2404,2759]
[0,2404,2759]
[0,1899,2404,2759]
[0,339,646,1328,1899,2404,2759]
[0,646,1328,1899,2404,2759]
[0,1814,2759]
[0,1814,2404,2759]
[0,621,1423,2759]
[0,339,621,861,977,1423,1895,2404,2759]
[0,861,2759]
