[0,708,1083,1932,2824]
[0,167,2824]
[0,1083,1522,1700,2824]
[0,167,708,1256,1932,2476,2824]
[0,1256,2824]
[0,1083,1256,1932,2476,2824]
[0,2009,2824]
[0,1835,2824]
[0,505,1256,1687,1932,2646,2824]
[0,452,1083,1256,1522,1700,2476,2646,2824]
[0,452,1083,1522,1700,2476,2824]
[0,452,1687,2824]
[0,452,1256,1700,2824]
[0,1700,2476,2646,2824]
[0,452,1256,1700,2476,2824]
[0,1256,1687,1932,2646,2824]
[0,452,1083,1256,1700,2476,2824]
[0,167,1700,2824]
[0,1256,1687,2824]
[0,452,1256,1687,1932,2646,2824]
[0,167,2476,2646,2824]
[0,167,2646,2824]
[0,708,1083,1256,2824]
[0,167,708,1083,1256,1700,2824]
[0,167,1083,1256,1687,2824]
[0,167,1083,1256,1687,2476,2824]
[0,167,708,1083,1256,2824]
[0,708,1256,1700,2824]
[0,1083,1256,1835,2824]
[0,708,1932,2476,2824]
[0,167,452,1083,1256,1522,1700,2824]
[0,1687,2824]
[0,167,1256,1687,2476,2668,2824]
[0,452,1256,1687,1932,2824]
[0,1256,1687,2476,2824]
[0,167,1256,1687,2824]
[0,1083,1256,1522,1700,2824]
[0,1256,1700,2824]
[0,1083,1256,1687,2646,2824]
[0,452,1083,1522,1700,2824]
[0,1083,1256,1835,2476,2824]
[0,1256,1835,2476,2824]
[0,505,1083,1256,1687,1932,2646,2824]
[0,1083,1256,1687,2824]
[0,1522,1700,2476,2824]
[0,1700,2824]
[0,1256,1522,1700,2476,2824]
[0,1083,1256,1700,2476,2824]
[0,167,1256,1700,2476,2668,2824]
[0,167,1256,1700,2824]
[0,167,1256,1700,2476,2646,2824]
[0,1256,1700,2476,2646,2824]
[0,167,452,1083,1256,1522,1700,2476,2824]
[0,167,452,1083,1256,1687,2646,2824]
[0,1083,1522,1700,2476,2824]
[0,167,1083,1256,1700,2476,2668,2824]
[0,452,1083,1256,1700,2824]
[0,452,1083,1256,1687,2824]
[0,167,1256,1932,2476,2824]
[0,167,452,1083,1256,1700,2476,2668,2824]
[0,167,452,1083,1256,1522,1700,2476,2668,2824]
[0,167,452,1083,1256,1687,2824]
[0,167,1256,2824]
[0,1083,1256,1687,2476,2824]
[0,1083,2824]
[0,708,1700,2824]
[0,1083,1256,1522,1700,2476,2824]
[0,167,1083,1256,2824]
[0,1522,1700,2824]
[0,452,1256,1687,2646,2824]
[0,167,452,1083,1256,1687,1932,2646,2824]
[0,1700,2476,2824]
[0,1083,1256,1687,1932,2646,2824]
[0,167,452,1083,1256,1522,1700,2476,2646,2824]
[0,1256,1932,2476,2824]
[0,1932,2824]
[0,708,1083,2476,2824]
[0,708,1256,1932,2476,2824]
[0,1256,1835,2824]
[0,167,1256,1932,2824]
[0,452,1083,1700,2476,2824]
[0,167,1687,2824]
[0,452,1256,1687,2476,2824]
[0,452,1083,1256,1522,1700,2824]
[0,505,1687,2824]
[0,167,1083,1256,1687,2646,2824]
[0,1083,1700,2824]
[0,167,1083,1256,1700,2476,2824]
[0,1083,1256,1932,2824]
[0,1083,1256,1700,2476,2646,2824]
[0,708,1083,1256,1700,2824]
[0,452,1700,2476,2824]
[0,708,1083,2824]
[0,167,1083,1256,1687,2476,2668,2824]
[0,708,2824]
[0,708,1083,1256,1700,2476,2824]
[0,452,1700,2824]
[0,708,1083,1256,1932,2476,2824]
[0,167,1700,2476,2646,2824]
[0,167,452,1083,1256,1687,2476,2668,2824]
[0,452,1083,1256,1700,2476,2646,2824]
[0,452,1083,1256,1687,2646,2824]
[0,167,505,1083,1256,1687,1932,2646,2824]
[0,167,708,1083,1256,1700,2476,2824]
[0,167,1083,1256,1687,1932,2646,2824]
[0,452,1083,1700,2824]
[0,1256,1687,2646,2824]
[0,167,1083,1256,1700,2824]
[0,167,708,1932,2476,2824]
[0,167,452,1083,1256,1700,2476,2824]
[0,204,1256,1835,2476,2824]
[0,1083,1256,1522,1700,2476,2646,2824]
[0,167,1256,1687,2476,2824]
[0,452,1083,1256,1687,1932,2646,2824]
[0,167,1083,1256,1700,2476,2646,2824]
[0,708,1932,2824]
[0,1083,1256,1700,2824]
[0,167,452,1083,1256,1700,2476,2646,2824]
[0,1256,1700,2476,2824]
[0,1352,2824]
[0,708,1256,1700,2476,2824]
[0,2646,2824]
[0,452,1083,1256,1687,2476,2824]
[0,167,452,1083,1256,1687,2476,2824]
[0,167,708,1932,2824]
[0,1083,1932,2824]
[0,167,1256,1700,2476,2824]
[0,167,708,1083,1256,1932,2476,2824]
[0,505,1256,1687,1932,2824]
[0,167,708,1083,1256,1932,2824]
[0,708,1083,1932,2476,2824]
[0,204,1083,1256,1835,2476,2824]
[0,1256,1687,1932,2824]
[0,2476,2646,2824]
[0,708,1083,1256,1932,2824]
[0,167,452,1083,1256,1700,2824]
[0,167,708,2824]
[0,708,1256,1932,2824]
[0,1083,1256,2824]
[0,204,1256,1835,2824]
[0,260,1352,2824]
[0,1256,1522,1700,2824]
[0,1083,1700,2476,2824]
[0,1932,2476,2824]
[0,452,1083,1256,1522,1700,2476,2824]
[0,1256,1932,2824]
[0,260,1256,1700,2476,2824]
[0,1256,2009,2824]
[0,505,1256,1687,2824]
[0,452,1256,1687,2824]
