[0,276,605,908,1241,1562,1810]
[0,276,605,908,1241,1430,1810]
[0,350,605,908,1241,1562,1810]
[0,605,908,1810]
[0,276,605,908,1241,1430,1562,1730,1810]
[0,490,605,908,1241,1810]
[0,276,605,908,1241,1430,1562,1810]
[0,276,605,698,908,1241,1430,1562,1730,1810]
[0,605,908,1348,1810]
[0,605,908,1241,1730,1810]
[0,490,908,1810]
[0,350,605,908,1348,1810]
[0,1730,1810]
[0,450,605,908,1241,1562,1730,1810]
[0,450,605,908,1241,1730,1810]
[0,450,605,908,1241,1430,1562,1810]
[0,276,605,698,908,1241,1430,1810]
[0,605,1810]
[0,490,605,908,1241,1730,1810]
[0,350,605,908,1241,1562,1730,1810]
[0,276,605,908,1241,1562,1730,1810]
[0,276,605,698,908,1241,1430,1562,1810]
[0,450,605,908,1241,1810]
[0,605,908,1348,1563,1810]
[0,605,908,1730,1810]
[0,908,1241,1810]
[0,1241,1810]
[0,450,605,908,1241,1562,1810]
[0,1562,1810]
[0,490,908,1562,1810]
[0,908,1562,1810]
[0,605,908,1241,1810]
[0,605,1730,1810]
[0,908,1810]
[0,350,605,977,1810]
[0,605,908,1241,1430,1810]
[0,350,605,1810]
[0,605,908,1241,1562,1810]
[0,276,605,908,1241,1810]
[0,605,977,1810]
[0,450,605,908,1241,1430,1810]
[0,605,908,1241,1430,1562,1810]
[0,350,605,908,1241,1730,1810]
[0,276,605,908,1241,1730,1810]
[0,1348,1810]
[0,605,908,1241,1430,1562,1730,1810]
[0,276,605,698,908,1241,1810]
[0,350,605,908,1241,1810]
[0,276,605,698,908,1241,1730,1810]
[0,450,605,908,1241,1430,1562,1730,1810]
[0,605,908,1241,1562,1730,1810]
[0,908,1348,1810]
[0,350,605,908,1348,1563,1810]
