[0,270,411,781,1046]
[0,196,271,411,634,839,1046]
[0,196,271,411,472,532,781,1046]
[0,270,411,512,1046]
[0,196,271,411,839,938,1046]
[0,196,271,411,472,781,938,1046]
[0,196,271,411,472,532,781,839,938,1046]
[0,196,271,411,472,532,634,839,938,1046]
[0,196,271,411,938,1046]
[0,270,411,472,532,634,1046]
[0,196,411,938,1046]
[0,65,196,271,411,472,634,1046]
[0,196,271,411,781,938,1046]
[0,196,271,411,472,839,938,1046]
[0,65,196,271,411,634,1046]
[0,196,411,634,1046]
[0,196,271,411,472,532,634,839,1046]
[0,196,781,1046]
[0,196,271,411,781,1046]
[0,196,271,411,472,532,781,938,1046]
[0,196,411,781,938,1046]
[0,411,472,532,634,1046]
[0,65,196,271,411,472,532,634,1046]
[0,196,411,634,839,938,1046]
[0,196,271,411,472,781,839,938,1046]
[0,196,411,472,781,1046]
[0,196,271,411,472,532,634,1046]
[0,196,271,411,472,634,1046]
[0,196,271,781,1046]
[0,196,411,472,1046]
[0,411,634,1046]
[0,196,271,411,472,1046]
[0,196,271,411,472,781,1046]
[0,196,472,781,1046]
[0,196,938,1046]
[0,65,196,271,411,472,532,634,781,839,938,1046]
[0,196,271,411,472,634,839,1046]
[0,270,411,472,634,1046]
[0,472,1046]
[0,196,271,411,472,532,634,781,839,938,1046]
[0,196,271,411,472,781,839,1046]
[0,411,512,1046]
[0,271,781,1046]
[0,411,472,1046]
[0,196,271,1046]
[0,270,411,512,781,1046]
[0,196,271,938,1046]
[0,196,271,411,472,634,839,938,1046]
[0,65,196,271,411,472,634,839,938,1046]
[0,196,411,472,781,839,1046]
[0,196,271,411,634,839,938,1046]
[0,196,271,411,634,1046]
[0,271,1046]
[0,411,472,634,1046]
[0,196,411,781,1046]
[0,196,271,411,472,938,1046]
[0,196,411,1046]
[0,65,196,271,411,472,532,634,839,938,1046]
[0,270,411,1046]
[0,196,1046]
[0,196,411,839,938,1046]
[0,411,634,839,1046]
[0,65,196,271,411,634,839,938,1046]
[0,411,1046]
[0,270,411,634,1046]
[0,196,271,411,1046]
[0,472,781,1046]
[0,781,1046]
[0,196,411,634,839,1046]
[0,411,781,1046]
