[0,120,768,1573,2315,3408,3593,4285]
[0,386,2130,3408,4285]
[0,808,2130,3009,4285]
[0,120,768,1573,2552,2819,3408,4285]
[0,120,2552,4285]
[0,120,768,2552,2819,4199,4285]
[0,386,808,2130,3408,4285]
[0,120,768,1573,3408,3593,4199,4285]
[0,120,768,3408,4285]
[0,120,2130,2690,4285]
[0,768,1573,2315,3408,3593,4285]
[0,1577,2130,3009,4285]
[0,808,2130,2690,3408,4285]
[0,120,2119,2690,3408,4199,4285]
[0,768,1573,2315,3408,4285]
[0,768,4199,4285]
[0,768,2315,4285]
[0,2669,4285]
[0,120,2119,4199,4285]
[0,839,2119,2718,4285]
[0,768,1573,3408,4285]
[0,2552,4285]
[0,120,2130,2690,3408,4285]
[0,386,2130,4285]
[0,2130,3408,3593,4199,4285]
[0,120,808,1577,2130,2690,3408,4285]
[0,2119,3408,4285]
[0,1573,3408,4285]
[0,120,386,808,2130,4285]
[0,120,808,1577,2130,3009,4199,4285]
[0,768,1573,2819,3408,4285]
[0,120,808,2130,3009,4199,4285]
[0,2130,2690,4285]
[0,2552,4199,4285]
[0,120,768,4199,4285]
[0,120,768,2315,4285]
[0,120,768,2552,2819,3408,4199,4285]
[0,808,2119,2690,3408,4285]
[0,120,2119,2690,3408,4285]
[0,120,808,2119,2690,3408,4199,4285]
[0,120,2119,3408,4285]
[0,120,768,3408,3593,4199,4285]
[0,4199,4285]
[0,120,2130,3009,4285]
[0,808,1577,2130,4285]
[0,808,2119,3408,4285]
[0,1577,2130,2690,3408,4285]
[0,768,2552,2819,3408,4285]
[0,2130,2585,3009,4285]
[0,120,768,1573,3408,3593,4285]
[0,120,808,2130,4285]
[0,386,808,2130,3408,3593,4199,4285]
[0,386,808,2130,4285]
[0,2130,2690,3408,4285]
[0,120,768,4285]
[0,802,4285]
[0,386,808,1577,2130,4285]
[0,3408,4285]
[0,808,2130,3408,4285]
[0,120,768,2552,2819,3408,4285]
[0,120,2119,2690,4199,4285]
[0,120,808,2119,2690,3408,4285]
[0,386,808,2130,3408,3593,4285]
[0,120,4199,4285]
[0,120,768,2552,4199,4285]
[0,1577,2130,2585,3009,4285]
[0,120,2119,4285]
[0,120,768,1573,2315,4199,4285]
[0,768,3408,4285]
[0,2130,3009,4285]
[0,120,2130,3408,4285]
[0,768,3408,3593,4285]
[0,2119,2690,3408,4285]
[0,768,2008,2669,4285]
[0,768,1573,2315,4285]
[0,2552,2819,4285]
[0,768,4285]
[0,120,808,1577,2130,4285]
[0,2119,4285]
[0,120,839,2119,4285]
[0,120,768,2552,4285]
[0,120,768,1573,2552,2819,3408,4199,4285]
[0,808,1577,2130,2585,3009,4285]
[0,120,808,1577,2130,2690,3408,4199,4285]
[0,768,3408,3593,4199,4285]
[0,120,386,808,1577,2130,4199,4285]
[0,2552,3408,4285]
[0,120,839,2119,2718,4285]
[0,120,2122,4199,4285]
[0,2130,3408,3593,4285]
[0,808,2130,4285]
[0,120,808,1577,2130,2585,3009,4285]
[0,120,2130,4199,4285]
[0,120,808,1577,2130,3009,4285]
[0,120,386,808,2130,4199,4285]
[0,120,2130,4285]
[0,839,2119,4285]
[0,120,386,808,2130,3408,3593,4285]
[0,2552,2819,3408,4285]
[0,768,3456,4285]
[0,2119,2690,4285]
[0,120,768,2552,2819,4285]
[0,2122,4199,4285]
[0,120,386,808,2130,3408,3593,4199,4285]
[0,3408,4199,4285]
[0,3408,3593,4199,4285]
[0,120,768,1573,2315,3408,3593,4199,4285]
[0,120,2119,2690,4285]
[0,120,2130,2690,4199,4285]
[0,120,808,1577,2130,2690,4199,4285]
[0,2119,4199,4285]
[0,1577,2130,4285]
[0,2315,4285]
[0,768,1573,3408,3593,4285]
[0,2119,2718,4285]
[0,2130,4285]
[0,2130,4199,4285]
[0,1573,4285]
[0,3408,3593,4285]
[0,808,1577,2130,3009,4285]
[0,120,2122,4285]
[0,120,4285]
[0,808,1577,2130,2690,4285]
[0,386,2130,3408,3593,4285]
[0,808,1577,2130,2690,3408,4285]
[0,120,808,2130,2690,4199,4285]
[0,768,2819,3408,4285]
[0,768,2669,4285]
[0,120,808,1577,2130,2690,4285]
[0,2130,3408,4285]
[0,120,808,2130,3009,4285]
[0,386,2130,4199,4285]
[0,3456,4285]
[0,120,2552,4199,4285]
[0,120,808,2130,2690,4285]
[0,386,2130,3408,3593,4199,4285]
[0,120,808,1577,2130,2585,3009,4199,4285]
[0,386,808,2130,4199,4285]
[0,768,1573,2552,2819,3408,4285]
[0,768,2552,4285]
[0,120,808,2130,2690,3408,4285]
[0,120,768,3408,3593,4285]
[0,768,2552,2819,4285]
[0,808,2130,2690,4285]
[0,120,768,2315,4199,4285]
[0,2122,4285]
[0,120,386,808,1577,2130,4285]
[0,120,2130,3009,4199,4285]
[0,120,768,1573,2315,4285]
