[0,706,1180]
[0,1060,1180]
[0,305,380,463,568,706,1054,1180]
[0,253,305,380,568,706,1180]
[0,380,568,706,1060,1180]
[0,253,305,380,463,568,706,1060,1136,1180]
[0,305,568,706,1054,1180]
[0,305,380,568,706,1060,1180]
[0,568,706,1060,1180]
[0,380,568,1180]
[0,305,380,568,706,1106,1180]
[0,463,568,706,1054,1180]
[0,360,568,1060,1180]
[0,380,568,706,1180]
[0,253,305,380,568,706,1054,1180]
[0,568,1054,1180]
[0,305,380,463,568,706,1060,1180]
[0,253,305,380,463,568,706,1054,1180]
[0,253,305,380,463,568,706,1180]
[0,305,380,463,568,706,1180]
[0,253,305,380,568,706,1054,1136,1180]
[0,305,380,463,568,706,1106,1180]
[0,305,463,568,706,1180]
[0,463,568,706,1060,1180]
[0,380,568,706,1060,1136,1180]
[0,305,380,568,706,1060,1136,1180]
[0,305,380,568,706,1054,1136,1180]
[0,305,568,706,1060,1180]
[0,253,305,380,568,706,1060,1180]
[0,568,706,1180]
[0,463,568,1054,1180]
[0,253,305,380,568,706,1060,1136,1180]
[0,305,463,568,706,1054,1180]
[0,463,568,706,1180]
[0,380,568,706,1054,1180]
[0,253,305,380,463,568,706,1060,1180]
[0,568,1180]
[0,568,1060,1180]
[0,253,305,380,463,568,706,1054,1136,1180]
[0,568,706,1054,1180]
[0,253,305,380,463,568,706,1106,1180]
[0,305,568,706,1180]
[0,305,706,1180]
[0,1054,1180]
[0,305,380,568,706,1054,1180]
[0,360,568,1180]
[0,305,380,568,706,1180]
[0,305,463,568,706,1060,1180]
[0,380,568,706,1054,1136,1180]
