[0,351,1327]
[0,68,165,434,614,823,1327]
[0,148,434,823,1284,1327]
[0,68,165,434,614,1327]
[0,434,823,1284,1327]
[0,68,165,434,614,823,1047,1164,1284,1327]
[0,434,614,1164,1327]
[0,434,1327]
[0,68,165,434,614,1164,1284,1327]
[0,165,434,614,823,1047,1164,1327]
[0,165,351,434,614,823,1047,1164,1327]
[0,68,165,434,614,1284,1327]
[0,165,434,614,823,1164,1327]
[0,434,784,1327]
[0,165,434,614,823,1047,1327]
[0,68,165,434,614,823,1047,1327]
[0,68,165,434,823,1047,1164,1284,1327]
[0,165,351,434,614,823,1047,1164,1284,1327]
[0,148,434,737,1284,1327]
[0,165,434,823,1047,1327]
[0,165,823,1327]
[0,165,434,614,1327]
[0,68,165,434,823,1164,1284,1327]
[0,434,614,1284,1327]
[0,165,823,1284,1327]
[0,148,434,1327]
[0,434,614,823,1047,1327]
[0,165,434,614,1164,1284,1327]
[0,148,434,823,1327]
[0,68,165,434,823,1164,1327]
[0,434,737,1327]
[0,360,1327]
[0,165,1284,1327]
[0,165,434,614,1284,1327]
[0,148,1327]
[0,68,165,434,614,1164,1327]
[0,68,165,434,823,1047,1327]
[0,351,784,1327]
[0,68,165,434,823,1327]
[0,148,434,737,1005,1284,1327]
[0,784,1327]
[0,434,614,823,1327]
[0,148,434,737,1005,1327]
[0,68,165,434,614,823,1164,1284,1327]
[0,68,165,434,614,823,1164,1327]
[0,68,165,434,614,823,1047,1164,1327]
[0,434,1284,1327]
[0,165,1327]
[0,165,434,614,823,1327]
[0,434,737,1005,1327]
[0,148,434,784,1327]
[0,823,1327]
[0,68,165,434,823,1284,1327]
[0,165,434,823,1164,1327]
[0,165,434,614,1164,1327]
[0,165,351,434,614,823,1047,1327]
[0,165,434,823,1047,1164,1327]
[0,165,434,614,823,1164,1284,1327]
[0,165,434,614,823,1047,1164,1284,1327]
[0,434,737,1284,1327]
[0,434,614,1164,1284,1327]
[0,165,434,823,1327]
[0,434,614,1327]
[0,165,434,614,823,1284,1327]
[0,434,823,1047,1327]
[0,68,165,434,823,1047,1164,1327]
[0,434,823,1327]
[0,148,434,737,1327]
[0,165,434,823,1284,1327]
