[0,151,1114,1886,2019]
[0,151,452,967,1165,1328,1611,2019]
[0,151,559,967,1165,1328,1611,2019]
[0,1114,1611,2019]
[0,1165,1886,2019]
[0,151,452,967,1165,1328,1611,1886,2019]
[0,967,1328,1611,2019]
[0,1328,1869,2019]
[0,1328,1517,2019]
[0,1328,2019]
[0,559,967,1165,1886,2019]
[0,635,1328,2019]
[0,273,967,1328,2019]
[0,1154,1693,2019]
[0,151,1154,1693,2019]
[0,967,1165,1328,1611,1886,2019]
[0,967,1165,1328,1517,2019]
[0,1869,2019]
[0,635,1114,2019]
[0,452,967,1328,2019]
[0,151,452,967,1165,1328,1517,1886,2019]
[0,559,1328,2019]
[0,273,1328,1517,2019]
[0,273,635,1328,2019]
[0,452,967,1328,1517,2019]
[0,273,1114,1869,2019]
[0,273,635,948,1328,1611,1869,2019]
[0,273,635,1328,1869,2019]
[0,967,1165,1886,2019]
[0,1328,1611,1869,2019]
[0,273,635,948,1328,1611,2019]
[0,151,559,967,1165,1611,1886,2019]
[0,273,1328,1611,2019]
[0,273,635,948,1114,2019]
[0,559,1154,2019]
[0,151,1114,2019]
[0,273,1328,2019]
[0,1886,2019]
[0,151,273,967,1165,1328,1517,1886,2019]
[0,273,948,1328,1611,1869,2019]
[0,1228,2019]
[0,967,1328,2019]
[0,273,1114,1611,2019]
[0,151,452,967,1165,1328,1517,2019]
[0,967,1165,1328,1611,2019]
[0,559,967,1165,1328,1611,1886,2019]
[0,1114,1869,2019]
[0,1328,1611,1886,2019]
[0,273,1328,1611,1869,2019]
[0,151,559,1114,1886,2019]
[0,151,559,2019]
[0,1328,1517,1886,2019]
[0,559,1114,2019]
[0,967,1165,1328,1517,1886,2019]
[0,151,273,1328,1517,1886,2019]
[0,452,967,1165,1328,1517,1886,2019]
[0,948,1328,2019]
[0,151,559,967,1165,1328,1611,1886,2019]
[0,1114,1886,2019]
[0,273,1114,2019]
[0,1165,1611,2019]
[0,151,273,967,1328,1517,1886,2019]
[0,273,635,1114,1869,2019]
[0,452,1328,2019]
[0,948,1328,1611,2019]
[0,635,2019]
[0,559,967,1165,1611,2019]
[0,559,1165,1611,2019]
[0,273,635,1114,1611,2019]
[0,151,273,948,1328,1611,1869,2019]
[0,635,948,1328,1611,2019]
[0,559,1154,1693,2019]
[0,151,273,1328,1517,2019]
[0,273,1328,1869,2019]
[0,635,948,1328,2019]
[0,151,559,967,1165,2019]
[0,1154,2019]
[0,273,967,1328,1517,2019]
[0,1165,2019]
[0,635,1114,1611,2019]
[0,273,967,1165,1328,1517,2019]
[0,1328,1611,2019]
[0,431,1154,1693,2019]
[0,273,635,948,1114,1869,2019]
[0,452,967,1165,1328,1517,2019]
[0,1114,2019]
[0,151,273,1328,1869,2019]
[0,151,559,1154,1693,2019]
[0,967,1328,1611,1886,2019]
[0,273,967,1328,1517,1886,2019]
[0,967,1165,1611,2019]
[0,151,559,967,1165,1611,2019]
[0,559,1165,2019]
[0,273,2019]
[0,1328,1886,2019]
[0,151,559,967,1165,1886,2019]
[0,273,635,2019]
[0,559,967,1328,2019]
[0,559,2019]
[0,273,948,1328,1611,2019]
[0,559,967,1165,1328,1611,2019]
[0,967,1165,2019]
[0,559,967,1165,2019]
[0,452,967,1165,1328,1611,2019]
[0,452,967,1328,1611,2019]
[0,273,635,1114,2019]
[0,151,559,1114,2019]
[0,273,1328,1517,1886,2019]
[0,967,1328,1517,1886,2019]
[0,452,967,1165,1328,1611,1886,2019]
[0,431,1154,2019]
[0,273,967,1165,1328,1517,1886,2019]
[0,151,273,1328,1611,1869,2019]
[0,967,1328,1517,2019]
[0,559,967,1328,1611,2019]
[0,948,1328,1611,1869,2019]
