[0,213,349,667,801,1295,1651]
[0,1295,1651]
[0,213,269,349,667,801,1171,1295,1651]
[0,213,269,349,1171,1295,1651]
[0,349,801,1171,1651]
[0,213,349,667,1171,1651]
[0,213,349,1171,1651]
[0,213,269,1171,1295,1651]
[0,269,667,801,1304,1651]
[0,213,801,1304,1651]
[0,213,1171,1304,1651]
[0,728,1295,1651]
[0,1171,1651]
[0,213,667,1171,1651]
[0,213,801,1295,1651]
[0,667,1651]
[0,667,801,1171,1304,1651]
[0,349,667,801,1651]
[0,213,667,801,1171,1304,1651]
[0,269,728,1651]
[0,349,667,801,1295,1651]
[0,667,1295,1651]
[0,269,497,728,1295,1651]
[0,213,667,801,1171,1295,1651]
[0,801,1171,1304,1651]
[0,349,1171,1295,1651]
[0,269,497,728,1651]
[0,667,801,1304,1651]
[0,213,1171,1295,1651]
[0,349,667,1171,1295,1651]
[0,801,1651]
[0,213,667,801,1651]
[0,213,667,1171,1295,1651]
[0,269,667,1295,1651]
[0,213,801,1651]
[0,213,349,667,1171,1295,1651]
[0,349,496,801,1171,1651]
[0,349,1171,1651]
[0,269,1295,1651]
[0,269,801,1304,1651]
[0,213,1171,1651]
[0,1171,1304,1651]
[0,801,1304,1651]
[0,728,1651]
[0,530,1651]
[0,213,1651]
[0,667,1171,1651]
[0,801,1295,1651]
[0,213,349,1171,1295,1651]
[0,213,269,349,667,1171,1295,1651]
[0,349,801,1651]
[0,349,801,1295,1651]
[0,349,1651]
[0,349,496,801,1651]
[0,213,349,801,1295,1651]
[0,349,667,801,1171,1295,1651]
[0,269,728,1295,1651]
[0,213,349,667,801,1171,1295,1651]
[0,213,667,801,1304,1651]
[0,213,667,801,1295,1651]
[0,1171,1295,1651]
[0,801,1171,1651]
[0,269,667,801,1171,1304,1651]
[0,213,667,1171,1304,1651]
[0,349,667,1171,1651]
[0,269,1651]
