[0,354,462,803,916,1651]
[0,354,462,518,803,916,1417,1578,1651]
[0,354,462,803,916,1417,1651]
[0,518,803,916,1417,1651]
[0,57,106,268,354,803,916,1417,1578,1651]
[0,803,1417,1578,1651]
[0,269,803,1651]
[0,57,106,268,354,462,518,803,916,1417,1578,1651]
[0,57,462,1651]
[0,1578,1651]
[0,269,803,1417,1578,1651]
[0,269,803,1417,1651]
[0,518,803,1417,1651]
[0,518,803,916,1417,1578,1651]
[0,803,916,1417,1651]
[0,268,803,1417,1651]
[0,803,916,1651]
[0,268,354,803,916,1651]
[0,462,1417,1651]
[0,57,106,268,803,916,1417,1578,1651]
[0,268,803,916,1417,1651]
[0,803,916,1417,1578,1651]
[0,268,354,803,916,1417,1578,1651]
[0,269,462,803,916,1417,1578,1651]
[0,57,268,354,803,916,1417,1578,1651]
[0,518,803,1651]
[0,57,268,354,462,803,916,1417,1578,1651]
[0,268,354,462,518,803,916,1417,1578,1651]
[0,57,269,462,803,916,1417,1578,1651]
[0,268,803,1651]
[0,354,803,916,1651]
[0,269,803,916,1417,1578,1651]
[0,57,269,803,1417,1578,1651]
[0,57,803,1417,1578,1651]
[0,354,803,1651]
[0,57,268,354,462,518,803,916,1417,1578,1651]
[0,354,462,803,916,1417,1578,1651]
[0,462,1417,1578,1651]
[0,57,269,462,518,803,916,1417,1578,1651]
[0,462,518,803,916,1417,1578,1651]
[0,354,803,1417,1651]
[0,354,803,916,1417,1651]
[0,268,354,803,916,1417,1651]
[0,462,1651]
[0,269,462,803,916,1417,1651]
[0,57,462,1417,1578,1651]
[0,268,354,462,803,916,1417,1651]
[0,269,462,518,803,916,1417,1578,1651]
[0,1417,1651]
[0,57,462,1417,1651]
[0,803,1651]
[0,57,106,803,916,1417,1578,1651]
[0,1417,1578,1651]
[0,354,803,916,1417,1578,1651]
[0,57,106,268,354,462,803,916,1417,1578,1651]
[0,268,354,462,803,916,1417,1578,1651]
[0,57,803,916,1417,1578,1651]
[0,268,803,916,1417,1578,1651]
[0,269,803,916,1417,1651]
[0,57,268,803,916,1417,1578,1651]
[0,269,462,803,1417,1651]
[0,57,269,803,916,1417,1578,1651]
[0,268,354,462,803,916,1651]
[0,803,1417,1651]
