[0,422,537,822,1102,1197]
[0,422,537,822,948,1004,1057,1197]
[0,422,537,822,948,1004,1057,1102,1197]
[0,422,537,822,1197]
[0,494,949,1197]
[0,82,966,1197]
[0,82,1102,1197]
[0,537,1197]
[0,948,1004,1057,1197]
[0,82,422,537,822,948,1004,1197]
[0,822,948,1004,1057,1102,1197]
[0,537,822,1102,1197]
[0,966,1197]
[0,82,422,537,822,1102,1197]
[0,822,948,1004,1197]
[0,1102,1197]
[0,537,822,948,1004,1057,1102,1197]
[0,948,1197]
[0,537,966,1197]
[0,537,822,948,1004,1057,1197]
[0,82,422,537,822,948,1004,1057,1197]
[0,82,422,537,822,948,1004,1057,1102,1197]
[0,422,537,822,1004,1197]
[0,822,1102,1197]
[0,822,1197]
[0,494,1197]
[0,82,537,822,1102,1197]
[0,948,1004,1197]
[0,537,822,1004,1197]
[0,537,822,948,1004,1197]
[0,82,537,966,1197]
[0,537,822,1197]
[0,948,1004,1057,1102,1197]
[0,82,1197]
[0,82,422,537,822,1004,1197]
[0,822,948,1004,1057,1197]
[0,822,1004,1197]
[0,422,537,822,948,1004,1197]
