[0,59,500,561,1002,1209,1875]
[0,500,795,1207,1875]
[0,500,795,1018,1207,1481,1613,1875]
[0,280,500,1002,1209,1875]
[0,59,280,500,1002,1209,1875]
[0,59,280,500,561,795,1018,1207,1481,1613,1875]
[0,280,500,1002,1209,1481,1875]
[0,500,1018,1207,1875]
[0,561,1375,1875]
[0,623,1073,1613,1875]
[0,1613,1875]
[0,561,1875]
[0,194,795,1613,1875]
[0,280,1207,1875]
[0,280,500,795,1002,1875]
[0,280,1018,1207,1875]
[0,280,500,1018,1875]
[0,500,795,1018,1207,1481,1875]
[0,280,500,1018,1481,1875]
[0,795,1002,1209,1875]
[0,280,500,561,795,1018,1207,1481,1613,1875]
[0,1002,1613,1875]
[0,59,500,561,1018,1207,1481,1613,1875]
[0,795,1613,1875]
[0,280,1207,1481,1875]
[0,59,1002,1209,1875]
[0,1018,1875]
[0,280,1002,1875]
[0,59,1018,1207,1481,1875]
[0,500,561,795,1018,1207,1481,1613,1875]
[0,280,500,561,1018,1207,1481,1613,1875]
[0,280,500,1018,1207,1481,1613,1875]
[0,59,500,561,1018,1207,1481,1875]
[0,280,500,561,795,1002,1209,1875]
[0,500,561,795,1002,1209,1875]
[0,280,500,1002,1481,1875]
[0,280,500,1002,1875]
[0,59,280,1002,1209,1875]
[0,59,500,1002,1209,1875]
[0,59,500,561,1018,1207,1875]
[0,280,500,795,1018,1207,1481,1875]
[0,280,1018,1207,1481,1613,1875]
[0,1002,1875]
[0,795,1073,1875]
[0,280,500,1018,1207,1875]
[0,795,1207,1875]
[0,500,1875]
[0,500,1018,1207,1481,1875]
[0,500,795,1207,1481,1875]
[0,500,1002,1481,1875]
[0,59,280,500,1018,1207,1875]
[0,280,500,795,1018,1207,1481,1613,1875]
[0,59,280,500,1002,1209,1481,1875]
[0,623,1875]
[0,500,561,1018,1207,1481,1875]
[0,280,1018,1207,1481,1875]
[0,194,795,1073,1613,1875]
[0,500,561,1002,1209,1875]
[0,280,500,795,1002,1209,1481,1875]
[0,795,1207,1481,1875]
[0,280,500,561,1002,1209,1875]
[0,795,1073,1613,1875]
[0,59,280,500,1002,1209,1481,1829,1875]
[0,280,500,795,1207,1481,1875]
[0,1018,1481,1875]
[0,280,500,795,1207,1875]
[0,280,500,1018,1207,1481,1875]
[0,500,795,1002,1209,1875]
[0,280,500,795,1002,1209,1875]
[0,1018,1207,1481,1613,1875]
[0,280,500,795,1002,1669,1875]
[0,1018,1207,1481,1875]
[0,59,280,1018,1207,1875]
[0,500,1002,1209,1875]
[0,500,1018,1875]
[0,623,1073,1875]
[0,59,280,500,561,795,1002,1209,1481,1875]
[0,1207,1875]
[0,59,280,500,561,795,1002,1209,1875]
[0,795,1875]
[0,59,280,1018,1207,1481,1613,1875]
[0,500,1002,1875]
[0,500,561,1018,1207,1481,1613,1875]
[0,280,1002,1209,1875]
[0,280,500,561,795,1002,1209,1481,1875]
[0,59,1018,1207,1481,1613,1875]
[0,59,280,500,561,795,1002,1209,1481,1829,1875]
[0,500,1669,1875]
[0,500,1018,1481,1875]
[0,212,623,1073,1613,1875]
[0,500,1018,1207,1481,1613,1875]
[0,500,561,1018,1207,1875]
[0,1018,1207,1875]
[0,212,623,1613,1875]
[0,59,280,500,561,1002,1209,1875]
[0,59,1018,1207,1875]
[0,59,280,500,561,1018,1207,1481,1613,1875]
[0,1002,1209,1875]
[0,500,1002,1613,1875]
[0,1018,1209,1875]
[0,623,1613,1875]
