[0,270,480,1058,1233,1427]
[0,270,480,839,1233,1427]
[0,270,480,604,1058,1233,1427]
[0,131,202,270,480,1058,1233,1427]
[0,131,202,270,480,604,839,1058,1233,1427]
[0,270,480,604,1233,1427]
[0,131,270,480,604,1058,1233,1427]
[0,202,270,480,604,1058,1233,1427]
[0,270,839,1427]
[0,270,480,604,993,1058,1233,1427]
[0,131,270,480,1058,1233,1427]
[0,270,480,839,1427]
[0,270,480,1233,1427]
[0,270,480,1427]
[0,131,202,270,480,604,1058,1233,1427]
[0,131,202,270,480,604,839,993,1058,1233,1427]
[0,131,202,270,480,604,839,941,993,1058,1233,1427]
[0,131,270,480,604,839,1058,1233,1427]
[0,480,1058,1427]
[0,839,1427]
[0,1233,1427]
[0,480,1427]
[0,202,270,480,604,839,1058,1233,1427]
[0,131,270,480,839,1058,1233,1427]
[0,270,480,839,1058,1233,1427]
[0,202,270,480,1058,1233,1427]
[0,270,480,604,839,1058,1233,1427]
[0,270,480,993,1058,1233,1427]
[0,131,202,270,480,604,993,1058,1233,1427]
[0,202,270,480,604,993,1058,1233,1427]
[0,480,1233,1427]
