[0,1059,1810]
[0,167,513,1128,1810]
[0,478,1810]
[0,513,1810]
[0,156,513,1128,1538,1810]
[0,156,513,696,979,1128,1538,1810]
[0,167,513,1059,1538,1810]
[0,167,513,696,979,1059,1538,1810]
[0,156,513,1128,1810]
[0,513,696,1128,1538,1810]
[0,156,513,696,1128,1538,1810]
[0,513,1538,1810]
[0,513,979,1810]
[0,167,513,696,1059,1538,1810]
[0,167,513,1128,1538,1810]
[0,513,696,979,1128,1538,1810]
[0,53,167,513,979,1128,1538,1810]
[0,167,513,1059,1810]
[0,513,1093,1810]
[0,513,979,1538,1810]
[0,53,185,513,696,979,1128,1538,1810]
[0,156,513,979,1128,1538,1810]
[0,53,167,513,696,979,1059,1538,1810]
[0,185,513,1810]
[0,513,1059,1538,1810]
[0,167,513,696,1128,1538,1810]
[0,513,1128,1538,1810]
[0,185,513,696,979,1128,1538,1810]
[0,1093,1810]
[0,513,1128,1810]
[0,185,513,1128,1538,1810]
[0,185,513,979,1128,1538,1810]
[0,513,696,1538,1810]
[0,167,513,696,979,1128,1538,1810]
[0,513,696,1810]
[0,185,513,696,1128,1538,1810]
[0,53,167,513,1059,1538,1810]
[0,53,167,513,979,1059,1538,1810]
[0,1128,1810]
[0,167,513,979,1059,1538,1810]
[0,167,513,979,1128,1538,1810]
[0,185,513,1128,1810]
[0,478,1093,1810]
[0,53,167,513,696,979,1128,1538,1810]
[0,53,167,513,1128,1538,1810]
[0,156,513,1810]
[0,513,1059,1810]
[0,513,979,1128,1538,1810]
[0,167,513,1093,1810]
[0,513,696,1059,1538,1810]
[0,167,513,1810]
