[0,158,587,797,1256,1419]
[0,514,587,982,1031,1256,1419]
[0,514,587,962,1419]
[0,158,587,962,1256,1419]
[0,514,982,1419]
[0,514,587,982,1256,1419]
[0,565,1256,1419]
[0,464,514,587,962,1419]
[0,982,1419]
[0,158,514,587,982,1256,1419]
[0,587,1057,1419]
[0,158,514,587,982,1031,1256,1419]
[0,464,514,587,962,1256,1419]
[0,587,982,1419]
[0,158,464,514,587,982,1256,1419]
[0,158,587,1057,1419]
[0,587,797,1256,1419]
[0,756,982,1419]
[0,587,797,1419]
[0,587,982,1256,1419]
[0,464,514,587,1256,1419]
[0,158,756,982,1256,1419]
[0,158,514,587,1256,1419]
[0,514,587,1256,1419]
[0,158,587,982,1419]
[0,158,587,962,1419]
[0,587,962,1419]
[0,587,1419]
[0,565,1419]
[0,158,514,587,962,1256,1419]
[0,1256,1419]
[0,158,587,982,1256,1419]
[0,158,464,514,587,1256,1419]
[0,514,587,962,1256,1419]
[0,756,982,1256,1419]
[0,158,587,1256,1419]
[0,756,1256,1419]
[0,587,1256,1419]
[0,158,565,1256,1419]
[0,587,962,1256,1419]
[0,514,1419]
[0,756,1419]
[0,158,464,514,587,962,1256,1419]
[0,158,464,514,587,982,1031,1256,1419]
