[0,526,1561,2253,4758]
[0,1561,2253,2946,4758]
[0,526,2268,4335,4758]
[0,1561,2045,4335,4758]
[0,537,1201,1561,2253,3989,4335,4758]
[0,537,1561,2253,3556,4758]
[0,526,1561,2253,4335,4758]
[0,1249,2268,3392,4758]
[0,526,1201,1561,2253,3989,4335,4758]
[0,746,1561,2045,2663,3846,4758]
[0,746,1561,2045,2663,4758]
[0,1148,4758]
[0,526,1249,2268,3392,4335,4758]
[0,537,1201,1561,2253,2869,3556,4758]
[0,746,1561,2045,2663,3846,4335,4758]
[0,526,2194,2869,4335,4758]
[0,1561,2253,2869,3556,4758]
[0,537,1201,1561,2253,2946,3556,4758]
[0,526,1201,1561,2253,4335,4758]
[0,1249,4758]
[0,537,1201,1561,2253,3556,4758]
[0,526,1201,1561,2253,3556,3989,4758]
[0,537,1201,1561,2253,3556,3989,4335,4758]
[0,526,1561,2253,2869,3556,3989,4758]
[0,537,1201,1561,2253,2869,3556,3989,4335,4758]
[0,2268,3392,4758]
[0,1561,2045,3636,4758]
[0,526,1201,1561,2253,2869,3556,4758]
[0,526,1561,2253,2869,3556,4758]
[0,537,1201,1561,2253,4335,4758]
[0,746,1561,2663,3846,4758]
[0,1561,4758]
[0,537,1561,2253,2946,3556,3989,4758]
[0,1249,2194,2869,4758]
[0,1561,2946,4758]
[0,1258,2336,4015,4758]
[0,526,1201,1561,2253,3556,3989,4335,4758]
[0,3392,4758]
[0,1561,2045,4758]
[0,537,1561,2253,2869,3556,4758]
[0,537,1201,1561,2253,4758]
[0,1249,3392,4758]
[0,1561,2253,3556,4758]
[0,1148,2336,4758]
[0,526,1258,2336,4758]
[0,526,4758]
[0,1258,2336,4758]
[0,526,1561,2253,3556,4758]
[0,1561,3636,4758]
[0,526,1249,2194,2869,4758]
[0,1561,2663,4758]
[0,537,1561,2253,2869,3556,3989,4758]
[0,537,1201,1561,2253,3556,3989,4758]
[0,526,2268,3392,4335,4758]
[0,1241,4758]
[0,537,1561,2253,4335,4758]
[0,746,1561,2663,4758]
[0,526,2869,4758]
[0,1561,2663,3846,4758]
[0,526,2268,4758]
[0,537,1561,2253,4758]
[0,537,1561,2946,3556,4758]
[0,537,1201,1561,2253,2946,3556,3989,4758]
[0,526,2268,3392,4758]
[0,1258,4758]
[0,526,1249,2268,3392,4758]
[0,2869,4758]
[0,2268,4758]
[0,526,1561,2253,3556,3989,4758]
[0,1561,3556,4758]
[0,526,2869,4335,4758]
[0,2336,4758]
[0,537,1201,1561,2253,2946,3556,3989,4335,4758]
[0,526,1249,2268,4758]
[0,1249,2869,4758]
[0,526,1201,1561,2253,3556,4758]
[0,1561,2253,4758]
[0,526,2336,4758]
[0,1249,2268,4758]
[0,2194,2869,4758]
[0,1561,2253,2946,3556,4758]
[0,1561,2045,2663,4758]
[0,537,1561,2253,3556,3989,4758]
[0,537,1201,1561,2253,2869,3556,3989,4758]
[0,1561,2045,2663,4335,4758]
[0,526,1201,1561,2253,2869,3556,3989,4758]
[0,526,1201,1561,2253,2869,3556,3989,4335,4758]
[0,526,1201,1561,2253,4758]
[0,526,1249,2194,2869,4335,4758]
[0,1561,2045,2663,3846,4758]
[0,1241,3636,4758]
[0,1561,2045,2663,3846,4335,4758]
[0,1561,2946,3556,4758]
[0,526,2194,2869,4758]
[0,746,1561,2045,2663,4335,4758]
[0,537,1561,2253,2946,3556,4758]
[0,1561,2045,3636,4335,4758]
[0,526,1258,2336,4015,4758]
