[0,150,529,831,1264]
[0,150,529,1264]
[0,150,1264]
[0,58,150,224,529,640,831,1141,1264]
[0,150,529,640,831,1141,1264]
[0,417,640,831,1264]
[0,150,640,862,1264]
[0,640,862,1264]
[0,150,529,831,1141,1264]
[0,640,831,1264]
[0,417,640,1264]
[0,150,224,529,640,862,1141,1264]
[0,150,224,529,1264]
[0,150,463,1264]
[0,529,831,1264]
[0,155,417,640,831,1264]
[0,155,640,831,1141,1264]
[0,150,640,939,1264]
[0,150,640,939,1141,1264]
[0,150,529,1141,1264]
[0,463,644,991,1264]
[0,746,1264]
[0,150,640,831,1264]
[0,614,1264]
[0,640,862,1141,1264]
[0,58,155,640,831,1141,1264]
[0,150,463,991,1264]
[0,150,614,1264]
[0,614,987,1264]
[0,150,224,529,640,831,1141,1264]
[0,150,224,640,831,1141,1264]
[0,150,529,640,1141,1264]
[0,529,831,1141,1264]
[0,150,640,1141,1264]
[0,150,224,529,831,1141,1264]
[0,640,1264]
[0,155,529,640,831,1141,1264]
[0,58,150,463,529,640,831,1141,1264]
[0,150,640,862,1141,1264]
[0,150,640,1264]
[0,155,417,529,640,831,1141,1264]
[0,150,224,640,862,1264]
[0,150,224,640,831,1264]
[0,150,614,987,1264]
[0,150,640,831,1141,1264]
[0,155,640,831,1264]
[0,58,150,640,831,1141,1264]
[0,150,224,640,1264]
[0,463,1264]
[0,529,1264]
[0,58,155,417,529,640,831,1141,1264]
[0,150,224,640,862,1141,1264]
[0,150,224,529,831,1264]
[0,463,991,1264]
[0,150,463,644,991,1264]
[0,150,463,529,640,831,1141,1264]
[0,640,831,1141,1264]
[0,155,417,640,831,1141,1264]
[0,150,529,640,862,1141,1264]
[0,640,939,1264]
[0,58,150,529,640,831,1141,1264]
[0,150,1141,1264]
