[0,433,772,1332,2142,2554]
[0,118,772,1332,2142,2554]
[0,1513,2142,2554]
[0,1513,2554]
[0,772,1126,1332,2097,2554]
[0,1682,2554]
[0,1332,2554]
[0,1332,2142,2275,2554]
[0,2142,2554]
[0,1332,2097,2554]
[0,118,1332,2554]
[0,118,772,1126,1332,2097,2275,2554]
[0,118,772,1332,2122,2554]
[0,772,1332,2142,2275,2554]
[0,118,1126,1332,2097,2554]
[0,772,1332,1617,2122,2554]
[0,118,772,1332,1617,2097,2275,2554]
[0,1332,1617,2554]
[0,118,772,1332,1617,2097,2554]
[0,772,1332,2122,2554]
[0,772,1332,1617,2097,2275,2554]
[0,118,772,1126,1332,2122,2554]
[0,772,1332,2554]
[0,2122,2554]
[0,118,772,1332,1617,2122,2554]
[0,1545,2554]
[0,772,1332,2142,2554]
[0,772,1126,1332,2097,2275,2554]
[0,118,772,1332,2554]
[0,1126,1332,2122,2554]
[0,1126,1332,2554]
[0,433,772,1332,1617,2122,2554]
[0,772,1332,1617,2097,2554]
[0,772,1126,1332,2122,2554]
[0,433,2554]
[0,1545,2122,2554]
[0,1332,2142,2554]
[0,118,772,1332,1617,2554]
[0,1126,1332,2097,2275,2554]
[0,118,772,1126,1332,2097,2554]
[0,1332,2122,2554]
[0,772,1513,2142,2554]
[0,1126,1332,2097,2554]
[0,772,1332,2097,2554]
[0,729,1682,2554]
[0,772,1332,1617,2554]
[0,433,772,1513,2142,2554]
[0,433,772,1545,2122,2554]
[0,118,772,1332,2142,2275,2554]
[0,433,772,1332,2122,2554]
[0,118,2554]
[0,118,1126,1332,2122,2554]
[0,118,2142,2554]
[0,118,1332,2142,2554]
[0,118,1126,1332,2554]
[0,772,1513,2554]
[0,433,1545,2122,2554]
[0,433,1545,2554]
