[0,147,289,364,821,1248,1401,1465]
[0,821,1243,1399,1465]
[0,147,289,364,482,707,821,1248,1465]
[0,147,289,372,707,821,1248,1465]
[0,147,289,364,707,821,1263,1401,1465]
[0,147,289,364,707,821,1263,1465]
[0,147,289,372,821,1248,1399,1465]
[0,821,1465]
[0,147,289,372,707,821,1263,1465]
[0,147,821,1243,1399,1465]
[0,147,289,364,482,821,1248,1465]
[0,147,289,364,482,821,1248,1399,1465]
[0,147,289,821,1263,1465]
[0,707,821,1248,1465]
[0,289,372,1465]
[0,372,1465]
[0,821,1263,1465]
[0,821,1318,1465]
[0,147,289,821,1465]
[0,147,364,482,821,1248,1465]
[0,1100,1465]
[0,147,289,821,1263,1401,1465]
[0,147,289,372,821,1248,1465]
[0,289,364,482,821,1248,1465]
[0,147,1465]
[0,147,482,821,1465]
[0,147,289,372,821,1263,1401,1465]
[0,147,821,1465]
[0,147,289,364,482,707,821,1248,1399,1465]
[0,482,821,1248,1465]
[0,821,1248,1399,1465]
[0,147,289,364,482,590,707,821,1248,1465]
[0,147,821,1248,1465]
[0,147,289,364,707,821,1248,1399,1465]
[0,147,289,821,1248,1399,1465]
[0,147,821,1248,1401,1465]
[0,147,289,372,707,821,1248,1399,1465]
[0,147,289,364,707,821,1248,1465]
[0,147,289,372,707,821,1263,1401,1465]
[0,289,364,482,821,1465]
[0,147,289,707,821,1263,1465]
[0,147,289,364,821,1248,1399,1465]
[0,147,821,1318,1465]
[0,147,289,821,1248,1465]
[0,147,289,821,1248,1401,1465]
[0,147,482,821,1248,1465]
[0,147,821,1243,1465]
[0,147,821,1263,1465]
[0,147,289,364,821,1248,1465]
[0,147,707,821,1248,1465]
[0,364,482,821,1465]
[0,289,364,482,821,1248,1399,1465]
[0,147,289,364,482,590,707,821,1248,1399,1465]
[0,147,289,364,821,1263,1465]
[0,147,364,482,590,707,821,1248,1465]
[0,821,1248,1465]
[0,147,289,1465]
[0,821,1243,1465]
[0,147,289,372,1465]
[0,147,364,482,707,821,1248,1465]
[0,364,482,821,1248,1465]
[0,289,1100,1465]
[0,147,821,1263,1401,1465]
[0,147,707,821,1248,1399,1465]
[0,147,364,482,821,1465]
[0,707,821,1248,1399,1465]
[0,482,821,1248,1399,1465]
[0,364,482,821,1248,1399,1465]
[0,147,289,372,821,1263,1465]
[0,482,821,1465]
[0,147,289,364,482,821,1465]
[0,821,1248,1401,1465]
[0,147,821,1248,1399,1465]
[0,821,1263,1401,1465]
[0,147,289,364,707,821,1248,1401,1465]
[0,147,289,364,821,1263,1401,1465]
[0,147,289,372,821,1465]
[0,147,289,707,821,1248,1465]
