[0,500,682,1500,1875]
[0,682,1094,1875]
[0,722,1109,1706,1794,1875]
[0,500,682,1875]
[0,682,1754,1875]
[0,682,1875]
[0,682,844,1094,1224,1500,1706,1875]
[0,722,1754,1875]
[0,89,682,1500,1706,1794,1875]
[0,682,1156,1754,1875]
[0,89,500,682,844,1094,1224,1500,1706,1875]
[0,500,682,844,1094,1224,1500,1706,1875]
[0,500,682,1094,1875]
[0,89,682,844,1094,1875]
[0,89,682,1094,1224,1500,1706,1875]
[0,500,682,1094,1224,1500,1706,1875]
[0,1706,1794,1875]
[0,844,1875]
[0,89,1875]
[0,682,1706,1794,1875]
[0,89,500,1794,1875]
[0,89,682,844,1094,1500,1706,1875]
[0,89,500,682,844,1094,1500,1706,1875]
[0,89,500,682,1094,1875]
[0,500,1875]
[0,1706,1875]
[0,89,500,722,1156,1754,1875]
[0,500,682,844,1094,1500,1706,1875]
[0,89,500,722,1500,1875]
[0,89,722,1875]
[0,89,722,1794,1875]
[0,682,1156,1875]
[0,682,1094,1224,1500,1706,1875]
[0,500,722,1875]
[0,682,1706,1875]
[0,89,682,1094,1794,1875]
[0,682,1094,1500,1706,1875]
[0,89,722,1754,1875]
[0,89,682,1875]
[0,500,722,1500,1875]
[0,89,722,1109,1875]
[0,89,500,682,1094,1794,1875]
[0,500,1794,1875]
[0,722,1706,1794,1875]
[0,89,722,1109,1706,1794,1875]
[0,682,844,1094,1875]
[0,89,682,844,1094,1224,1500,1706,1794,1875]
[0,722,1109,1875]
[0,722,1109,1706,1875]
[0,89,682,1156,1754,1875]
[0,89,682,1094,1500,1706,1794,1875]
[0,89,500,722,1794,1875]
[0,500,722,1156,1754,1875]
[0,89,722,1500,1875]
[0,500,722,1156,1875]
[0,682,1500,1706,1794,1875]
[0,89,682,1094,1875]
[0,89,500,722,1500,1641,1875]
[0,500,682,1094,1500,1706,1875]
[0,844,1094,1500,1875]
[0,844,1094,1500,1706,1875]
[0,844,1500,1875]
[0,89,682,1754,1875]
[0,682,1500,1706,1875]
[0,682,844,1094,1500,1706,1875]
[0,844,1094,1224,1500,1706,1875]
[0,500,722,1500,1641,1875]
[0,89,682,844,1094,1794,1875]
[0,682,1500,1875]
[0,89,722,1156,1875]
[0,89,500,682,844,1094,1794,1875]
[0,89,500,722,1500,1641,1794,1875]
[0,722,1500,1875]
[0,682,1094,1500,1875]
[0,89,500,682,844,1094,1224,1500,1706,1794,1875]
[0,89,500,682,844,1094,1500,1706,1794,1875]
[0,722,1156,1754,1875]
[0,89,682,1094,1224,1500,1706,1794,1875]
[0,89,682,844,1094,1500,1706,1794,1875]
[0,844,1094,1706,1875]
[0,89,500,722,1156,1794,1875]
[0,89,500,1875]
[0,89,722,1156,1754,1875]
[0,89,500,722,1875]
[0,89,682,844,1094,1224,1500,1706,1875]
[0,844,1094,1875]
[0,500,682,844,1094,1875]
[0,500,682,1500,1706,1875]
[0,1794,1875]
[0,89,682,1500,1706,1875]
[0,722,1156,1875]
[0,89,500,682,844,1094,1875]
[0,722,1706,1875]
[0,89,682,1094,1500,1706,1875]
[0,500,682,1094,1500,1875]
[0,722,1875]
[0,89,500,722,1500,1794,1875]
[0,89,722,1109,1706,1875]
[0,89,500,722,1156,1875]
