[0,181,391,557,693,1495,1736,1815,1911]
[0,369,693,1736,1911]
[0,557,693,1317,1911]
[0,175,1317,1911]
[0,85,557,693,921,1245,1495,1815,1911]
[0,557,693,1495,1911]
[0,921,1495,1911]
[0,181,1317,1911]
[0,181,391,557,693,1495,1815,1911]
[0,85,693,1495,1815,1911]
[0,557,693,921,1245,1495,1815,1911]
[0,175,1245,1495,1911]
[0,85,1495,1911]
[0,181,391,1244,1495,1911]
[0,181,391,557,1244,1495,1911]
[0,391,693,1495,1911]
[0,1245,1495,1911]
[0,1736,1911]
[0,175,390,558,1317,1911]
[0,391,921,1495,1911]
[0,175,693,921,1245,1495,1911]
[0,175,557,693,1245,1495,1815,1911]
[0,1244,1495,1911]
[0,369,1911]
[0,181,391,693,1495,1911]
[0,921,1911]
[0,85,557,693,1495,1815,1911]
[0,175,390,558,1317,1736,1911]
[0,175,1911]
[0,181,557,693,1317,1911]
[0,175,557,693,921,1245,1495,1736,1815,1911]
[0,181,557,693,1495,1911]
[0,181,557,693,1495,1815,1911]
[0,175,558,1317,1911]
[0,557,693,1495,1815,1911]
[0,1495,1911]
[0,85,557,693,1495,1736,1815,1911]
[0,85,391,557,693,1495,1736,1815,1911]
[0,693,1317,1911]
[0,181,1911]
[0,391,557,693,1495,1911]
[0,558,1317,1736,1911]
[0,693,1495,1911]
[0,693,921,1245,1495,1911]
[0,391,1244,1495,1911]
[0,558,1317,1911]
[0,85,557,693,921,1245,1495,1736,1815,1911]
[0,557,1911]
[0,181,391,1495,1911]
[0,693,1245,1495,1911]
[0,175,1495,1911]
[0,693,1911]
[0,557,693,1245,1495,1815,1911]
[0,181,391,557,693,1495,1911]
[0,85,557,693,1245,1495,1736,1815,1911]
[0,175,557,693,1245,1495,1911]
[0,181,1495,1911]
[0,181,391,921,1495,1911]
[0,693,1495,1815,1911]
[0,557,693,1245,1495,1911]
[0,369,693,1317,1911]
[0,175,557,693,1495,1911]
[0,181,391,557,921,1495,1911]
[0,391,557,1736,1911]
[0,175,558,1317,1736,1911]
[0,391,557,693,1495,1815,1911]
[0,175,557,693,1495,1815,1911]
[0,181,391,557,1495,1911]
[0,85,693,1495,1911]
[0,1317,1736,1911]
[0,175,693,1245,1495,1911]
[0,175,557,693,1495,1736,1815,1911]
[0,85,1911]
[0,181,693,1317,1911]
[0,181,693,1495,1911]
[0,391,1495,1911]
[0,175,557,693,921,1245,1495,1815,1911]
[0,1317,1911]
[0,85,557,693,1245,1495,1815,1911]
[0,369,693,1911]
[0,557,693,1911]
[0,175,557,693,1245,1495,1736,1815,1911]
[0,175,557,693,921,1245,1495,1911]
[0,1495,1815,1911]
[0,175,693,1495,1911]
[0,85,391,557,693,1495,1815,1911]
[0,557,1736,1911]
[0,557,693,921,1245,1495,1911]
