[0,744,898,1875]
[0,744,1254,1622,1875]
[0,744,898,1254,1622,1875]
[0,611,1254,1875]
[0,418,542,1875]
[0,542,744,898,1254,1622,1875]
[0,418,542,1153,1875]
[0,1245,1875]
[0,418,542,744,1153,1622,1875]
[0,720,1153,1254,1875]
[0,542,1254,1622,1875]
[0,611,1161,1875]
[0,611,1161,1622,1875]
[0,418,542,1153,1254,1875]
[0,418,542,744,898,1254,1622,1875]
[0,720,1254,1622,1875]
[0,418,542,744,898,1875]
[0,720,1622,1875]
[0,744,1161,1622,1875]
[0,160,1254,1875]
[0,418,611,1254,1622,1875]
[0,611,1875]
[0,418,542,1254,1622,1875]
[0,744,1161,1875]
[0,542,898,1254,1622,1875]
[0,418,542,744,1622,1875]
[0,542,744,898,1875]
[0,542,744,1875]
[0,418,542,744,898,1622,1875]
[0,744,1161,1254,1875]
[0,542,1153,1254,1875]
[0,720,898,1254,1622,1875]
[0,542,898,1875]
[0,542,744,1622,1875]
[0,611,1622,1875]
[0,542,862,1153,1875]
[0,542,862,1875]
[0,542,1245,1875]
[0,542,744,898,1622,1875]
[0,418,542,1622,1875]
[0,542,1245,1622,1875]
[0,418,611,744,1161,1622,1875]
[0,744,1622,1875]
[0,418,611,1161,1254,1622,1875]
[0,418,542,744,1153,1254,1622,1875]
[0,1153,1875]
[0,542,898,1254,1875]
[0,1254,1875]
[0,744,1153,1875]
[0,744,1153,1622,1875]
[0,744,1161,1254,1622,1875]
[0,418,611,744,1161,1254,1622,1875]
[0,720,898,1875]
[0,744,1254,1875]
[0,542,1494,1622,1875]
[0,418,542,1153,1254,1622,1875]
[0,542,862,1153,1254,1622,1875]
[0,542,744,1153,1622,1875]
[0,611,1161,1254,1875]
[0,611,1254,1622,1875]
[0,611,1161,1254,1622,1875]
[0,720,1153,1875]
[0,720,1254,1875]
[0,418,611,1622,1875]
[0,542,1622,1875]
[0,418,611,1875]
[0,542,862,1622,1875]
[0,744,898,1622,1875]
[0,418,542,744,898,1153,1254,1622,1875]
[0,542,1153,1875]
[0,542,1875]
[0,720,898,1622,1875]
[0,720,1875]
[0,542,862,1153,1622,1875]
[0,542,1254,1875]
[0,720,898,1153,1254,1622,1875]
[0,744,1875]
[0,542,1153,1254,1622,1875]
[0,418,611,1161,1622,1875]
[0,720,1153,1254,1622,1875]
