[0,2182,3353]
[0,302,873,997,1449,2182,2316,3353]
[0,1451,3353]
[0,2182,2356,3353]
[0,997,1449,2182,3353]
[0,873,997,1449,2182,2316,3353]
[0,302,1449,2182,3229,3353]
[0,302,873,1449,2182,2316,2748,3353]
[0,2182,2316,3353]
[0,302,1449,2182,3353]
[0,1449,2182,3229,3353]
[0,302,873,997,1449,2182,2316,2748,3353]
[0,2443,3353]
[0,1449,2182,3353]
[0,839,1096,1449,2182,2356,3353]
[0,302,839,1096,1449,2182,2356,3353]
[0,302,873,1449,2182,2748,3353]
[0,1219,3353]
[0,302,873,997,1449,2182,2316,2748,2795,3353]
[0,1451,2443,3353]
[0,873,1449,2182,2748,3353]
[0,302,873,1449,2182,2316,3353]
[0,997,1449,2182,2316,3353]
[0,302,839,1096,1449,2182,3353]
[0,1096,1449,2182,2356,3353]
[0,796,1451,2443,3353]
[0,302,1096,1449,2182,3353]
[0,302,873,1449,2182,3353]
[0,873,1449,2182,3353]
[0,1096,1449,2182,3353]
[0,302,1449,2182,2748,3353]
[0,1449,2182,2748,3353]
[0,1219,2373,3353]
[0,302,1449,2182,2356,3353]
[0,1449,2182,2356,3353]
[0,839,1096,1449,2182,3353]
[0,302,1449,2182,2316,3353]
[0,302,873,1449,2182,3229,3353]
[0,1449,2182,2316,3353]
