[0,496,976,1058,1427]
[0,496,699,976,1427]
[0,365,549,699,838,976,1427]
[0,232,326,976,1058,1359,1427]
[0,440,1359,1427]
[0,326,1359,1427]
[0,133,496,699,838,976,1058,1427]
[0,133,232,496,699,838,976,1058,1427]
[0,133,232,496,699,838,976,1058,1364,1427]
[0,440,945,1427]
[0,133,496,976,1058,1364,1427]
[0,232,326,976,1427]
[0,133,496,976,1427]
[0,365,549,801,1364,1427]
[0,365,549,797,976,1058,1427]
[0,326,976,1058,1359,1427]
[0,147,496,976,1058,1364,1427]
[0,549,1427]
[0,976,1427]
[0,147,365,549,797,976,1058,1364,1427]
[0,147,365,549,699,838,976,1427]
[0,326,976,1058,1427]
[0,365,549,976,1058,1364,1427]
[0,496,699,838,976,1427]
[0,945,1427]
[0,549,1359,1427]
[0,496,976,1058,1364,1427]
[0,549,976,1359,1427]
[0,147,496,699,838,976,1058,1364,1427]
[0,232,326,976,1058,1427]
[0,326,1427]
[0,147,365,549,801,1427]
[0,147,365,549,699,976,1427]
[0,549,976,1427]
[0,326,976,1359,1427]
[0,365,549,699,976,1058,1364,1427]
[0,365,976,1364,1427]
[0,801,1427]
[0,147,496,976,1427]
[0,365,1427]
[0,365,549,976,1427]
[0,87,232,326,976,1427]
[0,496,797,1364,1427]
[0,365,801,1427]
[0,147,496,699,838,976,1427]
[0,440,1427]
[0,133,232,496,699,838,976,1427]
[0,365,549,699,838,976,1058,1364,1427]
[0,365,549,976,1058,1427]
[0,87,232,326,976,1058,1359,1427]
[0,326,976,1427]
[0,147,496,699,838,976,1058,1427]
[0,365,1364,1427]
[0,365,976,1058,1364,1427]
[0,133,496,699,976,1058,1364,1427]
[0,1359,1427]
[0,496,1364,1427]
[0,496,1058,1427]
[0,147,365,549,699,838,976,1058,1427]
[0,147,365,549,699,838,976,1058,1364,1427]
[0,496,1427]
[0,133,496,699,838,976,1427]
[0,365,549,801,1427]
[0,147,365,549,801,1364,1427]
[0,147,365,549,797,976,1058,1427]
[0,365,976,1427]
[0,440,945,1359,1427]
[0,496,976,1427]
[0,87,232,326,976,1058,1427]
[0,365,549,699,838,976,1058,1427]
[0,133,496,976,1364,1427]
[0,133,496,976,1058,1427]
[0,365,549,699,976,1427]
[0,365,549,797,976,1058,1364,1427]
[0,147,496,699,976,1058,1427]
[0,365,549,797,976,1427]
[0,133,496,699,976,1058,1427]
[0,147,496,699,976,1427]
[0,496,976,1364,1427]
[0,147,496,699,976,1058,1364,1427]
[0,147,365,549,797,976,1427]
[0,496,797,1427]
[0,147,496,976,1058,1427]
[0,133,496,699,976,1427]
[0,365,549,699,976,1058,1427]
[0,365,801,1364,1427]
[0,365,976,1058,1427]
[0,133,496,699,838,976,1058,1364,1427]
