[0,490,715,820,1158,2017]
[0,542,1084,2017]
[0,490,542,715,820,1158,2017]
[0,490,542,715,1158,2017]
[0,490,820,2017]
[0,225,542,715,820,1084,2017]
[0,225,1084,2017]
[0,225,820,1084,2017]
[0,490,715,820,871,1158,2017]
[0,820,1084,2017]
[0,490,715,1158,2017]
[0,490,542,589,715,1158,2017]
[0,225,542,1084,2017]
[0,490,715,820,1084,2017]
[0,1084,2017]
[0,490,542,589,1158,2017]
[0,589,1083,2017]
[0,490,715,1084,2017]
[0,490,542,589,715,820,871,1158,2017]
[0,1158,2017]
[0,490,2017]
[0,225,715,820,1084,2017]
[0,1083,2017]
[0,490,542,1158,2017]
[0,490,542,715,820,871,1158,2017]
[0,490,542,589,715,820,1158,2017]
[0,490,1158,2017]
[0,225,542,715,1084,2017]
[0,490,1084,2017]
