[0,117,305,550,822,1046]
[0,117,305,574,724,822,1046]
[0,117,305,534,921,1046]
[0,305,822,1046]
[0,72,305,724,822,1046]
[0,117,305,481,574,724,822,1046]
[0,72,305,574,724,822,1046]
[0,117,534,724,822,1046]
[0,305,1046]
[0,822,1046]
[0,550,822,1046]
[0,305,724,822,1046]
[0,117,305,534,822,1046]
[0,534,921,1046]
[0,305,550,822,1046]
[0,305,574,822,1046]
[0,117,305,599,724,822,1046]
[0,574,822,1046]
[0,117,574,822,1046]
[0,305,599,822,1046]
[0,305,599,724,822,1046]
[0,534,822,1046]
[0,117,574,724,822,1046]
[0,117,305,822,1046]
[0,117,550,1046]
[0,599,724,822,1046]
[0,117,305,724,822,1046]
[0,117,599,822,1046]
[0,599,822,1046]
[0,72,305,1046]
[0,117,305,599,822,1046]
[0,305,550,1046]
[0,72,305,599,724,822,1046]
[0,724,822,1046]
[0,574,724,822,1046]
[0,305,574,1046]
[0,117,305,574,822,1046]
[0,724,1046]
[0,117,550,822,1046]
[0,117,534,1046]
[0,117,305,534,724,822,1046]
[0,550,1046]
[0,305,534,1046]
[0,117,534,921,1046]
[0,574,1046]
[0,305,534,921,1046]
[0,72,305,822,1046]
[0,305,534,822,1046]
[0,305,574,724,822,1046]
[0,117,534,822,1046]
[0,534,724,822,1046]
[0,534,1046]
