[0,331,1282,1675,2053]
[0,583,1625,1771,2053]
[0,263,331,1255,1309,2053]
[0,263,1771,2053]
[0,263,331,1105,1674,1771,2053]
[0,1282,1675,2053]
[0,331,1625,1675,2053]
[0,1309,1625,1771,2053]
[0,263,583,1674,2053]
[0,583,1309,2053]
[0,263,583,1105,1309,1625,1771,2053]
[0,263,331,1255,1309,1625,1675,2053]
[0,263,583,1189,1309,1625,1771,2053]
[0,263,331,2053]
[0,263,583,1105,1674,1771,2053]
[0,263,331,583,1189,1309,1625,1675,1771,2053]
[0,331,1625,1771,2053]
[0,583,1189,1771,2053]
[0,263,331,1105,1309,1625,1675,1771,2053]
[0,263,331,1255,1625,1675,2053]
[0,583,1282,2053]
[0,263,583,1189,2053]
[0,263,331,583,1105,1309,1625,1675,1771,2053]
[0,263,331,1105,1309,1625,1771,2053]
[0,263,331,1255,1309,1625,1771,2053]
[0,1309,2053]
[0,263,331,1309,1625,1675,1771,2053]
[0,263,583,2053]
[0,583,1674,1771,2053]
[0,263,1309,1771,2053]
[0,263,331,583,1255,1309,1625,1771,2053]
[0,263,331,1255,1625,1771,2053]
[0,263,583,1309,2053]
[0,331,1255,2053]
[0,583,1105,2053]
[0,263,583,1105,1309,1625,2053]
[0,331,1255,1771,2053]
[0,331,1309,1625,2053]
[0,263,331,1189,1309,1625,1771,2053]
[0,1255,1771,2053]
[0,1105,1309,1625,2053]
[0,263,583,1674,1771,2053]
[0,263,331,583,1625,1771,2053]
[0,263,583,1189,1771,2053]
[0,1625,1675,2053]
[0,263,331,1625,1675,2053]
[0,583,1105,1309,1771,2053]
[0,1105,2053]
[0,263,331,1255,1625,2053]
[0,263,1674,1771,2053]
[0,263,583,1105,1309,1674,1771,2053]
[0,583,1105,1309,1674,1771,2053]
[0,1675,2053]
[0,583,1625,2053]
[0,263,583,1105,2053]
[0,1282,1771,2053]
[0,583,1255,1771,2053]
[0,583,1282,1771,2053]
[0,263,331,1255,1309,1625,1675,1771,2053]
[0,1189,1309,1625,1771,2053]
[0,583,1189,2053]
[0,583,1105,1771,2053]
[0,1625,1771,2053]
[0,263,331,1625,1771,2053]
[0,263,331,1625,1675,1771,2053]
[0,263,583,1309,1771,2053]
[0,583,1105,1625,2053]
[0,263,331,583,1189,1309,1625,1771,2053]
[0,263,331,583,1255,1625,1771,2053]
[0,331,1309,1625,1771,2053]
[0,1771,2053]
[0,1674,1771,2053]
[0,1282,2053]
[0,263,1309,1625,2053]
[0,263,331,1309,1625,1771,2053]
[0,263,2053]
[0,263,583,1255,1771,2053]
[0,331,1675,2053]
[0,263,331,1189,1309,1625,1675,1771,2053]
[0,263,331,583,1105,1674,1771,2053]
[0,331,1255,1625,2053]
[0,583,1674,2053]
[0,263,331,1625,2053]
[0,583,1282,1675,2053]
[0,583,1309,1771,2053]
[0,1189,2053]
[0,331,2053]
[0,1255,2053]
[0,263,583,1105,1771,2053]
[0,331,1189,1309,1625,1771,2053]
[0,331,1674,1771,2053]
[0,583,1105,1674,1771,2053]
[0,1309,1771,2053]
[0,331,1255,1625,1771,2053]
[0,331,1282,2053]
[0,263,583,1189,1625,1771,2053]
[0,263,583,1255,1625,1771,2053]
[0,297,583,1282,1675,2053]
[0,583,1255,2053]
[0,583,1282,1674,1771,2053]
[0,263,331,583,1105,1309,1674,1771,2053]
[0,331,1105,1309,1625,2053]
[0,263,583,1105,1625,1771,2053]
[0,1674,2053]
[0,1105,1309,1625,1771,2053]
[0,331,1105,2053]
[0,331,1105,1771,2053]
[0,263,583,1625,2053]
[0,297,583,1282,2053]
[0,1625,2053]
[0,263,331,1255,1309,1625,2053]
[0,263,331,1255,2053]
[0,263,1309,1625,1771,2053]
[0,1255,1625,2053]
[0,263,583,1625,1771,2053]
[0,331,1674,2053]
[0,263,583,1105,1625,2053]
[0,263,583,1105,1309,1771,2053]
[0,583,2053]
[0,263,331,1674,1771,2053]
[0,331,1105,1309,1625,1771,2053]
[0,263,331,583,1255,1309,1625,1675,1771,2053]
[0,1105,1771,2053]
[0,1309,1625,2053]
[0,263,331,583,1105,1309,1625,1771,2053]
[0,331,1625,2053]
[0,331,1105,1674,1771,2053]
