[0,86,195,292,485,551,819,969]
[0,195,292,551,739,819,969]
[0,195,436,485,551,819,923,969]
[0,291,477,551,969]
[0,86,551,969]
[0,86,195,292,551,819,969]
[0,195,485,551,969]
[0,124,291,477,551,969]
[0,124,291,551,969]
[0,45,195,485,551,923,969]
[0,45,551,969]
[0,86,195,292,436,485,551,819,923,969]
[0,45,195,485,551,819,923,969]
[0,45,195,292,436,485,551,739,819,923,969]
[0,551,819,969]
[0,291,551,819,969]
[0,86,195,551,819,969]
[0,86,195,485,551,969]
[0,45,969]
[0,291,477,551,923,969]
[0,923,969]
[0,551,969]
[0,436,485,551,819,969]
[0,86,291,923,969]
[0,86,291,551,969]
[0,291,923,969]
[0,291,551,969]
[0,477,551,923,969]
[0,485,969]
[0,86,485,551,969]
[0,45,485,551,969]
[0,45,195,485,551,969]
[0,291,969]
[0,551,739,819,969]
[0,291,477,551,819,969]
[0,86,195,969]
[0,436,485,551,969]
[0,485,923,969]
[0,86,195,436,485,551,969]
[0,124,291,477,551,923,969]
[0,485,551,739,819,969]
[0,477,551,819,969]
[0,124,551,969]
[0,436,485,551,819,923,969]
[0,45,195,436,485,551,923,969]
[0,195,485,551,819,923,969]
[0,45,291,485,551,923,969]
[0,86,195,292,436,485,551,819,969]
[0,45,195,436,485,551,739,819,923,969]
[0,436,923,969]
[0,195,485,551,739,819,969]
[0,45,195,436,485,551,819,923,969]
[0,195,436,485,551,969]
[0,436,485,551,739,819,969]
[0,124,291,477,551,819,969]
[0,551,923,969]
[0,195,436,485,551,923,969]
[0,485,551,923,969]
[0,195,485,551,923,969]
[0,86,195,485,551,923,969]
[0,195,292,436,485,551,739,819,969]
[0,124,291,551,819,969]
[0,86,195,551,969]
[0,86,291,969]
[0,477,551,969]
[0,195,551,969]
[0,195,292,485,551,739,819,969]
[0,436,485,551,923,969]
[0,195,436,485,551,739,819,969]
[0,291,485,551,969]
[0,195,969]
[0,195,551,819,969]
[0,195,292,551,819,969]
[0,45,291,923,969]
[0,195,436,485,551,819,969]
[0,195,485,551,819,969]
[0,485,551,819,969]
[0,86,195,485,551,819,969]
[0,195,292,436,485,551,739,819,923,969]
[0,86,195,485,551,819,923,969]
[0,124,291,477,551,819,923,969]
[0,86,291,485,551,969]
[0,436,485,551,739,819,923,969]
[0,86,291,485,551,923,969]
[0,86,195,436,485,551,923,969]
[0,86,195,436,485,551,819,923,969]
[0,45,485,551,923,969]
[0,45,291,969]
[0,124,551,819,969]
[0,436,969]
[0,291,485,551,923,969]
[0,86,551,819,969]
[0,195,436,485,551,739,819,923,969]
[0,485,551,969]
[0,86,195,436,485,551,819,969]
[0,195,551,739,819,969]
[0,86,485,551,923,969]
[0,233,969]
[0,233,923,969]
