[0,71,1481,1975,2019]
[0,71,1975,2019]
[0,1277,1481,2019]
[0,71,518,1975,2019]
[0,71,1166,1481,2019]
[0,1166,1481,1774,2019]
[0,71,518,1198,1481,2019]
[0,71,513,1166,2019]
[0,71,518,1198,1481,1975,2019]
[0,716,2019]
[0,804,2019]
[0,71,513,1277,1481,2019]
[0,716,1481,2019]
[0,1975,2019]
[0,518,2019]
[0,804,1166,2019]
[0,71,513,757,1277,1481,1774,2019]
[0,518,1481,2019]
[0,518,716,1481,1774,2019]
[0,71,2019]
[0,71,1481,2019]
[0,1198,1481,2019]
[0,71,518,716,804,1277,1481,2019]
[0,1277,2019]
[0,513,1481,1774,2019]
[0,513,757,1481,1774,2019]
[0,518,1198,1481,2019]
[0,71,518,1481,2019]
[0,71,518,1198,1481,1774,2019]
[0,513,757,2019]
[0,518,1198,1481,1774,2019]
[0,716,1481,1774,2019]
[0,71,518,716,1481,1774,2019]
[0,804,1166,1975,2019]
[0,71,513,757,804,1277,1481,1774,1975,2019]
[0,1774,2019]
[0,513,757,1277,1481,2019]
[0,757,2019]
[0,1166,1481,2019]
[0,71,518,1277,1481,1774,2019]
[0,71,1198,1481,1975,2019]
[0,1277,1481,1774,2019]
[0,71,513,1166,1481,2019]
[0,513,757,1481,2019]
[0,71,513,757,1277,1481,2019]
[0,71,518,716,804,1277,1481,1774,1975,2019]
[0,71,1166,1481,1975,2019]
[0,71,804,1975,2019]
[0,71,513,1166,1481,1774,1975,2019]
[0,71,804,1166,1975,2019]
[0,71,518,2019]
[0,71,1277,1481,1975,2019]
[0,518,1481,1774,2019]
[0,71,513,1166,1481,1975,2019]
[0,518,716,2019]
[0,518,716,1481,2019]
[0,1198,1481,1774,2019]
[0,518,1277,2019]
[0,71,804,2019]
[0,71,513,1277,1481,1975,2019]
[0,513,1277,1481,2019]
[0,71,518,716,2019]
[0,71,518,1198,2019]
[0,71,518,1277,2019]
[0,757,1481,1774,2019]
[0,71,513,2019]
[0,518,1277,1481,2019]
[0,804,1166,1481,2019]
[0,71,518,1481,1975,2019]
[0,518,716,1277,1481,2019]
[0,71,518,716,1277,1481,2019]
[0,71,518,716,1975,2019]
[0,71,518,1198,1481,1774,1975,2019]
[0,645,1481,2019]
[0,71,804,1166,1481,1975,2019]
[0,71,513,757,1277,1481,1975,2019]
[0,71,1481,1774,2019]
[0,71,804,1166,2019]
[0,513,1277,2019]
[0,71,513,757,804,1277,1481,1975,2019]
[0,71,1277,1481,1774,2019]
[0,71,513,757,804,1277,1481,2019]
[0,71,513,1166,1481,1774,2019]
[0,71,513,1277,1481,1774,2019]
[0,513,1277,1481,1774,2019]
[0,71,518,716,804,1277,1481,1774,2019]
[0,71,804,1166,1481,2019]
[0,71,513,1166,1975,2019]
[0,71,518,716,1277,1481,1975,2019]
[0,71,518,716,1481,1975,2019]
[0,513,757,1277,1481,1774,2019]
[0,1198,2019]
[0,1481,1774,2019]
[0,71,518,1481,1774,2019]
[0,71,518,1277,1481,1975,2019]
[0,71,513,1975,2019]
[0,1166,2019]
[0,513,2019]
[0,645,2019]
[0,71,513,757,804,1277,1481,1774,2019]
[0,513,1481,2019]
[0,518,1277,1481,1774,2019]
[0,513,1166,1481,1774,2019]
[0,518,716,804,1277,1481,1774,2019]
[0,71,518,716,1481,2019]
[0,71,513,1277,2019]
[0,71,518,716,1277,1481,1774,2019]
[0,757,1481,2019]
[0,804,1975,2019]
[0,1481,2019]
[0,513,1166,2019]
[0,513,1166,1481,2019]
[0,71,518,1277,1481,1774,1975,2019]
[0,71,518,1277,1481,2019]
[0,518,716,804,1277,1481,2019]
[0,71,1198,1481,2019]
[0,71,518,716,804,1277,1481,1975,2019]
[0,71,1277,1481,2019]
[0,518,716,1277,1481,1774,2019]
[0,518,1198,2019]
