[0,679,1046]
[0,106,189,1046]
[0,427,586,1046]
[0,106,427,586,950,1046]
[0,545,634,1046]
[0,106,189,658,1046]
[0,106,189,545,586,775,1002,1046]
[0,106,189,545,634,1046]
[0,106,427,586,1046]
[0,106,950,1046]
[0,586,775,1046]
[0,189,586,1046]
[0,1002,1046]
[0,545,634,1002,1046]
[0,106,189,775,1002,1046]
[0,586,1046]
[0,106,679,1046]
[0,106,1046]
[0,106,189,545,634,1002,1046]
[0,775,1046]
[0,634,1046]
[0,147,950,1046]
[0,106,586,1046]
[0,418,679,1046]
[0,106,189,679,1046]
[0,106,586,775,1046]
[0,427,1046]
[0,106,189,586,1046]
[0,950,1046]
[0,658,1046]
[0,106,775,1046]
[0,106,189,545,586,775,1046]
[0,106,634,1046]
[0,106,427,1046]
[0,106,189,586,775,1002,1046]
[0,106,189,586,775,1046]
[0,106,418,679,1046]
[0,106,418,679,1002,1046]
[0,147,1046]
[0,106,427,950,1046]
[0,106,189,775,1046]
[0,106,189,634,1046]
[0,106,545,634,1046]
[0,106,189,545,586,1046]
[0,106,658,1046]
[0,545,1002,1046]
[0,545,1046]
