[0,1448,2181,2792,2868,3159,3353]
[0,2792,3159,3353]
[0,331,1448,2181,2770,3353]
[0,1448,2867,3353]
[0,1448,2770,2868,3159,3353]
[0,1448,2181,2792,3159,3353]
[0,3159,3353]
[0,331,1448,2181,2792,2868,3159,3353]
[0,2770,3159,3353]
[0,1448,2792,2868,3353]
[0,331,1448,2181,2792,3353]
[0,1448,2792,2868,3159,3353]
[0,331,1142,1448,2181,3353]
[0,1448,2109,2181,2770,2868,3091,3159,3353]
[0,1448,2181,2770,3353]
[0,1448,2181,2792,3353]
[0,1449,3091,3353]
[0,1448,2181,3159,3353]
[0,331,1448,2181,2770,3159,3353]
[0,331,1448,3159,3353]
[0,1448,2770,3159,3353]
[0,2792,2868,3091,3159,3353]
[0,1448,2109,2181,2792,2868,3159,3353]
[0,1448,2867,3159,3353]
[0,1448,2109,2181,2770,2868,3159,3353]
[0,331,1448,2181,2792,3159,3353]
[0,331,1448,2109,2181,2792,2868,3159,3353]
[0,331,1448,2109,2181,2792,2868,3091,3159,3353]
[0,1448,2109,2181,2792,2868,3091,3159,3353]
[0,331,1448,2109,2181,2770,2868,3159,3353]
[0,1448,2792,2868,3091,3159,3353]
[0,331,1448,2181,3353]
[0,331,1448,2181,2867,3353]
[0,1448,2181,2792,2868,3091,3159,3353]
[0,1448,2770,3353]
[0,1448,2181,2867,3353]
[0,1449,3353]
[0,1448,2792,3159,3353]
[0,1448,2181,2770,3159,3353]
[0,331,1448,2109,2181,2770,2868,3091,3159,3353]
[0,1448,2181,2770,2868,3091,3159,3353]
[0,331,1448,3353]
[0,2792,2868,3159,3353]
[0,2792,2868,3353]
[0,1448,2770,2868,3353]
[0,1448,2792,3353]
[0,331,1142,1448,2181,3159,3353]
[0,1448,2181,2792,2868,3353]
[0,1448,3159,3353]
[0,2770,2868,3353]
[0,331,1448,2181,3159,3353]
[0,1448,3353]
[0,331,1448,2181,2867,3159,3353]
[0,1448,2181,2770,2868,3159,3353]
[0,1448,2181,2770,2868,3353]
[0,1448,2770,2868,3091,3159,3353]
[0,2770,2868,3159,3353]
[0,2770,2868,3091,3159,3353]
[0,1448,2868,3353]
[0,331,1448,2181,2770,2868,3159,3353]
[0,1448,2181,3353]
[0,2770,3353]
[0,2792,3353]
[0,1448,2181,2867,3159,3353]
