[0,56,720,1258,2017]
[0,56,378,596,1570,1806,2017]
[0,762,1081,1733,2017]
[0,1081,1584,1733,2017]
[0,1570,2017]
[0,56,275,596,1570,1806,2017]
[0,707,1258,1733,2017]
[0,707,2017]
[0,378,720,1321,2017]
[0,56,720,1570,1806,2017]
[0,762,1081,1584,1733,2017]
[0,1570,1806,2017]
[0,720,1258,2017]
[0,240,567,1584,2017]
[0,1321,2017]
[0,418,1405,2017]
[0,275,596,1570,2017]
[0,720,1570,1806,2017]
[0,567,1081,1733,2017]
[0,56,1185,1806,2017]
[0,1185,1806,2017]
[0,56,418,567,1081,1584,1733,2017]
[0,378,596,1570,1806,2017]
[0,418,2017]
[0,56,378,596,1321,1570,1806,2017]
[0,1185,1733,2017]
[0,378,720,1321,1570,1806,2017]
[0,275,596,1321,1761,2017]
[0,336,707,1258,2017]
[0,720,1570,2017]
[0,720,1258,1733,2017]
[0,378,720,1321,1570,2017]
[0,275,596,1321,2017]
[0,596,1570,1806,2017]
[0,56,567,1081,1584,1733,2017]
[0,378,596,2017]
[0,275,418,2017]
[0,336,707,2017]
[0,56,1081,1584,1733,2017]
[0,567,1081,1584,1733,2017]
[0,56,762,1081,1733,2017]
[0,56,275,418,596,1321,1761,2017]
[0,567,2017]
[0,567,1584,1733,2017]
[0,240,567,1081,2017]
[0,56,275,418,1321,2017]
[0,275,596,2017]
[0,596,1806,2017]
[0,275,418,596,1570,1806,2017]
[0,720,1321,1570,2017]
[0,56,378,720,1258,1733,2017]
[0,56,720,1321,1570,1806,2017]
[0,275,418,596,1321,1570,1806,2017]
[0,1185,2017]
[0,596,1321,1570,2017]
[0,240,567,2017]
[0,707,1733,2017]
[0,378,596,1321,1570,1806,2017]
[0,378,596,1570,2017]
[0,275,596,1570,1806,2017]
[0,275,418,596,1321,2017]
[0,336,707,1258,1733,2017]
[0,567,1584,2017]
[0,56,240,567,1584,1733,2017]
[0,1081,2017]
[0,720,2017]
[0,596,1570,2017]
[0,56,720,2017]
[0,378,596,1321,2017]
[0,418,1081,1733,2017]
[0,275,418,1321,2017]
[0,418,1185,2017]
[0,56,720,1258,1733,2017]
[0,762,1081,2017]
[0,275,596,1321,1570,1806,2017]
[0,275,596,1321,1570,2017]
[0,596,1321,2017]
[0,720,1321,1570,1806,2017]
[0,56,762,1081,1584,1733,2017]
[0,418,1321,2017]
[0,378,720,1258,1733,2017]
[0,596,2017]
[0,240,567,1081,1584,1733,2017]
[0,418,1081,2017]
[0,720,1321,2017]
[0,56,275,418,596,1570,1806,2017]
[0,378,596,1321,1570,2017]
[0,418,567,1081,1584,1733,2017]
[0,707,1258,2017]
[0,378,720,1258,2017]
[0,567,1081,2017]
[0,56,275,418,596,1321,2017]
[0,240,567,1584,1733,2017]
[0,418,1185,1733,2017]
[0,240,567,1081,1733,2017]
[0,1081,1733,2017]
[0,56,1081,1733,2017]
[0,56,378,720,1321,1570,1806,2017]
[0,1405,2017]
[0,275,418,596,1321,1761,2017]
[0,56,275,418,596,1321,1570,1806,2017]
[0,56,240,567,1081,1584,1733,2017]
