[0,150,373,448,638,717,997]
[0,41,997]
[0,150,638,997]
[0,150,209,373,448,638,717,997]
[0,209,373,638,997]
[0,41,373,997]
[0,373,448,638,717,997]
[0,150,373,638,997]
[0,373,997]
[0,150,373,638,717,997]
[0,41,209,373,448,638,717,997]
[0,209,638,997]
[0,150,638,717,997]
[0,209,373,448,638,717,997]
[0,150,373,997]
[0,150,997]
[0,41,373,448,638,717,997]
[0,209,638,717,997]
[0,373,638,997]
[0,209,373,997]
[0,41,373,638,717,997]
[0,638,997]
[0,41,638,717,997]
[0,373,638,717,997]
[0,638,717,997]
[0,41,150,209,373,448,638,717,997]
[0,209,373,638,717,997]
[0,41,638,997]
[0,41,209,638,717,997]
