[0,225,622,911,987,1180]
[0,311,622,751,987,1180]
[0,101,225,522,622,751,987,1180]
[0,101,225,911,987,1180]
[0,225,622,751,1180]
[0,622,1180]
[0,60,101,225,911,987,1180]
[0,311,522,622,751,977,1180]
[0,225,911,1180]
[0,311,911,1180]
[0,60,225,311,751,977,1180]
[0,101,225,311,622,751,987,1180]
[0,225,751,987,1180]
[0,225,622,911,1180]
[0,225,311,751,977,1180]
[0,101,225,522,622,911,1180]
[0,311,1180]
[0,225,911,987,1180]
[0,225,622,751,987,1180]
[0,101,225,1180]
[0,60,311,751,977,1180]
[0,311,522,622,911,1180]
[0,60,311,522,622,911,987,1180]
[0,311,622,1180]
[0,225,1180]
[0,311,522,622,751,911,987,1180]
[0,101,225,311,522,622,911,1180]
[0,311,622,751,977,1180]
[0,751,1180]
[0,311,751,977,1180]
[0,101,225,311,522,622,911,987,1180]
[0,101,225,622,751,911,987,1180]
[0,311,522,622,751,987,1180]
[0,101,225,311,622,751,911,987,1180]
[0,311,622,911,987,1180]
[0,311,622,911,1180]
[0,101,225,522,622,911,987,1180]
[0,101,225,622,911,987,1180]
[0,311,911,987,1180]
[0,311,522,622,911,987,1180]
[0,622,911,1180]
[0,60,311,1180]
[0,225,751,1180]
[0,911,1180]
[0,60,311,751,987,1180]
[0,299,1180]
[0,101,225,311,522,622,751,911,987,1180]
[0,311,751,987,1180]
[0,60,311,522,622,751,977,1180]
[0,311,751,1180]
[0,101,225,622,751,987,1180]
[0,101,225,911,1180]
[0,101,225,311,522,622,751,987,1180]
[0,60,101,225,622,911,987,1180]
[0,60,311,522,622,751,911,987,1180]
[0,101,225,622,911,1180]
