[0,460,1969,2053]
[0,1333,2053]
[0,460,944,1333,1585,2053]
[0,52,460,812,929,1044,1893,2053]
[0,460,812,944,1333,2053]
[0,52,812,929,1333,1893,2053]
[0,52,929,1333,1893,2053]
[0,460,944,1969,2053]
[0,52,1333,2053]
[0,929,1333,2053]
[0,640,929,1893,2053]
[0,812,944,1333,1585,2053]
[0,812,929,2053]
[0,460,1893,2053]
[0,944,1333,1585,2053]
[0,460,944,1333,1585,1969,2053]
[0,460,944,1333,1969,2053]
[0,460,929,2053]
[0,812,929,1044,1893,2053]
[0,460,2053]
[0,812,944,1969,2053]
[0,944,2053]
[0,812,1893,2053]
[0,52,929,1333,2053]
[0,52,640,929,1333,1893,2053]
[0,52,460,812,929,1333,1893,2053]
[0,460,812,929,1044,1893,2053]
[0,640,2053]
[0,460,812,944,1333,1969,2053]
[0,460,812,944,1333,1585,1969,2053]
[0,640,929,1969,2053]
[0,812,944,1333,1585,1969,2053]
[0,640,929,1333,1893,2053]
[0,52,1333,1893,2053]
[0,460,1333,2053]
[0,812,1969,2053]
[0,460,929,1333,2053]
[0,812,929,1044,1969,2053]
[0,812,929,1044,1333,2053]
[0,1333,1893,2053]
[0,812,929,1333,1893,2053]
[0,460,812,929,2053]
[0,756,2053]
[0,217,929,2053]
[0,460,812,929,1893,2053]
[0,460,812,944,1333,1585,2053]
[0,812,929,1969,2053]
[0,460,812,929,1044,1333,1969,2053]
[0,460,812,929,1044,1969,2053]
[0,460,944,1333,2053]
[0,460,812,929,1044,1333,2053]
[0,460,812,929,1333,1893,2053]
[0,460,929,1333,1893,2053]
[0,52,812,929,1044,1893,2053]
[0,812,929,1333,2053]
[0,640,929,1333,1969,2053]
[0,929,2053]
[0,640,1969,2053]
[0,1893,2053]
[0,812,944,1333,2053]
[0,812,929,1044,2053]
[0,640,929,1333,1585,1969,2053]
[0,812,2053]
[0,460,812,929,1333,2053]
[0,460,929,1893,2053]
[0,812,929,1893,2053]
[0,52,812,929,1893,2053]
[0,52,640,929,1893,2053]
[0,812,944,2053]
[0,640,929,1333,2053]
[0,460,944,2053]
[0,929,1333,1893,2053]
[0,944,1333,2053]
[0,52,1893,2053]
[0,1969,2053]
[0,640,929,1333,1585,2053]
[0,812,944,1333,1969,2053]
[0,640,1893,2053]
[0,460,812,929,1044,2053]
[0,640,929,2053]
