[0,154,534,1046]
[0,154,534,580,787,859,1046]
[0,154,771,859,1046]
[0,534,580,787,859,1046]
[0,534,580,771,859,1046]
[0,580,1046]
[0,274,534,1046]
[0,111,274,534,580,638,787,859,1046]
[0,111,274,534,638,859,1046]
[0,534,580,859,1046]
[0,274,580,1046]
[0,154,534,580,1046]
[0,154,859,1046]
[0,153,274,859,1046]
[0,153,274,580,859,1046]
[0,111,274,534,787,859,1046]
[0,111,274,534,859,1046]
[0,154,787,859,1046]
[0,111,154,274,534,580,771,859,1046]
[0,154,534,859,1046]
[0,111,274,534,1046]
[0,154,1046]
[0,111,274,771,859,1046]
[0,111,274,787,859,1046]
[0,274,771,859,1046]
[0,111,226,274,534,580,638,787,859,1046]
[0,153,274,534,859,1046]
[0,111,226,274,534,771,859,1046]
[0,274,534,859,1046]
[0,111,274,534,580,771,859,1046]
[0,153,274,534,771,859,1046]
[0,111,154,226,274,534,580,771,859,1046]
[0,274,1046]
[0,111,274,859,1046]
[0,111,226,274,534,580,638,771,859,1046]
[0,154,534,580,771,859,1046]
[0,111,274,534,580,638,771,859,1046]
[0,153,274,1046]
[0,153,274,534,1046]
[0,534,580,1046]
[0,111,154,534,1046]
[0,859,1046]
[0,111,154,226,274,534,580,638,787,859,1046]
[0,787,859,1046]
[0,771,859,1046]
[0,111,154,534,580,859,1046]
[0,111,154,1046]
[0,274,534,580,787,859,1046]
[0,534,859,1046]
[0,274,580,859,1046]
[0,153,274,534,580,771,859,1046]
[0,154,534,787,859,1046]
[0,111,154,534,580,1046]
[0,274,859,1046]
[0,111,154,226,274,534,580,638,771,859,1046]
[0,111,274,534,638,771,859,1046]
[0,154,534,771,859,1046]
[0,111,226,274,534,638,771,859,1046]
[0,111,154,534,580,771,859,1046]
[0,111,274,534,638,787,859,1046]
[0,580,787,859,1046]
[0,580,771,859,1046]
[0,111,154,534,580,787,859,1046]
[0,111,226,274,534,638,787,859,1046]
[0,111,154,274,534,580,638,787,859,1046]
[0,111,154,274,534,580,638,771,859,1046]
[0,274,534,580,771,859,1046]
[0,153,274,534,638,859,1046]
[0,111,274,534,771,859,1046]
[0,274,534,787,859,1046]
[0,154,534,580,859,1046]
[0,274,787,859,1046]
[0,111,154,274,534,580,787,859,1046]
[0,111,274,1046]
[0,111,274,534,580,787,859,1046]
[0,111,226,274,534,580,771,859,1046]
[0,580,859,1046]
[0,153,274,534,580,638,771,859,1046]
[0,274,534,771,859,1046]
[0,153,274,771,859,1046]
[0,153,274,534,638,771,859,1046]
[0,534,1046]
