[0,180,356,550,744,1197]
[0,86,356,756,1082,1197]
[0,339,744,1197]
[0,180,356,756,1197]
[0,86,180,356,550,744,840,1043,1197]
[0,180,356,550,756,840,1031,1082,1197]
[0,180,356,1197]
[0,180,356,407,550,756,1082,1197]
[0,1043,1197]
[0,356,756,1082,1132,1197]
[0,339,744,1082,1197]
[0,356,550,756,1197]
[0,86,180,356,550,744,840,1031,1082,1197]
[0,86,180,356,550,744,840,1082,1197]
[0,180,356,744,840,1043,1197]
[0,180,356,744,1031,1082,1197]
[0,180,356,550,756,1197]
[0,356,550,744,840,1043,1197]
[0,756,1197]
[0,180,356,744,840,1082,1197]
[0,180,356,756,840,1082,1197]
[0,86,180,356,756,840,1031,1082,1197]
[0,356,550,744,1197]
[0,180,356,550,744,1082,1197]
[0,356,407,1197]
[0,744,1082,1197]
[0,356,744,840,1043,1197]
[0,180,356,407,550,756,840,1031,1082,1197]
[0,86,356,756,1031,1082,1197]
[0,180,356,550,756,1082,1197]
[0,180,356,550,744,840,1082,1197]
[0,356,1082,1197]
[0,180,356,407,550,744,1082,1197]
[0,180,356,407,550,744,1031,1082,1197]
[0,86,356,756,1082,1132,1197]
[0,86,180,356,756,840,1082,1197]
[0,86,180,356,756,1082,1197]
[0,339,1197]
[0,744,1197]
[0,180,356,407,550,756,1031,1082,1197]
[0,180,356,407,756,1082,1197]
[0,180,356,550,744,1031,1082,1197]
[0,180,356,550,744,840,1031,1082,1197]
[0,180,356,550,756,1031,1082,1197]
[0,356,407,744,1082,1197]
[0,744,1043,1197]
[0,180,356,744,1043,1197]
[0,356,756,1031,1082,1197]
[0,356,407,550,744,1082,1197]
[0,356,744,1197]
[0,356,1197]
[0,356,550,744,1043,1197]
[0,180,356,550,756,840,1082,1197]
[0,180,356,756,1031,1082,1197]
[0,180,356,550,744,1043,1197]
[0,180,356,744,1197]
[0,356,744,1043,1197]
[0,180,356,744,1082,1197]
[0,1082,1197]
[0,356,744,1082,1197]
[0,180,356,550,744,840,1043,1197]
[0,1082,1132,1197]
[0,756,1082,1132,1197]
[0,756,1082,1197]
[0,180,356,756,1082,1197]
[0,180,356,756,1082,1132,1197]
[0,356,550,744,1082,1197]
[0,180,356,756,840,1031,1082,1197]
[0,356,756,1082,1197]
[0,180,356,744,840,1031,1082,1197]
[0,356,407,756,1082,1197]
[0,180,356,407,550,744,840,1031,1082,1197]
[0,356,407,1082,1197]
[0,356,756,1197]
