[0,398,692,950,1195,1642]
[0,142,398,696,950,1142,1271,1642]
[0,142,398,696,950,1195,1642]
[0,465,1642]
[0,398,508,696,1142,1642]
[0,142,1271,1420,1642]
[0,398,696,1142,1642]
[0,398,696,1642]
[0,142,398,508,696,1195,1642]
[0,142,398,508,696,950,1142,1271,1562,1642]
[0,398,465,1271,1642]
[0,398,692,1195,1552,1642]
[0,714,1267,1642]
[0,142,398,696,950,1142,1642]
[0,142,714,1271,1642]
[0,1141,1552,1642]
[0,398,692,1195,1642]
[0,142,398,508,696,950,1195,1642]
[0,1195,1642]
[0,1271,1420,1642]
[0,142,398,692,1195,1642]
[0,142,398,696,950,1142,1420,1642]
[0,398,1142,1642]
[0,142,398,508,696,950,1142,1562,1642]
[0,398,508,1642]
[0,1267,1642]
[0,398,696,950,1195,1642]
[0,696,1142,1642]
[0,142,398,714,1271,1420,1642]
[0,696,1195,1642]
[0,142,714,1195,1642]
[0,398,465,714,978,1271,1420,1642]
[0,398,696,950,1142,1420,1642]
[0,142,398,508,696,950,1142,1420,1642]
[0,398,465,714,1271,1642]
[0,142,398,465,714,978,1271,1420,1642]
[0,398,692,1642]
[0,398,714,1642]
[0,398,508,696,950,1142,1642]
[0,398,465,1642]
[0,714,1195,1642]
[0,142,398,692,1195,1552,1642]
[0,398,508,1195,1642]
[0,398,508,696,1195,1642]
[0,398,714,978,1271,1562,1642]
[0,696,1642]
[0,142,398,696,1195,1642]
[0,142,398,508,696,1195,1552,1642]
[0,142,1141,1552,1642]
[0,398,508,696,1195,1552,1642]
[0,398,508,1142,1642]
[0,508,1141,1642]
[0,142,398,508,696,950,1142,1266,1420,1642]
[0,398,465,714,978,1271,1562,1642]
[0,142,398,714,978,1271,1562,1642]
[0,142,398,508,696,950,1195,1552,1642]
[0,1142,1642]
[0,142,398,508,696,950,1142,1642]
[0,398,714,1271,1420,1642]
[0,1141,1642]
[0,508,1642]
[0,398,1195,1642]
[0,714,1271,1642]
[0,142,398,465,714,978,1271,1562,1642]
[0,382,714,1642]
[0,142,398,692,950,1195,1642]
[0,142,508,1141,1552,1642]
[0,142,398,508,696,950,1142,1266,1420,1562,1642]
[0,398,465,714,1271,1420,1642]
[0,398,1642]
[0,398,714,978,1271,1420,1642]
[0,142,714,1195,1552,1642]
[0,142,398,692,950,1195,1552,1642]
[0,398,696,1195,1642]
[0,142,398,508,696,950,1142,1271,1642]
[0,398,696,950,1142,1642]
[0,398,465,714,978,1271,1642]
[0,398,714,1271,1642]
[0,398,1271,1642]
[0,142,1271,1642]
[0,142,398,714,978,1271,1420,1642]
[0,398,714,978,1271,1642]
[0,142,714,1642]
[0,398,696,1142,1420,1642]
[0,1271,1642]
[0,398,508,1195,1552,1642]
[0,692,1642]
[0,714,1642]
[0,382,714,1267,1642]
[0,142,1141,1642]
[0,142,398,714,978,1271,1642]
[0,142,508,1141,1642]
[0,142,398,696,950,1142,1266,1420,1642]
[0,692,1195,1642]
