[0,539,661,1046]
[0,228,1046]
[0,343,543,661,760,823,1046]
[0,543,661,760,1046]
[0,343,543,661,1046]
[0,182,272,539,661,1046]
[0,182,250,543,661,1046]
[0,272,539,661,760,1046]
[0,250,543,661,760,1046]
[0,182,343,539,661,1046]
[0,272,539,1046]
[0,239,1046]
[0,272,1046]
[0,182,343,539,661,760,1046]
[0,182,250,543,661,760,823,1046]
[0,182,272,539,661,760,823,900,1046]
[0,182,250,543,661,760,900,1046]
[0,250,543,661,760,900,1046]
[0,343,543,661,760,1046]
[0,272,539,661,760,900,1046]
[0,182,250,543,661,760,1046]
[0,343,539,661,1046]
[0,539,661,760,1046]
[0,343,539,661,760,823,1046]
[0,539,823,1046]
[0,543,661,775,1046]
[0,239,760,1046]
[0,760,1046]
[0,182,343,543,661,760,1046]
[0,182,343,543,661,760,823,1046]
[0,182,343,539,823,1046]
[0,661,1046]
[0,343,823,1046]
[0,250,543,661,900,1046]
[0,661,900,1046]
[0,343,539,1046]
[0,250,661,1046]
[0,182,343,539,1046]
[0,182,250,543,661,760,823,900,1046]
[0,343,539,823,1046]
[0,343,543,661,775,1046]
[0,250,661,900,1046]
[0,250,543,661,1046]
[0,182,343,543,661,775,1046]
[0,272,661,1046]
[0,343,539,661,760,1046]
[0,343,543,1046]
[0,182,823,1046]
[0,272,539,661,900,1046]
[0,823,1046]
[0,182,343,543,1046]
[0,539,1046]
[0,182,343,1046]
[0,182,343,543,661,1046]
[0,182,343,539,661,760,823,1046]
[0,272,539,661,1046]
[0,228,823,1046]
[0,182,272,539,661,760,900,1046]
[0,543,661,1046]
[0,182,272,539,661,760,823,1046]
[0,343,1046]
[0,272,661,900,1046]
[0,182,272,539,661,760,1046]
