[0,209,384,448,548,694,997]
[0,384,548,997]
[0,64,384,448,548,694,997]
[0,64,402,548,641,997]
[0,64,162,209,384,548,641,694,997]
[0,64,384,448,548,641,694,997]
[0,209,548,997]
[0,64,384,548,694,997]
[0,64,209,384,448,548,694,997]
[0,548,694,997]
[0,64,384,548,641,997]
[0,64,209,384,448,548,641,997]
[0,384,997]
[0,64,162,209,384,448,548,641,694,997]
[0,549,997]
[0,64,162,209,384,448,548,694,997]
[0,402,548,641,997]
[0,64,162,209,384,448,548,641,997]
[0,548,641,997]
[0,641,997]
[0,694,997]
[0,64,209,384,548,694,997]
[0,384,548,694,997]
[0,64,209,384,548,641,997]
[0,64,384,548,641,694,997]
[0,64,641,997]
[0,209,402,548,641,997]
[0,402,548,997]
[0,209,402,548,997]
[0,209,549,997]
[0,384,694,997]
[0,384,548,641,997]
[0,64,997]
[0,209,384,694,997]
[0,64,209,641,997]
[0,384,448,548,694,997]
[0,548,997]
[0,384,448,548,641,997]
[0,209,384,548,694,997]
[0,209,384,548,641,997]
[0,64,209,402,548,641,997]
[0,64,162,209,402,548,641,997]
[0,209,384,448,548,641,997]
[0,64,209,384,448,548,641,694,997]
[0,64,384,448,548,641,997]
[0,209,641,997]
[0,64,162,209,384,548,694,997]
[0,64,162,209,384,548,641,997]
[0,64,209,384,548,641,694,997]
[0,209,384,548,997]
