[0,76,556,1046]
[0,402,556,1046]
[0,156,402,556,773,1046]
[0,76,156,385,556,616,1046]
[0,385,556,1046]
[0,556,1046]
[0,402,1046]
[0,76,156,385,1046]
[0,385,598,912,1046]
[0,76,1046]
[0,385,912,1046]
[0,76,156,402,556,773,1046]
[0,912,1046]
[0,76,156,402,556,616,773,1046]
[0,76,156,385,556,598,773,861,1046]
[0,156,385,1046]
[0,156,385,598,1046]
[0,402,773,1046]
[0,76,156,385,556,598,1046]
[0,156,402,556,1046]
[0,76,912,1046]
[0,156,385,556,773,861,1046]
[0,385,773,1046]
[0,76,156,385,556,616,773,861,1046]
[0,156,385,556,1046]
[0,385,556,773,1046]
[0,156,402,556,773,861,1046]
[0,76,156,402,556,616,1046]
[0,385,1046]
[0,156,402,1046]
[0,76,156,385,556,598,773,1046]
[0,76,156,385,556,773,861,1046]
[0,156,385,556,773,1046]
[0,385,598,1046]
[0,257,1046]
[0,156,402,773,1046]
[0,76,156,402,556,773,861,1046]
[0,76,156,385,556,616,773,1046]
[0,76,156,402,556,1046]
[0,76,156,385,556,773,1046]
[0,76,156,344,402,556,616,773,861,1046]
[0,76,156,385,598,1046]
[0,76,156,385,556,1046]
[0,76,156,402,556,616,773,861,1046]
