[0,400,4213,4285]
[0,400,2658,3416,4285]
[0,400,1474,1736,2658,3002,4285]
[0,400,3416,4285]
[0,400,1474,1736,3351,3501,4285]
[0,400,1474,1736,4213,4285]
[0,1880,3416,4285]
[0,400,3416,4213,4285]
[0,400,1736,2658,3002,4285]
[0,400,1474,1736,2658,3351,3501,4285]
[0,400,3002,3904,4285]
[0,400,2982,4285]
[0,400,1474,2658,3002,4213,4285]
[0,400,3002,3501,4285]
[0,400,1474,1736,3002,4285]
[0,1474,1736,4285]
[0,400,1736,4285]
[0,3351,4285]
[0,400,1474,4285]
[0,400,2110,3416,4285]
[0,400,1474,2196,2658,3002,4213,4285]
[0,400,1474,3002,4213,4285]
[0,2110,3416,4285]
[0,400,2658,3351,4285]
[0,400,2982,4213,4285]
[0,1736,3351,4285]
[0,400,3351,4285]
[0,3003,4285]
[0,1266,3002,4285]
[0,400,1266,1527,2110,3416,4285]
[0,400,2110,3416,4213,4285]
[0,400,2110,2982,4285]
[0,400,1474,1736,3351,4285]
[0,3002,3501,4285]
[0,1266,4285]
[0,2110,2982,4285]
[0,400,1266,2658,3002,4285]
[0,3416,4213,4285]
[0,1736,3002,3501,4285]
[0,400,1474,1736,3002,4213,4285]
[0,1736,4213,4285]
[0,3416,4285]
[0,1880,4285]
[0,400,2110,2982,4213,4285]
[0,400,1474,2196,3002,4285]
[0,3002,4285]
[0,400,1266,2196,3002,4285]
[0,400,1474,1736,2658,3002,3501,4285]
[0,400,1266,1527,2110,3416,4213,4285]
[0,400,2658,3416,4213,4285]
[0,1474,3002,4285]
[0,400,1474,1736,2658,3002,3351,4285]
[0,400,1527,2110,3416,4285]
[0,400,1474,1736,2658,3002,3351,3501,4213,4285]
[0,2658,3351,4285]
[0,400,1474,3351,4285]
[0,1474,1736,4213,4285]
[0,1736,3002,4285]
[0,400,1880,3002,4213,4285]
[0,400,3002,4285]
[0,400,1736,2658,3002,3501,4285]
[0,2982,4285]
[0,400,1474,2196,2658,3002,4285]
[0,1736,4285]
[0,1474,4285]
[0,1880,3002,4285]
[0,400,4285]
[0,400,2658,3002,4285]
[0,400,2658,3002,3501,4285]
[0,400,1880,3416,4285]
[0,1527,2110,3416,4285]
[0,400,1474,1736,2658,3002,4213,4285]
[0,400,3904,4285]
[0,400,1474,1736,2658,3002,3351,3501,4285]
[0,400,1736,2658,3002,3351,4285]
[0,400,1880,3002,4285]
[0,400,1266,2196,2658,3002,4213,4285]
[0,400,1266,2196,2658,3002,4285]
[0,2110,4285]
[0,400,2658,3002,3416,4213,4285]
[0,400,1736,3002,3501,4285]
[0,400,1266,3002,4285]
[0,1266,2196,3002,4285]
[0,2658,3416,4285]
[0,400,2110,4285]
[0,1474,2196,3002,4285]
[0,400,1880,3416,4213,4285]
[0,400,1474,1736,2658,3351,4285]
[0,400,1736,2658,3351,4285]
[0,1736,2658,3351,4285]
[0,400,1474,3002,4285]
[0,1474,3351,4285]
[0,400,1266,2658,3002,4213,4285]
[0,400,1736,3002,4285]
[0,400,1474,2658,3002,4285]
[0,4213,4285]
[0,400,2658,3002,4213,4285]
[0,400,3002,4213,4285]
[0,400,1474,1736,4285]
[0,400,1474,1736,2658,3002,3351,4213,4285]
[0,400,1527,2110,3416,4213,4285]
[0,400,2658,3002,3416,4285]
[0,400,1266,4285]
