[0,140,428,547,670,780,997]
[0,140,428,547,670,859,997]
[0,140,206,367,428,597,670,743,859,997]
[0,140,206,428,597,670,780,859,997]
[0,140,997]
[0,140,428,597,670,780,997]
[0,140,428,597,743,859,997]
[0,152,428,547,997]
[0,140,428,547,670,780,859,997]
[0,140,206,367,428,597,670,780,859,997]
[0,140,670,859,997]
[0,206,667,997]
[0,428,997]
[0,670,997]
[0,597,670,997]
[0,140,428,597,780,859,997]
[0,547,670,997]
[0,428,597,743,997]
[0,140,206,367,428,547,670,780,859,997]
[0,152,428,547,670,997]
[0,140,547,670,859,997]
[0,152,428,597,997]
[0,140,428,597,670,743,859,997]
[0,597,997]
[0,428,597,997]
[0,140,428,997]
[0,140,670,997]
[0,597,780,997]
[0,140,206,367,428,547,670,743,859,997]
[0,667,997]
[0,152,997]
[0,140,428,597,670,780,859,997]
[0,152,428,997]
[0,152,670,997]
[0,428,547,670,997]
[0,152,428,547,670,780,997]
[0,140,206,428,597,670,743,859,997]
[0,140,206,428,547,670,780,859,997]
[0,140,206,428,547,670,743,859,997]
[0,140,428,597,743,997]
[0,140,859,997]
[0,428,597,780,997]
[0,428,597,670,997]
[0,152,428,547,670,780,859,997]
[0,140,428,597,670,997]
[0,140,547,670,997]
[0,152,547,670,997]
[0,140,428,547,670,743,997]
[0,140,428,597,997]
[0,140,428,859,997]
[0,140,428,597,670,743,997]
[0,152,428,597,859,997]
[0,140,428,597,780,997]
[0,140,428,597,859,997]
[0,140,428,547,670,743,859,997]
[0,140,428,547,670,997]
