[0,313,825,1393,1951,2211]
[0,262,825,1181,1393,1585,1951,2211]
[0,313,825,1393,2211]
[0,470,825,1181,1585,1951,2211]
[0,470,825,1585,2211]
[0,470,1585,2211]
[0,262,825,1393,2211]
[0,1393,1951,2211]
[0,470,825,1181,1585,2211]
[0,262,470,825,1181,1585,1951,2211]
[0,262,825,1585,1951,2211]
[0,262,470,825,1181,1393,1585,1951,2211]
[0,337,825,1181,1585,2211]
[0,337,825,1585,2211]
[0,825,1393,1951,2211]
[0,825,1585,2211]
[0,1181,1585,2211]
[0,313,825,1181,1585,1951,2211]
[0,470,825,1181,1393,1585,1794,1951,2211]
[0,825,1181,1585,2211]
[0,1585,2211]
[0,313,825,1181,1393,1585,1951,2211]
[0,313,825,1585,1951,2211]
[0,313,825,1181,1585,2211]
[0,337,825,1181,1393,1585,1951,2211]
[0,337,825,1181,1393,1585,1794,1951,2211]
[0,825,1393,2211]
[0,262,825,1393,1951,2211]
[0,299,470,825,1181,1393,1585,1794,1951,2211]
[0,1585,1951,2211]
[0,1433,2211]
[0,470,1181,1585,2211]
[0,313,825,1585,2211]
[0,1393,2211]
[0,825,1585,1951,2211]
[0,337,825,1181,1585,1951,2211]
[0,825,2211]
[0,262,470,825,1585,1951,2211]
[0,262,825,1181,1585,1951,2211]
[0,337,825,1585,1951,2211]
[0,299,470,825,1181,1393,1585,1951,2211]
[0,262,825,1181,1585,2211]
[0,470,825,1585,1951,2211]
[0,470,825,1181,1393,1585,1951,2211]
[0,262,825,1585,2211]
