[0,341,1324,1463,2019]
[0,341,1211,1778,2019]
[0,799,967,1324,2019]
[0,341,799,949,1324,2019]
[0,341,799,949,1128,1324,1463,1778,2019]
[0,341,967,1324,2019]
[0,1128,1324,2019]
[0,1211,1778,2019]
[0,799,975,2019]
[0,341,799,975,1211,2019]
[0,1324,2019]
[0,341,401,799,975,1324,1757,2019]
[0,341,799,949,1128,1324,1778,2019]
[0,1324,1778,2019]
[0,967,1324,1757,2019]
[0,341,799,949,1324,1778,2019]
[0,1324,1463,2019]
[0,949,1324,1463,2019]
[0,341,975,1211,1778,2019]
[0,341,799,1128,1324,1463,2019]
[0,806,2019]
[0,1211,2019]
[0,799,1128,1324,2019]
[0,341,799,1778,2019]
[0,806,1495,2019]
[0,341,401,799,1128,1324,1463,2019]
[0,341,401,799,975,1324,2019]
[0,799,1128,1324,1463,2019]
[0,975,1324,2019]
[0,341,967,1324,1757,2019]
[0,867,2019]
[0,836,1463,2019]
[0,341,1505,2019]
[0,1505,2019]
[0,341,799,1324,2019]
[0,341,799,1128,1324,2019]
[0,341,836,1463,2019]
[0,341,836,2019]
[0,341,799,1324,1463,2019]
[0,341,1463,2019]
[0,799,949,1324,2019]
[0,341,1324,1778,2019]
[0,836,2019]
[0,799,949,1324,1778,2019]
[0,975,1211,1778,2019]
[0,1463,2019]
[0,341,867,1505,2019]
[0,1128,1324,1463,2019]
[0,341,799,975,1324,1757,2019]
[0,341,799,967,1324,1757,2019]
[0,799,949,1324,1463,2019]
[0,799,975,1324,2019]
[0,341,799,1324,1463,1778,2019]
[0,341,401,799,949,1128,1324,1463,1778,2019]
[0,341,1324,2019]
[0,341,799,949,1128,1324,1463,2019]
[0,341,401,799,949,1128,1324,1463,2019]
[0,949,1324,1778,2019]
[0,799,1324,1778,2019]
[0,341,806,1495,2019]
[0,867,1505,2019]
[0,341,799,1128,1324,1778,2019]
[0,341,806,1495,1778,2019]
[0,341,799,949,1128,1324,2019]
[0,949,1324,2019]
[0,341,799,949,1324,1463,2019]
[0,341,975,1324,2019]
[0,799,975,1211,2019]
[0,341,799,967,1324,2019]
[0,341,806,2019]
[0,341,1211,2019]
[0,967,1324,2019]
[0,341,975,1324,1757,2019]
[0,975,1324,1757,2019]
[0,341,836,1463,1778,2019]
[0,341,799,2019]
[0,799,1324,2019]
[0,341,799,975,1211,1778,2019]
[0,799,1128,1324,1778,2019]
[0,341,806,1778,2019]
[0,755,2019]
[0,799,2019]
[0,341,799,1324,1778,2019]
[0,341,836,1778,2019]
[0,341,799,975,1324,2019]
[0,341,975,1211,2019]
[0,799,967,2019]
[0,341,799,949,1324,1463,1778,2019]
[0,975,1211,2019]
