[0,50,130,1046]
[0,233,365,630,680,958,1046]
[0,130,233,365,422,680,1046]
[0,50,130,233,391,651,1046]
[0,130,233,378,680,768,1046]
[0,130,233,365,422,680,958,1046]
[0,233,391,651,1046]
[0,50,130,233,378,1046]
[0,233,378,630,680,1046]
[0,680,915,1046]
[0,130,233,365,680,768,1046]
[0,130,233,365,630,680,768,958,1046]
[0,233,365,630,680,768,958,1046]
[0,233,365,422,680,768,1046]
[0,233,365,680,768,958,1046]
[0,365,958,1046]
[0,233,365,680,958,1046]
[0,50,130,233,365,630,680,768,915,958,1046]
[0,50,958,1046]
[0,130,233,365,680,768,958,1046]
[0,50,233,378,680,958,1046]
[0,391,680,1046]
[0,365,680,915,1046]
[0,50,130,233,391,651,768,1046]
[0,130,233,365,680,958,1046]
[0,50,130,233,365,630,680,768,1046]
[0,50,130,233,365,422,630,680,958,1046]
[0,50,365,958,1046]
[0,130,233,365,680,1046]
[0,50,130,233,365,630,680,768,958,1046]
[0,130,233,378,680,1046]
[0,50,130,233,365,630,680,915,958,1046]
[0,130,233,365,423,680,768,958,1046]
[0,233,365,423,680,768,958,1046]
[0,50,365,680,958,1046]
[0,130,233,365,422,630,680,958,1046]
[0,50,130,233,365,680,1046]
[0,365,680,958,1046]
[0,50,365,1046]
[0,50,233,378,680,915,958,1046]
[0,50,130,233,378,630,680,915,958,1046]
[0,233,365,422,630,680,768,958,1046]
[0,50,130,233,365,422,630,680,768,1046]
[0,50,130,233,365,680,915,958,1046]
[0,50,130,233,365,422,630,680,915,958,1046]
[0,50,130,233,378,630,680,768,1046]
[0,233,365,630,680,768,1046]
[0,50,130,233,365,423,630,680,768,958,1046]
[0,130,233,391,1046]
[0,130,233,378,1046]
[0,50,130,233,378,680,958,1046]
[0,50,130,233,378,630,680,768,915,958,1046]
[0,50,365,680,915,958,1046]
[0,233,365,422,630,680,958,1046]
[0,130,233,365,630,680,1046]
[0,130,233,365,422,630,680,768,1046]
[0,50,233,365,680,958,1046]
[0,130,233,378,630,680,768,1046]
[0,50,130,233,365,422,630,680,768,915,958,1046]
[0,130,233,365,422,680,768,1046]
[0,50,130,233,391,1046]
[0,915,958,1046]
[0,233,365,422,630,680,768,1046]
[0,130,1046]
[0,233,378,630,680,768,1046]
[0,680,958,1046]
[0,50,130,233,365,422,630,680,768,958,1046]
[0,50,130,233,378,630,680,958,1046]
[0,365,680,1046]
[0,391,651,1046]
[0,651,1046]
[0,378,680,958,1046]
[0,130,233,378,630,680,1046]
[0,233,391,651,768,1046]
[0,50,233,378,680,1046]
[0,50,365,680,1046]
[0,233,378,680,1046]
[0,233,365,423,630,680,768,958,1046]
[0,233,378,680,768,958,1046]
[0,233,391,680,1046]
[0,50,378,1046]
[0,233,378,630,680,958,1046]
[0,50,680,958,1046]
[0,958,1046]
[0,233,378,680,768,1046]
[0,50,680,915,958,1046]
[0,50,130,233,365,680,768,1046]
[0,50,378,680,915,958,1046]
[0,130,233,365,630,680,768,1046]
[0,378,680,1046]
[0,233,365,1046]
[0,130,233,365,422,630,680,1046]
[0,233,365,422,680,1046]
[0,130,233,365,422,680,768,958,1046]
[0,130,233,1046]
[0,50,130,233,378,630,680,1046]
[0,365,1046]
[0,130,233,378,630,680,768,958,1046]
[0,50,130,233,378,680,1046]
[0,233,365,680,768,1046]
[0,130,233,378,680,958,1046]
[0,50,915,958,1046]
[0,233,378,680,958,1046]
[0,50,130,233,1046]
[0,50,130,233,365,680,958,1046]
[0,130,233,378,680,768,958,1046]
[0,50,130,233,365,422,630,680,1046]
[0,50,365,915,958,1046]
[0,50,130,233,378,630,680,768,958,1046]
[0,130,233,378,630,680,958,1046]
[0,233,365,422,680,958,1046]
[0,130,233,365,630,680,958,1046]
[0,50,233,365,680,1046]
[0,233,365,680,1046]
[0,130,233,365,422,630,680,768,958,1046]
[0,50,130,233,365,630,680,1046]
[0,233,365,422,630,680,1046]
[0,50,378,680,958,1046]
[0,233,378,1046]
[0,50,130,233,365,630,680,958,1046]
[0,50,233,365,680,915,958,1046]
[0,233,378,630,680,768,958,1046]
[0,233,365,422,680,768,958,1046]
[0,680,1046]
[0,233,391,1046]
[0,130,233,365,423,630,680,768,958,1046]
[0,233,1046]
[0,50,130,233,378,680,915,958,1046]
[0,50,130,233,365,423,630,680,768,915,958,1046]
[0,378,1046]
[0,50,378,680,1046]
[0,130,233,391,651,768,1046]
[0,233,365,630,680,1046]
[0,130,233,391,651,1046]
[0,50,1046]
