[0,133,267,379,468,1327]
[0,227,468,822,997,1327]
[0,133,267,379,468,731,822,997,1327]
[0,133,267,379,468,546,997,1327]
[0,133,267,546,1327]
[0,133,267,546,731,1327]
[0,133,267,468,546,731,822,1327]
[0,106,379,997,1327]
[0,133,267,468,822,997,1327]
[0,188,1020,1327]
[0,133,267,379,468,1079,1327]
[0,267,468,1079,1327]
[0,106,227,379,468,997,1327]
[0,267,468,546,1327]
[0,1079,1327]
[0,106,227,379,468,822,997,1327]
[0,379,1079,1327]
[0,227,379,997,1327]
[0,227,379,1327]
[0,133,267,379,468,997,1079,1327]
[0,267,546,997,1327]
[0,267,546,822,997,1327]
[0,106,193,379,468,546,997,1079,1327]
[0,133,267,379,468,546,822,997,1079,1327]
[0,267,1079,1327]
[0,133,267,379,468,546,997,1079,1327]
[0,227,822,997,1327]
[0,106,193,379,468,822,997,1327]
[0,106,379,822,997,1327]
[0,379,1327]
[0,133,267,379,468,731,822,997,1079,1327]
[0,106,1327]
[0,546,1327]
[0,379,997,1327]
[0,106,227,379,468,546,997,1079,1327]
[0,468,1020,1327]
[0,106,193,379,468,546,997,1327]
[0,227,546,1327]
[0,133,267,731,822,997,1327]
[0,822,997,1327]
[0,106,227,379,468,546,822,997,1079,1327]
[0,106,227,379,1327]
[0,546,731,1327]
[0,997,1327]
[0,106,227,379,468,546,997,1327]
[0,106,379,1327]
[0,106,227,379,468,822,1327]
[0,133,267,379,468,546,731,822,997,1079,1327]
[0,188,468,1020,1327]
[0,133,267,468,1327]
[0,227,468,822,1327]
[0,106,227,1327]
[0,267,822,997,1327]
[0,133,267,822,1327]
[0,106,227,468,1079,1327]
[0,133,267,379,468,546,731,822,997,1327]
[0,106,379,822,1327]
[0,106,227,379,468,997,1079,1327]
[0,133,267,379,468,822,997,1327]
[0,267,468,1327]
[0,106,227,379,468,1079,1327]
[0,106,227,519,1327]
[0,267,546,731,1327]
[0,133,267,731,822,1327]
[0,133,267,468,731,822,997,1327]
[0,267,822,1327]
[0,106,193,379,468,997,1079,1327]
[0,106,227,468,546,1327]
[0,106,379,1079,1327]
[0,133,267,1327]
[0,106,193,468,546,1327]
[0,106,193,1327]
[0,106,193,379,468,546,1327]
[0,106,227,379,468,1327]
[0,106,227,379,468,822,997,1079,1327]
[0,822,1327]
[0,106,227,379,468,546,1327]
[0,494,1327]
[0,106,227,468,1327]
[0,1020,1327]
[0,106,193,379,1327]
[0,494,731,1020,1327]
[0,106,379,468,822,1327]
[0,133,267,379,468,546,1327]
[0,133,267,379,468,997,1327]
[0,267,468,997,1327]
[0,494,1020,1327]
[0,133,267,546,822,997,1327]
[0,106,193,379,468,997,1327]
[0,133,267,468,1079,1327]
[0,133,267,468,546,731,1327]
[0,106,227,822,1327]
[0,267,1327]
[0,322,1327]
[0,106,379,468,822,997,1327]
[0,106,227,519,731,1327]
[0,106,193,546,1327]
[0,106,227,468,822,1327]
[0,267,468,822,997,1327]
[0,267,546,1327]
[0,267,997,1327]
[0,468,822,1327]
[0,519,1020,1327]
[0,379,822,997,1327]
[0,106,379,468,1079,1327]
[0,227,519,731,1020,1327]
[0,133,267,468,546,1327]
[0,133,267,468,997,1327]
[0,519,731,1020,1327]
[0,133,267,546,731,822,997,1327]
[0,106,193,379,468,1327]
[0,106,379,468,1327]
[0,133,267,379,468,822,997,1079,1327]
[0,106,227,468,822,997,1327]
[0,227,1327]
[0,227,519,1327]
[0,468,1079,1327]
[0,133,267,379,468,546,822,997,1327]
[0,106,379,468,997,1327]
[0,227,519,1020,1327]
[0,106,193,379,468,822,997,1079,1327]
[0,519,731,1327]
[0,106,193,379,468,822,1327]
[0,106,546,1327]
[0,106,227,822,997,1327]
[0,133,267,468,546,731,822,997,1327]
[0,106,227,546,1327]
[0,227,468,1079,1327]
[0,546,997,1327]
[0,519,997,1327]
[0,106,227,379,997,1327]
[0,519,1327]
[0,133,267,822,997,1327]
[0,468,546,1327]
[0,468,1327]
[0,468,997,1327]
[0,267,468,822,1327]
[0,106,227,519,731,1020,1327]
[0,106,193,379,468,546,822,997,1079,1327]
[0,227,468,1327]
[0,322,997,1327]
[0,106,193,379,468,1079,1327]
[0,379,822,1327]
[0,227,519,731,1327]
[0,227,822,1327]
[0,133,267,546,731,822,1327]
