[0,80,275,396,1046]
[0,80,275,391,467,586,746,945,1046]
[0,275,586,806,1046]
[0,275,391,586,806,945,1046]
[0,275,396,1046]
[0,275,391,467,586,746,1046]
[0,275,396,467,586,689,806,945,1046]
[0,275,396,586,689,806,945,1046]
[0,275,396,945,1046]
[0,80,308,586,1046]
[0,80,431,586,806,945,1046]
[0,275,391,467,586,806,945,1046]
[0,391,586,806,1046]
[0,275,396,806,1046]
[0,275,396,467,1046]
[0,73,275,391,467,586,1046]
[0,431,586,806,1046]
[0,275,391,467,586,689,806,945,1046]
[0,275,391,1046]
[0,80,275,396,467,945,1046]
[0,275,431,586,1046]
[0,391,586,746,1046]
[0,275,431,623,1046]
[0,80,1046]
[0,73,275,391,467,586,806,945,1046]
[0,586,1046]
[0,80,275,623,916,1046]
[0,586,806,945,1046]
[0,275,391,586,945,1046]
[0,275,391,945,1046]
[0,73,391,467,1046]
[0,80,275,396,586,689,806,945,1046]
[0,80,275,391,467,586,746,1046]
[0,431,586,806,945,1046]
[0,275,391,586,1046]
[0,275,586,1046]
[0,275,396,586,689,806,1046]
[0,275,431,586,806,945,1046]
[0,80,586,945,1046]
[0,80,275,431,623,916,1046]
[0,80,275,396,945,1046]
[0,396,586,1046]
[0,73,138,275,391,467,1046]
[0,275,1046]
[0,80,275,1046]
[0,275,391,467,1046]
[0,275,391,806,1046]
[0,275,396,586,689,1046]
[0,275,391,586,689,1046]
[0,80,275,396,806,945,1046]
[0,80,138,275,396,467,1046]
[0,73,275,391,467,586,689,1046]
[0,275,586,945,1046]
[0,275,821,1046]
[0,396,467,1046]
[0,431,586,1046]
[0,80,275,396,467,1046]
[0,275,431,586,806,1046]
[0,80,275,623,1046]
[0,275,391,467,945,1046]
[0,80,275,431,586,806,945,1046]
[0,80,275,396,467,586,806,945,1046]
[0,275,391,586,746,1046]
[0,275,396,467,586,945,1046]
[0,586,945,1046]
[0,275,623,916,1046]
[0,275,391,467,806,945,1046]
[0,73,138,275,391,467,586,689,806,945,1046]
[0,73,138,391,467,1046]
[0,73,138,275,391,467,945,1046]
[0,275,586,689,1046]
[0,275,391,467,586,1046]
[0,73,275,391,467,586,689,806,945,1046]
[0,275,396,467,586,806,945,1046]
[0,275,396,586,1046]
[0,73,275,391,467,945,1046]
[0,80,138,275,396,467,945,1046]
[0,275,806,945,1046]
[0,73,138,275,391,467,586,689,1046]
[0,73,138,275,391,467,586,1046]
[0,73,138,275,391,467,806,945,1046]
[0,275,445,821,1046]
[0,276,1046]
[0,138,275,586,945,1046]
[0,391,586,1046]
[0,586,806,1046]
[0,80,275,396,467,586,689,806,945,1046]
[0,80,138,275,396,467,806,945,1046]
[0,73,275,391,467,1046]
[0,80,586,1046]
[0,80,275,396,586,945,1046]
[0,586,689,1046]
[0,806,945,1046]
[0,275,396,467,945,1046]
[0,73,138,275,391,467,586,806,945,1046]
[0,275,391,806,945,1046]
[0,391,467,1046]
[0,275,391,586,689,806,945,1046]
[0,396,586,806,1046]
[0,806,1046]
[0,467,1046]
[0,80,138,275,396,467,586,689,806,945,1046]
[0,275,396,586,945,1046]
[0,586,746,1046]
[0,73,275,391,467,806,945,1046]
[0,275,396,467,806,945,1046]
[0,275,431,586,945,1046]
[0,80,138,275,396,467,586,806,945,1046]
[0,275,396,586,806,1046]
[0,275,391,586,806,1046]
[0,275,806,1046]
[0,275,445,1046]
[0,275,391,586,746,945,1046]
[0,80,275,391,586,746,945,1046]
[0,276,746,1046]
[0,275,431,623,916,1046]
[0,275,391,586,689,806,1046]
[0,80,275,396,586,806,945,1046]
[0,623,1046]
[0,746,1046]
[0,138,275,586,1046]
[0,80,275,396,467,806,945,1046]
[0,80,275,391,586,746,1046]
[0,275,623,1046]
[0,275,396,806,945,1046]
[0,275,391,467,586,689,1046]
[0,80,586,806,945,1046]
[0,275,396,586,806,945,1046]
[0,308,586,1046]
