[0,441,1028,1465]
[0,93,441,535,664,768,970,1028,1465]
[0,535,768,970,1028,1465]
[0,93,490,664,1028,1213,1465]
[0,535,1465]
[0,93,441,535,664,782,970,1028,1465]
[0,768,1465]
[0,196,664,1028,1213,1465]
[0,782,970,1028,1465]
[0,93,223,441,535,664,893,1028,1465]
[0,535,768,1465]
[0,223,441,535,664,1028,1465]
[0,93,535,768,1028,1465]
[0,223,441,535,664,893,1028,1465]
[0,441,535,664,893,1028,1465]
[0,441,664,1028,1465]
[0,535,664,768,1028,1465]
[0,93,535,782,970,1028,1465]
[0,93,441,535,664,1028,1465]
[0,223,441,664,893,1028,1465]
[0,664,1028,1465]
[0,196,1028,1465]
[0,490,664,1028,1213,1465]
[0,441,1465]
[0,93,1028,1465]
[0,490,1028,1465]
[0,93,535,664,1028,1465]
[0,782,1465]
[0,535,664,782,1028,1465]
[0,93,441,535,664,893,1028,1465]
[0,535,782,1465]
[0,93,535,664,768,970,1028,1465]
[0,196,664,1028,1465]
[0,93,535,768,970,1028,1465]
[0,441,535,664,1028,1465]
[0,93,441,535,664,768,1028,1465]
[0,782,1028,1465]
[0,93,535,664,782,970,1028,1465]
[0,1028,1465]
[0,535,1028,1465]
[0,768,970,1028,1465]
[0,223,441,664,1028,1465]
[0,535,664,893,1028,1465]
[0,93,535,664,782,1028,1465]
[0,768,1028,1465]
[0,893,1028,1465]
[0,223,664,893,1028,1465]
[0,93,535,664,893,1028,1465]
[0,223,535,1028,1465]
[0,93,535,664,768,1028,1465]
[0,664,1465]
[0,535,664,1465]
[0,441,535,664,782,1028,1465]
[0,490,1465]
[0,93,490,664,1028,1465]
[0,93,490,1028,1465]
[0,223,535,664,893,1028,1465]
[0,490,664,1028,1465]
[0,441,664,893,1028,1465]
[0,223,664,1028,1465]
[0,93,535,782,1028,1465]
[0,664,1028,1213,1465]
[0,93,223,441,535,664,1028,1465]
[0,93,441,535,664,782,1028,1465]
[0,535,664,1028,1465]
[0,535,782,1028,1465]
[0,535,782,970,1028,1465]
[0,223,535,664,1028,1465]
[0,535,768,1028,1465]
[0,93,535,782,1465]
[0,970,1028,1465]
[0,441,535,664,768,1028,1465]
[0,664,893,1028,1465]
