[0,466,2255,2956]
[0,466,712,1790,2835,2956]
[0,1070,2180,2956]
[0,466,712,2956]
[0,387,2180,2956]
[0,2255,2956]
[0,712,1790,2835,2956]
[0,387,466,2180,2269,2835,2956]
[0,2180,2956]
[0,1070,2180,2313,2835,2956]
[0,712,1790,2956]
[0,387,466,1070,2835,2956]
[0,2247,2313,2956]
[0,1786,2956]
[0,466,2180,2956]
[0,387,466,2835,2956]
[0,2180,2313,2835,2956]
[0,387,1070,2180,2956]
[0,387,2180,2269,2835,2956]
[0,2180,2269,2835,2956]
[0,1070,2247,2313,2835,2956]
[0,1459,2835,2956]
[0,1070,2835,2956]
[0,1790,2956]
[0,712,2835,2956]
[0,387,466,1070,2180,2269,2835,2956]
[0,466,712,1790,2956]
[0,387,466,1070,2180,2247,2835,2956]
[0,1459,1786,2180,2956]
[0,2180,2835,2956]
[0,1070,2180,2835,2956]
[0,387,466,1070,2180,2835,2956]
[0,1070,2247,2956]
[0,387,1070,2956]
[0,712,2313,2956]
[0,1070,2956]
[0,2835,2956]
[0,387,1070,2180,2269,2835,2956]
[0,2247,2956]
[0,387,1070,2835,2956]
[0,2313,2956]
[0,712,1505,2956]
[0,1459,2956]
[0,2247,2313,2835,2956]
[0,2180,2269,2956]
[0,1070,2180,2269,2835,2956]
[0,387,2835,2956]
[0,466,712,2835,2956]
[0,1505,2956]
[0,387,2956]
[0,387,1070,2180,2835,2956]
[0,387,2180,2835,2956]
[0,2180,2313,2956]
[0,1070,2180,2313,2956]
[0,712,2247,2313,2835,2956]
[0,711,2180,2835,2956]
[0,712,2313,2835,2956]
[0,1459,2180,2956]
[0,1459,1786,2180,2835,2956]
[0,466,2180,2835,2956]
[0,2313,2835,2956]
[0,1459,1786,2835,2956]
[0,711,2180,2956]
[0,466,712,1505,2835,2956]
[0,1459,1786,2956]
[0,1070,2247,2835,2956]
[0,466,712,1505,2956]
[0,712,2956]
