[0,77,277,437,625,832,1082,1197]
[0,277,442,625,740,832,1082,1197]
[0,625,740,973,1031,1082,1197]
[0,740,973,1031,1082,1197]
[0,77,493,784,1197]
[0,625,787,1024,1082,1197]
[0,277,437,625,729,832,1082,1197]
[0,625,832,973,1031,1082,1197]
[0,625,751,1197]
[0,77,437,625,729,832,973,1031,1082,1197]
[0,832,1197]
[0,437,625,832,973,1082,1197]
[0,277,442,625,740,832,973,1082,1197]
[0,77,625,832,1082,1197]
[0,277,442,751,1197]
[0,277,832,973,1197]
[0,77,277,437,625,729,832,973,1082,1197]
[0,437,625,729,832,973,1197]
[0,277,437,625,832,1082,1197]
[0,442,1197]
[0,277,442,625,751,1024,1082,1197]
[0,751,1082,1197]
[0,493,784,1197]
[0,973,1082,1197]
[0,412,973,1197]
[0,77,625,729,832,973,1082,1197]
[0,277,442,625,740,1082,1197]
[0,277,442,740,1197]
[0,787,1024,1082,1197]
[0,442,740,1197]
[0,442,751,1197]
[0,77,625,729,832,973,1031,1197]
[0,277,442,625,751,1082,1197]
[0,442,625,787,1024,1082,1197]
[0,277,437,625,832,1197]
[0,442,625,751,1024,1082,1197]
[0,787,1197]
[0,625,832,1082,1197]
[0,77,277,437,625,729,832,973,1031,1082,1197]
[0,625,729,832,973,1082,1197]
[0,77,277,442,625,751,1082,1197]
[0,442,625,787,1082,1197]
[0,437,625,832,1082,1197]
[0,77,277,832,973,1197]
[0,625,832,973,1031,1197]
[0,277,437,625,729,832,973,1197]
[0,277,437,625,729,832,973,1082,1197]
[0,740,973,1082,1197]
[0,442,625,740,832,973,1031,1082,1197]
[0,277,442,625,787,1082,1197]
[0,625,787,1197]
[0,437,625,729,832,1082,1197]
[0,442,625,787,1197]
[0,277,442,625,1197]
[0,77,277,442,625,751,1024,1082,1197]
[0,437,625,832,1197]
[0,437,625,729,832,973,1082,1197]
[0,277,437,625,832,973,1197]
[0,277,740,1197]
[0,277,751,1197]
[0,625,740,1082,1197]
[0,77,277,442,625,740,832,973,1031,1082,1197]
[0,442,625,740,832,973,1082,1197]
[0,625,751,1082,1197]
[0,740,1082,1197]
[0,751,1197]
[0,784,1197]
[0,740,1197]
[0,277,442,625,740,973,1082,1197]
[0,77,277,437,625,729,832,1082,1197]
[0,277,442,740,1082,1197]
[0,625,832,973,1197]
[0,1024,1082,1197]
[0,437,625,832,973,1197]
[0,442,625,740,832,1082,1197]
[0,77,277,442,625,740,1082,1197]
[0,277,740,1082,1197]
[0,77,437,625,729,832,973,1197]
[0,625,832,1197]
[0,77,277,442,625,787,1082,1197]
[0,973,1197]
[0,625,729,832,1082,1197]
[0,832,973,1082,1197]
[0,277,437,625,832,973,1082,1197]
[0,973,1031,1082,1197]
[0,625,832,973,1082,1197]
[0,442,625,740,1082,1197]
[0,442,625,740,973,1082,1197]
[0,625,787,1082,1197]
[0,832,973,1031,1197]
[0,787,1082,1197]
[0,77,437,625,832,1082,1197]
[0,277,442,625,751,1197]
[0,277,442,625,787,1024,1082,1197]
[0,77,277,437,625,729,832,973,1031,1197]
[0,77,437,625,729,832,973,1082,1197]
[0,832,1082,1197]
[0,77,625,729,832,1082,1197]
[0,77,277,437,625,729,832,973,1197]
[0,77,437,625,729,832,973,1031,1197]
[0,121,493,784,1197]
[0,1031,1082,1197]
[0,1082,1197]
[0,77,277,442,625,740,832,973,1082,1197]
[0,277,442,625,740,832,973,1031,1082,1197]
[0,77,625,729,832,973,1031,1082,1197]
[0,77,277,442,625,787,1024,1082,1197]
[0,442,740,1082,1197]
[0,77,832,973,1197]
[0,442,625,740,973,1031,1082,1197]
[0,442,625,1197]
[0,77,625,729,832,973,1197]
[0,625,729,832,973,1031,1197]
[0,625,729,832,973,1197]
[0,77,437,625,729,832,1082,1197]
[0,625,740,973,1082,1197]
[0,832,973,1031,1082,1197]
[0,442,625,751,1197]
[0,442,625,751,1082,1197]
[0,277,442,625,787,1197]
[0,625,751,1024,1082,1197]
[0,625,729,832,973,1031,1082,1197]
[0,832,973,1197]
[0,77,277,442,625,740,832,1082,1197]
[0,412,1197]
[0,277,832,1197]
