[0,85,147,707,767,967,1318,1465]
[0,290,967,1465]
[0,707,1465]
[0,290,707,1137,1318,1465]
[0,147,1137,1318,1465]
[0,147,290,707,1318,1465]
[0,85,147,290,590,707,1137,1318,1465]
[0,290,767,1318,1465]
[0,821,1465]
[0,85,147,767,967,1318,1465]
[0,147,290,707,1137,1318,1465]
[0,290,767,967,1318,1465]
[0,707,1318,1465]
[0,290,590,767,1137,1465]
[0,147,290,1137,1318,1465]
[0,147,590,767,1318,1465]
[0,290,1318,1465]
[0,590,967,1318,1465]
[0,368,590,707,767,1318,1465]
[0,147,290,590,707,1137,1318,1465]
[0,147,767,1318,1465]
[0,590,767,1318,1465]
[0,147,290,590,967,1318,1465]
[0,147,767,967,1318,1465]
[0,147,590,967,1318,1465]
[0,147,707,1318,1465]
[0,147,1465]
[0,290,767,1137,1465]
[0,290,967,1318,1465]
[0,767,967,1318,1465]
[0,590,767,967,1318,1465]
[0,707,1137,1465]
[0,290,590,707,1137,1318,1465]
[0,85,147,290,590,707,767,967,1318,1465]
[0,290,590,767,967,1465]
[0,1137,1465]
[0,1137,1318,1465]
[0,290,1137,1465]
[0,85,147,707,1137,1318,1465]
[0,368,590,767,1465]
[0,85,147,967,1318,1465]
[0,290,707,1137,1465]
[0,223,1465]
[0,290,1137,1318,1465]
[0,147,590,707,1137,1318,1465]
[0,368,590,967,1465]
[0,147,368,590,707,767,967,1318,1465]
[0,85,147,368,590,707,767,967,1318,1465]
[0,47,290,590,707,767,967,1318,1465]
[0,368,590,707,767,967,1318,1465]
[0,147,368,590,767,967,1318,1465]
[0,368,1465]
[0,767,1318,1465]
[0,290,707,1465]
[0,223,707,1137,1465]
[0,85,147,1137,1318,1465]
[0,290,590,967,1318,1465]
[0,85,147,290,590,967,1318,1465]
[0,767,1137,1465]
[0,368,767,1465]
[0,85,147,590,707,1137,1318,1465]
[0,290,590,767,1318,1465]
[0,590,767,1465]
[0,368,967,1465]
[0,290,707,767,967,1318,1465]
[0,707,1137,1318,1465]
[0,290,821,1465]
[0,147,707,1137,1318,1465]
[0,368,590,767,1318,1465]
[0,368,590,767,967,1318,1465]
[0,147,707,1465]
[0,85,147,590,767,967,1318,1465]
[0,147,290,590,767,967,1318,1465]
[0,290,1465]
[0,85,147,590,967,1318,1465]
[0,290,590,767,1465]
[0,767,967,1465]
[0,147,590,767,967,1318,1465]
[0,85,147,590,707,767,967,1318,1465]
[0,147,707,767,1318,1465]
[0,590,967,1465]
[0,147,967,1318,1465]
[0,85,147,290,590,767,967,1318,1465]
[0,147,707,767,967,1318,1465]
[0,290,707,1318,1465]
[0,223,707,1465]
[0,707,767,1318,1465]
[0,290,767,967,1465]
[0,85,147,368,590,767,967,1318,1465]
[0,290,590,767,967,1318,1465]
[0,290,590,967,1465]
[0,368,590,767,967,1465]
[0,290,590,707,767,967,1318,1465]
[0,767,1465]
[0,967,1318,1465]
[0,290,767,1465]
[0,967,1465]
[0,290,590,767,1137,1318,1465]
[0,290,707,767,1318,1465]
[0,590,767,967,1465]
[0,147,290,590,767,1137,1318,1465]
