[0,1577,1979,4285]
[0,2282,4285]
[0,132,1577,2282,2579,3158,3353,3819,4285]
[0,484,4285]
[0,484,1933,2282,3951,4285]
[0,484,1577,2282,3116,3504,4285]
[0,3158,4285]
[0,1045,1577,1979,2703,3116,4285]
[0,2282,2579,3353,3819,4285]
[0,132,1577,2282,3353,4285]
[0,132,1105,1577,2282,2579,3158,3353,3819,4285]
[0,2282,2579,4285]
[0,132,1577,2282,4285]
[0,1045,1832,2645,3158,4285]
[0,3158,3910,4285]
[0,132,2282,3158,3819,4285]
[0,3158,3353,4285]
[0,283,1045,1832,3158,3910,4285]
[0,1045,1577,2282,2703,3116,3504,4285]
[0,484,1577,1933,2282,3116,3951,4285]
[0,1979,3116,4285]
[0,1933,2282,3116,4285]
[0,224,1577,1979,3910,4285]
[0,1577,2282,2579,4285]
[0,484,1577,1933,2282,3116,3504,4285]
[0,132,1933,2282,4285]
[0,2282,3158,3353,4285]
[0,1577,2282,2579,3353,4285]
[0,484,1577,2282,3116,4285]
[0,1045,1577,1933,2282,3116,3504,4285]
[0,1577,2282,2579,3158,3353,4285]
[0,1577,2282,3353,3819,4285]
[0,1045,3158,3910,4285]
[0,1577,1979,3116,4285]
[0,1577,2282,3158,3353,4285]
[0,1105,1577,2282,2579,3158,3353,4285]
[0,1045,1577,2282,3116,3504,4285]
[0,1933,4285]
[0,1045,3158,4285]
[0,1577,2282,3353,4285]
[0,1045,1577,2282,3116,4285]
[0,132,424,1577,1933,2282,2579,3158,3353,3819,4285]
[0,1045,1577,2703,4285]
[0,1045,1577,1979,2703,3116,3951,4285]
[0,484,1577,1933,2282,3951,4285]
[0,424,1577,2282,2579,4285]
[0,1577,2703,4285]
[0,424,1577,2282,3353,3819,4285]
[0,132,484,1577,1933,2282,3116,3504,3951,4285]
[0,1045,1577,1979,2703,3116,3504,4285]
[0,2703,4285]
[0,1045,2282,4285]
[0,424,1577,1933,2282,2579,3353,3819,4285]
[0,132,4285]
[0,2282,3158,4285]
[0,1577,1979,3910,4285]
[0,132,2282,4285]
[0,424,1577,2282,3353,4285]
[0,132,1577,2282,2579,3158,3353,4285]
[0,1577,2703,3116,4285]
[0,424,1577,1933,2282,2579,3158,3353,3819,4285]
[0,484,2282,4285]
[0,1577,2282,4285]
[0,1933,2282,4285]
[0,424,1577,2282,4285]
[0,1045,1577,1933,2282,2703,3116,4285]
[0,1105,1577,1933,2282,3353,3819,4285]
[0,224,1933,2282,3951,4285]
[0,484,1933,2282,3116,4285]
[0,1045,1577,1933,2282,3116,3951,4285]
[0,132,1577,2282,3158,3353,4285]
[0,1045,1577,1933,2282,3951,4285]
[0,224,1045,1577,1933,2282,3116,3951,4285]
[0,2282,2579,3158,3353,4285]
[0,484,1577,2282,2703,3116,3504,4285]
[0,132,484,1577,1933,2282,3116,3951,4285]
[0,424,1577,2282,2579,3158,3353,3819,4285]
[0,484,1577,1933,2282,2703,3116,3504,4285]
[0,132,1933,2282,3951,4285]
[0,224,1933,2282,3116,3951,4285]
[0,1105,1577,2282,3353,4285]
[0,2282,2579,3158,3353,3819,4285]
[0,1045,1832,2645,3158,3910,4285]
[0,1105,1577,2282,3158,3353,4285]
[0,424,1933,3819,4285]
[0,1933,2282,3116,3951,4285]
[0,132,1105,1577,1933,2282,2579,3158,3353,3819,4285]
[0,1045,1933,2282,3116,4285]
[0,424,1933,4285]
[0,2282,3116,4285]
[0,2282,3353,3819,4285]
[0,283,1045,1832,2645,3158,3910,4285]
[0,424,1577,2282,2579,3158,3353,4285]
[0,1105,1577,2282,2579,3158,3353,3819,4285]
[0,1045,1577,1933,2282,3116,3504,3951,4285]
[0,1105,1577,2282,4285]
[0,2645,4285]
[0,1105,1577,1933,2282,2579,3353,3819,4285]
[0,484,1577,2282,2703,3116,4285]
[0,1045,1577,2703,3116,4285]
[0,1105,1577,2282,2579,3353,3819,4285]
[0,424,4285]
[0,1105,1577,2282,2579,3353,4285]
[0,132,1577,1933,2282,3116,3951,4285]
[0,1577,2282,3116,4285]
[0,484,1577,1933,2282,2703,3116,3504,3951,4285]
[0,1045,1577,1933,2282,2703,3116,3504,4285]
[0,224,1577,1933,2282,3116,3951,4285]
[0,3353,4285]
[0,1045,1933,2282,3951,4285]
[0,1577,4285]
[0,132,1105,1577,2282,2579,4285]
[0,3910,4285]
[0,1045,1832,2645,4285]
[0,484,1577,1933,2282,3116,3504,3951,4285]
[0,1577,1979,2703,3116,4285]
[0,3819,4285]
[0,1979,4285]
[0,1105,4285]
[0,1045,1577,1933,2282,3116,4285]
[0,2703,3116,4285]
[0,484,1577,2282,4285]
[0,1933,3819,4285]
[0,1933,2282,3951,4285]
[0,484,1933,2282,4285]
[0,1577,2282,2579,3353,3819,4285]
[0,1045,1577,2282,4285]
[0,1045,1577,1933,2282,2703,3116,3504,3951,4285]
[0,1045,1933,2282,4285]
[0,424,1577,2282,2579,3353,3819,4285]
[0,484,1577,1933,2282,3116,4285]
[0,484,2282,3116,4285]
[0,1045,4285]
[0,484,1577,1933,2282,2703,3116,4285]
[0,2282,2579,3353,4285]
[0,132,484,1577,1933,2282,2703,3116,3504,3951,4285]
[0,1045,2282,3116,4285]
[0,224,1577,1979,4285]
[0,2282,3353,4285]
[0,484,1577,1933,2282,4285]
[0,1045,1832,3158,4285]
[0,1045,1832,4285]
[0,1105,1577,2282,3353,3819,4285]
[0,1045,1577,1979,2703,3116,3504,3951,4285]
[0,1105,1577,1933,2282,2579,3158,3353,3819,4285]
[0,424,1577,2282,3158,3353,4285]
[0,1045,1577,2282,2703,3116,4285]
[0,224,1045,1577,1933,2282,3116,3504,3951,4285]
[0,1105,1577,2282,2579,4285]
[0,1045,1577,1933,2282,4285]
[0,1568,1979,4285]
[0,224,1045,1577,1933,2282,2703,3116,3504,3951,4285]
[0,1577,1933,2282,3116,4285]
[0,424,1577,2282,2579,3353,4285]
[0,1577,2282,2579,3158,3353,3819,4285]
[0,424,1577,1933,2282,3353,3819,4285]
[0,2282,3158,3819,4285]
[0,132,1933,2282,3116,3951,4285]
[0,424,1577,4285]
[0,1577,1933,2282,3116,3951,4285]
[0,1045,1832,3158,3910,4285]
[0,424,3353,4285]
[0,132,1577,2282,2579,4285]
[0,1045,2645,4285]
[0,132,2282,3158,4285]
