[0,1186,1485,2759]
[0,532,1235,1888,2759]
[0,532,1186,1485,1839,2361,2759]
[0,1783,2759]
[0,532,1186,1839,2759]
[0,1186,1485,1839,2361,2759]
[0,427,1235,1814,2399,2759]
[0,1235,1783,2347,2759]
[0,1814,2399,2759]
[0,1138,1485,1839,2759]
[0,1186,1888,2361,2759]
[0,1974,2759]
[0,532,638,1235,1485,1783,2347,2759]
[0,1235,1485,1783,2347,2759]
[0,1138,1839,2361,2759]
[0,1888,2759]
[0,1186,2759]
[0,532,1186,1888,2361,2759]
[0,1138,1485,1839,2361,2759]
[0,532,1783,2759]
[0,532,638,1235,1783,2759]
[0,532,980,1235,1485,1783,2347,2759]
[0,532,1186,1839,2361,2759]
[0,1235,1783,2759]
[0,831,1783,2399,2759]
[0,532,1186,1479,1888,2361,2759]
[0,1839,2759]
[0,1235,1666,1783,2759]
[0,831,2759]
[0,532,1186,1783,2361,2759]
[0,532,638,1235,1783,2347,2759]
[0,532,1186,1888,2759]
[0,1235,1888,2759]
[0,1186,1839,2361,2759]
[0,1138,1485,2759]
[0,532,1783,2347,2759]
[0,1138,2759]
[0,1186,1888,2759]
[0,532,638,980,1235,1485,1783,1839,2347,2759]
[0,1138,1839,2759]
[0,1012,1783,2399,2759]
[0,1235,1666,1783,2347,2759]
[0,532,1235,1485,1783,2347,2759]
[0,532,1186,1479,1783,1935,2361,2759]
[0,1186,1839,2759]
[0,1186,1485,1839,2759]
[0,532,1235,1666,1783,2347,2759]
[0,831,1783,2759]
[0,532,980,1235,1783,2347,2759]
[0,1012,1783,2759]
[0,427,831,1235,1814,2759]
[0,1235,1888,2347,2759]
[0,427,831,1235,1814,2399,2759]
[0,532,1235,1485,1888,2347,2759]
[0,1783,2399,2759]
[0,532,1235,1783,2347,2759]
[0,831,1974,2759]
[0,1235,1814,2759]
[0,532,1186,1783,2759]
[0,1186,1783,2759]
[0,1186,1783,2361,2759]
[0,532,638,980,1235,1485,1783,2347,2759]
[0,1235,1485,1888,2347,2759]
[0,532,1235,1783,2759]
[0,1235,1814,2399,2759]
[0,532,1235,1888,2347,2759]
[0,532,1186,1479,1783,2361,2759]
[0,1814,2759]
[0,532,638,1235,1485,1783,1839,2347,2759]
[0,427,1235,1814,2759]
