[0,235,422,1046]
[0,235,372,444,729,934,1046]
[0,192,426,1046]
[0,235,444,695,736,1046]
[0,70,235,372,444,729,934,1046]
[0,444,695,1046]
[0,235,372,444,736,934,1046]
[0,235,444,1046]
[0,192,235,444,1046]
[0,192,235,444,695,736,1046]
[0,426,1046]
[0,235,444,736,1046]
[0,70,235,444,934,1046]
[0,192,235,372,444,736,934,1046]
[0,235,444,729,1046]
[0,934,1046]
[0,70,235,422,934,1046]
[0,235,444,729,934,1046]
[0,235,426,1046]
[0,235,444,695,934,1046]
[0,70,235,372,444,695,736,934,1046]
[0,426,934,1046]
[0,70,235,372,444,868,934,1046]
[0,736,1046]
[0,444,736,1046]
[0,444,934,1046]
[0,729,1046]
[0,235,372,444,695,934,1046]
[0,372,765,1046]
[0,235,426,934,1046]
[0,70,235,372,444,695,868,934,1046]
[0,235,444,695,736,934,1046]
[0,70,235,372,444,541,729,934,1046]
[0,70,235,372,444,934,1046]
[0,444,729,1046]
[0,192,235,444,736,1046]
[0,235,422,934,1046]
[0,70,235,372,444,736,934,1046]
[0,235,444,695,1046]
[0,70,235,426,934,1046]
[0,372,1046]
[0,70,235,444,736,934,1046]
[0,192,235,372,444,695,736,934,1046]
[0,235,444,541,729,934,1046]
[0,235,372,444,541,729,934,1046]
[0,192,426,934,1046]
[0,765,1046]
[0,192,235,444,934,1046]
[0,235,372,444,934,1046]
[0,192,235,444,695,736,934,1046]
[0,70,235,372,444,491,695,868,934,1046]
[0,192,235,444,736,934,1046]
[0,235,444,736,934,1046]
[0,192,235,372,444,934,1046]
[0,444,1046]
[0,422,1046]
[0,70,235,444,695,736,934,1046]
[0,235,444,934,1046]
[0,70,235,372,444,695,934,1046]
