[0,201,452,719,1083,1248,1420,1651]
[0,452,724,1171,1343,1651]
[0,1343,1651]
[0,452,719,1171,1420,1651]
[0,452,719,1083,1248,1651]
[0,452,724,1171,1248,1651]
[0,1171,1651]
[0,452,719,1171,1248,1651]
[0,1171,1248,1651]
[0,719,1083,1651]
[0,201,452,724,1343,1651]
[0,201,452,724,1171,1248,1343,1651]
[0,201,452,724,1248,1651]
[0,452,724,1248,1651]
[0,1083,1651]
[0,201,452,724,1171,1343,1651]
[0,1171,1410,1651]
[0,201,452,724,1083,1248,1343,1651]
[0,719,1171,1343,1651]
[0,724,1343,1651]
[0,719,1083,1248,1651]
[0,719,1171,1248,1651]
[0,201,452,724,1171,1248,1651]
[0,1083,1343,1651]
[0,201,452,724,1083,1343,1651]
[0,296,452,719,1248,1651]
[0,452,719,1083,1651]
[0,724,1248,1651]
[0,452,719,1420,1651]
[0,201,452,719,1248,1651]
[0,452,719,1171,1651]
[0,452,719,1248,1651]
[0,452,724,1083,1343,1651]
[0,201,452,724,1171,1343,1457,1651]
[0,724,1171,1343,1651]
[0,452,719,1171,1343,1651]
[0,296,452,719,1171,1248,1343,1651]
[0,1171,1343,1651]
[0,724,1171,1248,1651]
[0,296,452,719,1083,1248,1420,1651]
[0,296,452,719,1083,1248,1651]
[0,452,1651]
[0,452,724,1343,1651]
[0,719,1343,1651]
[0,719,1420,1651]
[0,452,1248,1651]
[0,719,1248,1651]
[0,201,452,719,1083,1420,1651]
[0,452,719,1083,1248,1420,1651]
[0,452,724,1083,1248,1343,1651]
[0,1248,1651]
[0,201,452,724,1171,1248,1343,1457,1651]
[0,719,1171,1651]
[0,724,1651]
[0,201,452,719,1083,1248,1651]
[0,452,719,1651]
[0,452,1248,1343,1651]
[0,1410,1651]
[0,719,1651]
[0,201,452,719,1420,1651]
[0,452,719,1343,1651]
[0,296,452,719,1171,1343,1651]
[0,724,1083,1343,1651]
[0,296,452,719,1171,1248,1651]
[0,1083,1248,1651]
[0,452,719,1083,1420,1651]
[0,452,1343,1651]
