[0,352,1000,1754,2020]
[0,352,989,1535,1754,2020]
[0,352,1754,2020]
[0,352,744,989,1754,2020]
[0,650,1306,1754,2020]
[0,497,989,1328,1535,1754,2020]
[0,744,989,1754,2020]
[0,497,989,1535,1754,2020]
[0,862,986,1306,1535,1754,2020]
[0,744,1000,1754,2020]
[0,497,650,862,986,1306,1535,1754,2020]
[0,1306,1754,2020]
[0,352,497,650,986,1306,1535,1754,2020]
[0,986,1306,1754,2020]
[0,1000,1754,2020]
[0,497,650,1306,1535,1754,2020]
[0,497,989,2020]
[0,744,989,1328,1535,1754,2020]
[0,352,497,650,862,986,1306,1535,1754,2020]
[0,1306,1535,1754,2020]
[0,352,744,1000,1754,2020]
[0,650,986,1306,1535,1754,2020]
[0,1754,2020]
[0,986,2020]
[0,650,986,1306,1754,2020]
[0,650,1754,2020]
[0,650,986,1306,2020]
[0,352,2020]
[0,989,1328,1535,1754,2020]
[0,352,497,650,1306,1535,1754,2020]
[0,986,1306,2020]
[0,352,744,989,1328,1535,1754,2020]
[0,352,497,862,989,1328,1535,1754,2020]
[0,650,1306,1535,1754,2020]
[0,497,989,1754,2020]
[0,352,862,989,1328,1535,1754,2020]
[0,352,989,2020]
[0,352,989,1328,1535,1754,2020]
[0,352,1000,2020]
[0,352,989,1754,2020]
[0,989,1535,1754,2020]
[0,497,650,986,1306,1535,1754,2020]
[0,352,497,989,1328,1535,1754,2020]
[0,650,862,986,1306,1535,1754,2020]
[0,352,744,989,1535,1754,2020]
[0,650,1306,2020]
[0,744,989,1535,1754,2020]
[0,1328,1535,1754,2020]
[0,862,989,1328,1535,1754,2020]
[0,352,1535,1754,2020]
[0,986,1306,1535,1754,2020]
[0,989,1754,2020]
[0,1000,2020]
[0,1535,1754,2020]
[0,1306,2020]
[0,986,1754,2020]
[0,989,2020]
[0,650,2020]
