[0,198,569,876,1048,1284,1438,1651]
[0,198,876,1048,1284,1651]
[0,876,1431,1651]
[0,326,569,876,1048,1284,1438,1651]
[0,569,876,1048,1284,1438,1651]
[0,198,1048,1284,1651]
[0,377,876,1651]
[0,377,1651]
[0,569,1284,1651]
[0,105,569,876,1284,1651]
[0,105,1284,1438,1651]
[0,105,326,569,876,1048,1284,1438,1651]
[0,105,876,1048,1284,1438,1651]
[0,105,326,876,1048,1284,1438,1651]
[0,105,326,569,1284,1651]
[0,326,1048,1284,1651]
[0,569,876,1048,1284,1651]
[0,198,569,1048,1284,1651]
[0,569,1438,1651]
[0,876,1651]
[0,569,1048,1651]
[0,876,1048,1284,1438,1651]
[0,569,1431,1651]
[0,1048,1284,1651]
[0,569,876,1284,1651]
[0,198,876,1048,1284,1438,1651]
[0,326,569,1284,1651]
[0,105,326,569,1651]
[0,876,1048,1284,1651]
[0,105,876,1431,1651]
[0,326,569,1438,1651]
[0,105,326,569,1431,1651]
[0,105,198,569,876,1048,1284,1438,1651]
[0,105,193,876,1048,1284,1438,1651]
[0,326,569,1651]
[0,326,569,1048,1651]
[0,377,876,1431,1651]
[0,569,1048,1284,1651]
[0,245,1284,1651]
[0,105,569,1651]
[0,105,569,1284,1651]
[0,105,1284,1651]
[0,105,1651]
[0,105,198,876,1048,1284,1438,1651]
[0,326,569,1431,1651]
[0,1284,1438,1651]
[0,326,569,1284,1438,1651]
[0,326,1284,1651]
[0,105,569,1284,1438,1651]
[0,326,876,1048,1284,1651]
[0,326,876,1048,1284,1438,1651]
[0,105,326,569,1284,1438,1651]
[0,198,569,876,1048,1284,1651]
[0,569,1651]
[0,876,1048,1651]
[0,326,569,1048,1284,1651]
[0,1284,1651]
[0,326,569,876,1048,1284,1651]
[0,569,1284,1438,1651]
[0,105,377,876,1431,1651]
