[0,769,1145,1514,2019]
[0,343,572,1514,2019]
[0,343,572,1514,1784,2019]
[0,572,1784,2019]
[0,1784,2019]
[0,343,572,769,1145,1514,2019]
[0,343,572,769,1208,1369,1514,1876,2019]
[0,572,1145,1514,2019]
[0,769,1724,2019]
[0,572,769,1369,1514,2019]
[0,343,572,769,1514,2019]
[0,769,1145,1514,1784,2019]
[0,343,572,769,1369,1514,1784,2019]
[0,572,1724,2019]
[0,572,1145,2019]
[0,1145,2019]
[0,769,1514,1784,2019]
[0,572,769,1369,2019]
[0,564,1145,1493,1784,2019]
[0,343,572,769,2019]
[0,572,1369,2019]
[0,1369,2019]
[0,907,2019]
[0,564,1145,1784,2019]
[0,343,572,769,1724,1876,2019]
[0,572,1514,1784,2019]
[0,572,769,1724,1876,2019]
[0,572,2019]
[0,343,572,769,1514,1876,2019]
[0,701,1145,1724,2019]
[0,572,769,1369,1514,1876,2019]
[0,343,572,769,1145,1208,1369,1514,1876,2019]
[0,1145,1724,2019]
[0,564,827,1145,1493,2019]
[0,572,1514,2019]
[0,564,1145,1724,2019]
[0,1145,1493,1784,2019]
[0,564,827,1145,1724,2019]
[0,343,572,769,1724,2019]
[0,701,1145,1493,1784,2019]
[0,343,769,1145,1514,1784,2019]
[0,564,1145,1493,2019]
[0,572,769,1208,1369,1514,2019]
[0,564,1145,2019]
[0,564,827,1145,1493,1784,2019]
[0,343,572,769,1145,1514,1876,2019]
[0,769,1784,2019]
[0,343,572,769,1208,1369,2019]
[0,572,769,1724,2019]
[0,701,1145,2019]
[0,343,572,769,1369,2019]
[0,572,769,2019]
[0,769,2019]
[0,343,769,1145,1514,2019]
[0,572,769,1876,2019]
[0,907,1603,2019]
[0,343,572,1784,2019]
[0,564,827,1145,2019]
[0,572,769,1208,1369,1514,1876,2019]
[0,343,572,2019]
[0,343,572,769,1514,1784,2019]
[0,343,572,769,1784,2019]
[0,343,572,1724,2019]
[0,343,572,1145,1514,2019]
[0,343,572,1145,2019]
[0,1145,1784,2019]
[0,343,572,769,1145,1208,1514,1876,2019]
[0,343,572,769,1876,2019]
[0,701,1145,1493,2019]
[0,1145,1493,2019]
[0,769,1514,2019]
[0,343,572,769,1208,1369,1514,2019]
[0,343,572,1369,2019]
[0,343,572,769,1369,1514,2019]
[0,572,769,1208,1369,2019]
