[0,688,1267,2325,2696,3446,3989,4758]
[0,688,1655,2325,2696,3446,4758]
[0,1655,2696,3446,4758]
[0,688,2696,3531,4758]
[0,242,688,2325,3446,4758]
[0,688,1267,1537,2325,2696,3446,3989,4758]
[0,671,1655,2696,3446,4758]
[0,688,1417,2325,2696,3446,4758]
[0,671,2696,3446,4758]
[0,688,2325,2696,3446,4758]
[0,671,1655,2325,2696,3446,4758]
[0,671,1655,2325,3176,3446,4758]
[0,242,688,1655,2696,3446,4758]
[0,272,2696,4758]
[0,688,1371,1655,2325,2696,3531,3989,4758]
[0,671,1417,2696,3446,4758]
[0,688,1655,2696,3446,4758]
[0,2325,3446,4758]
[0,2696,3446,4758]
[0,688,1267,2325,3446,3989,4758]
[0,688,2325,2696,3446,3989,4758]
[0,1417,2753,4758]
[0,242,688,1371,1655,2696,3531,3989,4758]
[0,688,1371,1655,2325,2696,3446,4758]
[0,242,688,1267,1537,2325,2696,3446,3989,4758]
[0,688,1417,2696,3446,4758]
[0,242,671,2325,2696,3446,4758]
[0,242,2696,4758]
[0,242,688,1417,2325,2696,3446,4758]
[0,242,671,1655,2325,3176,3446,4758]
[0,688,1655,2696,3531,3989,4758]
[0,1194,2753,4758]
[0,242,688,1267,2325,2696,3446,3989,4758]
[0,242,671,1267,1417,2325,2696,3446,4758]
[0,2696,4758]
[0,671,1267,1417,4758]
[0,242,688,1655,2696,3531,4758]
[0,671,4758]
[0,242,671,1655,2325,2696,3446,4758]
[0,242,4758]
[0,671,1655,2325,2696,3176,3446,4758]
[0,242,671,1655,2696,3446,4758]
[0,2696,3531,4758]
[0,272,2696,3446,4758]
[0,671,1655,2325,3446,4758]
[0,242,688,2325,2696,3446,4758]
[0,2753,4758]
[0,242,671,2325,3446,4758]
[0,671,2696,4758]
[0,1417,4758]
[0,671,2325,2696,3446,4758]
[0,688,1655,2325,2696,3531,3989,4758]
[0,242,688,1371,1655,2696,3446,4758]
[0,671,1417,4758]
[0,242,671,1267,1417,2696,3446,4758]
[0,688,2325,4758]
[0,1267,1417,4758]
[0,688,4758]
[0,242,671,1417,2696,3446,4758]
[0,688,2325,3446,3989,4758]
[0,242,2696,3446,4758]
[0,688,1371,1655,2696,3531,4758]
[0,671,1417,2325,2696,3446,4758]
[0,671,1267,1417,2696,3446,4758]
[0,272,4758]
[0,2325,4758]
[0,1655,2696,4758]
[0,242,688,1371,1655,2325,2696,3531,3989,4758]
[0,1655,2696,3531,4758]
[0,272,2753,4758]
[0,671,2325,3446,4758]
[0,242,688,1417,2696,3446,4758]
[0,688,2696,4758]
[0,688,1371,1655,2696,3531,3989,4758]
[0,688,1267,2325,3446,4758]
[0,242,671,1417,2325,2696,3446,4758]
[0,272,1417,2753,4758]
[0,1417,2696,3446,4758]
[0,1417,2696,4758]
[0,688,2696,3446,4758]
[0,242,671,1655,2325,2696,3176,3446,4758]
[0,671,1417,2696,4758]
[0,671,2325,3176,3446,4758]
[0,242,688,1371,1655,2696,3531,4758]
[0,242,688,2325,2696,3446,3989,4758]
[0,242,688,1371,1655,2325,2696,3446,4758]
[0,671,1267,1417,2696,4758]
[0,688,1655,2696,3531,4758]
[0,671,2325,4758]
[0,688,1371,1655,2696,3446,4758]
[0,688,2325,3446,4758]
[0,242,671,2325,3176,3446,4758]
