[0,70,159,423,566,741,850,1046]
[0,159,566,630,741,850,1046]
[0,423,566,850,1046]
[0,70,149,423,566,741,850,1046]
[0,159,741,850,1046]
[0,159,566,850,1046]
[0,70,566,1046]
[0,159,423,566,630,741,850,1046]
[0,159,630,741,850,1046]
[0,70,149,423,566,630,741,850,1046]
[0,741,850,1046]
[0,566,850,1046]
[0,423,566,1046]
[0,70,159,423,566,630,741,850,1046]
[0,149,423,741,850,1046]
[0,423,566,741,850,1046]
[0,149,423,566,630,741,850,1046]
[0,159,630,741,1046]
[0,159,741,1046]
[0,159,1046]
[0,149,741,1046]
[0,423,1046]
[0,850,1046]
[0,718,1046]
[0,159,423,741,850,1046]
[0,566,1046]
[0,149,423,566,741,850,1046]
[0,159,423,741,1046]
[0,423,741,850,1046]
[0,159,423,566,741,850,1046]
[0,423,566,630,741,850,1046]
[0,149,423,741,1046]
[0,149,741,850,1046]
[0,149,423,566,850,1046]
[0,70,149,423,741,850,1046]
[0,70,1046]
[0,70,159,423,741,850,1046]
[0,70,159,741,850,1046]
[0,70,149,423,566,630,741,850,910,1046]
[0,149,566,850,1046]
[0,70,149,741,850,1046]
[0,159,423,566,850,1046]
[0,159,718,1046]
[0,741,1046]
[0,423,741,1046]
[0,149,1046]
[0,159,566,1046]
[0,149,566,1046]
[0,70,159,423,566,630,741,850,910,1046]
