[0,381,666,952,1183,1885,2019]
[0,470,2019]
[0,666,2019]
[0,658,968,1317,1557,2019]
[0,952,2019]
[0,636,1008,2019]
[0,381,658,968,2019]
[0,968,1317,2019]
[0,381,666,952,1317,1885,2019]
[0,666,952,1317,2019]
[0,381,666,952,1317,1755,2019]
[0,470,1131,2019]
[0,381,666,952,1183,2019]
[0,470,1045,2019]
[0,658,968,2019]
[0,381,666,952,1317,2019]
[0,381,658,968,1227,2019]
[0,381,658,968,1317,2019]
[0,625,1530,2019]
[0,381,658,968,1557,2019]
[0,381,2019]
[0,658,968,1317,2019]
[0,381,952,2019]
[0,658,1557,2019]
[0,625,2019]
[0,636,2019]
[0,658,2019]
[0,1131,2019]
[0,968,2019]
[0,381,636,1008,2019]
[0,952,1317,2019]
[0,666,952,2019]
[0,381,666,952,2019]
[0,658,968,1557,2019]
[0,381,1885,2019]
[0,381,658,968,1227,1557,2019]
[0,381,658,968,1317,1557,2019]
[0,1045,2019]
