[0,699,2019]
[0,975,1212,1613,2019]
[0,1212,1563,2019]
[0,699,1212,1563,2019]
[0,975,1212,1563,1613,1825,2019]
[0,699,1212,1563,1825,2019]
[0,1212,2019]
[0,699,1212,2019]
[0,975,1212,1613,1825,2019]
[0,1109,1825,2019]
[0,975,1212,1618,1825,2019]
[0,699,1109,1825,2019]
[0,699,975,1473,2019]
[0,699,975,1109,1212,2019]
[0,975,1204,2019]
[0,1212,1613,2019]
[0,699,975,1109,1212,1473,2019]
[0,975,1109,1212,1618,1825,2019]
[0,975,1204,1437,1613,1825,2019]
[0,975,1204,1613,1825,2019]
[0,1066,2019]
[0,699,1212,1613,2019]
[0,1825,2019]
[0,699,975,1212,1473,2019]
[0,699,975,1212,1613,1825,2019]
[0,975,2019]
[0,699,975,1212,1473,1825,2019]
[0,638,1109,1613,2019]
[0,88,699,1212,1563,1825,2019]
[0,699,975,1212,1563,1613,1825,2019]
[0,975,1212,2019]
[0,975,1212,1618,2019]
[0,638,1109,2019]
[0,975,1204,1613,2019]
[0,1204,1613,2019]
[0,1109,1613,2019]
[0,699,975,1212,2019]
[0,1204,2019]
[0,975,1473,2019]
[0,1212,1563,1825,2019]
[0,975,1109,1212,1518,1618,1825,2019]
[0,1109,2019]
[0,975,1212,1563,1613,2019]
[0,699,975,1212,1613,2019]
[0,638,2019]
[0,699,975,1109,1212,1613,1825,2019]
[0,47,699,1109,1825,2019]
[0,699,975,1109,1212,1563,1613,1825,2019]
[0,699,975,1109,1212,1473,1825,2019]
[0,1613,2019]
[0,1066,1613,2019]
[0,699,975,2019]
[0,1212,1618,2019]
[0,699,1109,2019]
[0,975,1212,1518,1618,1825,2019]
[0,975,1109,1212,1613,1825,2019]
