[0,680,862,1271,2019]
[0,799,1271,1922,2019]
[0,288,1082,1425,2019]
[0,862,1082,2019]
[0,288,862,1082,1271,1425,2019]
[0,288,862,1271,1922,2019]
[0,288,862,1235,1425,2019]
[0,862,1271,2019]
[0,1082,2019]
[0,288,862,1268,2019]
[0,1082,1425,2019]
[0,288,862,1235,2019]
[0,1268,1425,2019]
[0,799,862,1271,1425,2019]
[0,1359,2019]
[0,143,288,862,1271,1425,1922,2019]
[0,143,288,680,862,1271,1425,2019]
[0,288,862,1271,1425,1922,2019]
[0,288,680,799,862,1271,1425,2019]
[0,1271,2019]
[0,1372,2019]
[0,862,1235,1425,2019]
[0,637,1359,2019]
[0,143,288,862,1268,1425,1922,2019]
[0,862,1271,1425,2019]
[0,143,1235,1425,2019]
[0,288,680,862,1271,1425,2019]
[0,143,288,862,1082,1271,1425,2019]
[0,1922,2019]
[0,862,1082,1425,2019]
[0,288,680,862,1271,2019]
[0,288,862,1268,1425,2019]
[0,143,288,1235,1425,1922,2019]
[0,288,1235,1425,2019]
[0,143,288,862,1235,1425,2019]
[0,1268,2019]
[0,143,1235,1425,1922,2019]
[0,1271,1425,2019]
[0,288,1235,2019]
[0,1235,2019]
[0,862,1235,2019]
[0,862,1268,2019]
[0,1271,1922,2019]
[0,288,862,1082,1425,2019]
[0,143,288,862,1271,1425,2019]
[0,862,1268,1425,2019]
[0,288,862,1271,1425,2019]
[0,143,288,680,799,862,1271,1425,1922,2019]
[0,143,288,862,1235,1425,1922,2019]
[0,1271,1425,1922,2019]
[0,1235,1425,1922,2019]
[0,143,288,1235,1425,2019]
[0,143,288,862,1082,1271,1425,1922,2019]
[0,143,288,680,862,1271,1425,1922,2019]
[0,799,1271,2019]
[0,799,1372,2019]
[0,680,799,862,1271,1425,2019]
[0,143,288,862,1268,1425,2019]
[0,288,862,1271,2019]
[0,680,862,1271,1425,2019]
[0,1235,1425,2019]
[0,143,288,680,799,862,1271,1425,2019]
[0,862,1271,1425,1922,2019]
