[0,297,813,1191,1505,1780,2125,2759]
[0,494,1286,2759]
[0,494,1191,1780,2759]
[0,813,1286,1780,2759]
[0,494,1191,2759]
[0,813,1191,1287,1505,1780,2125,2759]
[0,813,1191,1287,1505,2759]
[0,1286,1780,2125,2759]
[0,813,1191,1287,1505,1780,2759]
[0,297,494,813,1286,1505,1780,2125,2759]
[0,494,1286,1780,2547,2759]
[0,297,813,1191,1505,1780,2125,2547,2759]
[0,297,813,1286,1780,2125,2759]
[0,1286,2125,2759]
[0,1191,2759]
[0,297,813,1191,1287,1505,1780,2125,2547,2667,2759]
[0,297,494,813,1191,1287,1505,1780,2125,2759]
[0,297,813,1191,1780,2759]
[0,297,813,1191,1505,1780,2759]
[0,297,813,1191,1287,1505,1780,2759]
[0,297,494,813,1191,1287,1505,1780,2125,2547,2759]
[0,297,813,1191,1505,1780,2547,2759]
[0,494,1286,2125,2759]
[0,297,813,1286,1505,1780,2125,2547,2759]
[0,297,494,813,1191,1505,1780,2125,2759]
[0,297,813,1191,1780,2125,2759]
[0,297,813,1286,1505,1780,2125,2759]
[0,297,494,813,1191,1780,2125,2759]
[0,813,1191,1287,1505,1780,2547,2759]
[0,813,1191,1505,1780,2759]
[0,1191,1780,2125,2759]
[0,1191,1780,2759]
[0,813,1286,2759]
[0,1286,1780,2547,2759]
[0,297,494,813,1191,1287,1505,1780,2125,2547,2667,2759]
[0,297,813,1191,1780,2547,2759]
[0,297,813,1191,2759]
[0,813,1191,1780,2125,2759]
[0,297,813,1191,1287,1505,1780,2125,2759]
[0,494,1191,1780,2125,2759]
[0,297,813,1191,1287,1505,1780,2125,2547,2759]
[0,813,1191,1505,1780,2125,2759]
[0,494,1191,2547,2759]
[0,1191,2125,2759]
[0,813,1191,2759]
[0,297,494,813,1286,1505,1780,2125,2547,2759]
[0,297,494,813,1191,1505,1780,2125,2547,2759]
[0,813,1191,1780,2547,2759]
[0,813,1191,1505,2759]
[0,297,813,1191,1287,1505,1780,2547,2759]
[0,813,1191,1780,2759]
[0,813,1191,1287,2759]
[0,813,1191,1287,1505,1780,2547,2667,2759]
[0,297,494,813,1286,1780,2125,2759]
[0,813,1191,1505,1780,2547,2759]
[0,813,1286,1780,2125,2759]
[0,297,813,1191,1287,1505,1780,2547,2667,2759]
[0,1286,1780,2759]
[0,1286,2759]
[0,494,1286,1780,2759]
[0,494,1286,1780,2125,2759]
