[0,78,283,450,574,703,1033,1180]
[0,283,450,989,1180]
[0,283,450,574,923,1180]
[0,283,462,574,1033,1180]
[0,283,450,923,1180]
[0,283,1180]
[0,283,368,450,574,703,923,1033,1180]
[0,78,133,283,368,450,574,703,1033,1180]
[0,78,450,923,1180]
[0,78,283,450,989,1180]
[0,78,283,450,1033,1180]
[0,78,283,462,574,703,1033,1180]
[0,283,462,1033,1180]
[0,78,283,368,450,574,703,1033,1180]
[0,283,462,703,1180]
[0,283,450,1033,1180]
[0,283,462,1180]
[0,78,133,283,368,450,574,703,923,1033,1180]
[0,450,1180]
[0,78,1180]
[0,923,1180]
[0,989,1180]
[0,283,450,574,703,923,1033,1180]
[0,283,574,703,1033,1180]
[0,78,629,989,1180]
[0,78,283,384,462,574,703,923,1033,1180]
[0,78,283,400,462,574,703,923,1033,1180]
[0,78,283,450,574,923,1180]
[0,574,923,1180]
[0,450,923,1180]
[0,133,493,989,1180]
[0,283,574,1180]
[0,1033,1180]
[0,78,283,450,574,923,1033,1180]
[0,574,1033,1180]
[0,462,703,1180]
[0,450,989,1180]
[0,78,923,1180]
[0,283,384,462,574,703,1033,1180]
[0,78,989,1180]
[0,78,283,384,462,574,703,1033,1180]
[0,493,989,1180]
[0,283,462,574,703,1033,1180]
[0,283,384,462,574,703,923,1033,1180]
[0,283,574,1033,1180]
[0,283,450,1180]
[0,78,283,462,574,703,923,1033,1180]
[0,283,462,703,1033,1180]
[0,283,368,450,574,703,1033,1180]
[0,78,133,283,462,574,703,1033,1180]
[0,78,133,283,450,574,703,1033,1180]
[0,78,283,368,450,574,703,923,1033,1180]
[0,629,989,1180]
[0,283,450,574,703,1033,1180]
[0,283,462,574,703,923,1033,1180]
[0,574,1180]
[0,462,1180]
[0,629,1180]
[0,78,283,400,462,574,703,1033,1180]
[0,78,133,283,400,462,574,703,1033,1180]
[0,283,450,574,923,1033,1180]
[0,78,283,450,574,703,923,1033,1180]
[0,493,1180]
[0,78,574,923,1180]
