[0,112,373,666,846,934,1180]
[0,373,846,934,1180]
[0,112,373,522,844,1180]
[0,373,666,1180]
[0,373,844,1180]
[0,311,373,522,844,1180]
[0,195,373,537,844,1180]
[0,373,537,844,1180]
[0,273,373,522,844,1180]
[0,195,373,666,1180]
[0,311,373,666,800,846,934,1180]
[0,311,373,800,846,934,1180]
[0,195,373,522,744,1180]
[0,373,1180]
[0,846,1180]
[0,373,846,1180]
[0,311,373,800,846,1180]
[0,373,666,846,934,1180]
[0,373,800,846,934,1180]
[0,311,373,666,846,934,1180]
[0,195,373,844,1180]
[0,800,846,1180]
[0,273,373,844,1180]
[0,373,522,844,1180]
[0,112,373,666,846,1180]
[0,311,373,522,844,934,1180]
[0,311,373,666,846,1180]
[0,311,373,1180]
[0,331,373,800,846,1180]
[0,311,373,844,1180]
[0,373,522,844,934,1180]
[0,846,934,1180]
[0,195,373,666,800,1180]
[0,373,744,1180]
[0,112,273,373,522,844,1180]
[0,373,666,846,1180]
[0,195,373,522,1180]
[0,373,666,800,846,934,1180]
[0,112,311,373,666,800,846,934,1180]
[0,273,373,1180]
[0,311,373,846,1180]
[0,195,373,522,844,1180]
[0,195,373,744,1180]
[0,331,373,666,800,846,934,1180]
[0,112,273,373,522,844,934,1180]
[0,112,311,373,666,846,934,1180]
[0,331,373,800,846,934,1180]
[0,331,373,1180]
[0,195,373,1180]
[0,311,373,846,934,1180]
[0,195,373,537,1180]
[0,331,373,846,1180]
[0,373,800,846,1180]
[0,666,846,1180]
