[0,364,905,1241,2019]
[0,364,1079,1241,1589,1872,2019]
[0,1243,2019]
[0,303,1241,2019]
[0,1241,1489,2019]
[0,364,640,905,1241,1589,1872,2019]
[0,1079,1241,2019]
[0,364,1079,1241,1589,2019]
[0,1079,1241,1489,1589,1872,2019]
[0,87,905,1243,2019]
[0,364,905,1241,1872,2019]
[0,1079,1243,2019]
[0,905,1241,1589,1872,2019]
[0,87,1079,1241,1872,2019]
[0,364,640,1241,2019]
[0,905,1241,2019]
[0,364,474,1079,1241,1872,2019]
[0,303,862,1241,2019]
[0,364,640,1079,1241,1589,1872,2019]
[0,1079,1241,1489,1589,2019]
[0,87,364,640,905,1241,2019]
[0,905,1241,1872,2019]
[0,364,905,1241,1589,1872,2019]
[0,905,1243,2019]
[0,87,364,905,1241,2019]
[0,1079,1241,1589,2019]
[0,364,1079,1241,1489,1589,1872,2019]
[0,87,1079,1241,1489,1589,1872,2019]
[0,364,640,1241,1589,2019]
[0,87,1241,2019]
[0,364,640,905,1241,2019]
[0,364,1241,2019]
[0,364,474,1079,1241,1589,1872,2019]
[0,87,905,1241,1872,2019]
[0,364,1079,1241,2019]
[0,364,640,905,1241,1589,2019]
[0,1079,1241,1589,1872,2019]
[0,364,905,1241,1589,2019]
[0,87,1079,1241,1589,1872,2019]
[0,364,1241,1589,2019]
[0,87,905,1241,1589,1872,2019]
[0,364,1079,1241,1872,2019]
[0,87,364,640,1079,1241,1589,1872,2019]
[0,1312,2019]
[0,364,640,1079,1241,2019]
[0,364,474,1079,1241,1489,1589,1872,2019]
[0,303,1312,2019]
[0,87,364,1079,1241,1589,1872,2019]
[0,87,1079,1241,2019]
[0,862,1241,2019]
[0,1241,1589,2019]
[0,87,1079,1243,2019]
[0,905,1241,1589,2019]
[0,1079,1241,1872,2019]
[0,1079,1241,1489,2019]
[0,87,905,1241,2019]
[0,87,364,640,905,1241,1589,1872,2019]
[0,364,640,1079,1241,1589,2019]
[0,87,364,905,1241,1589,1872,2019]
[0,1241,2019]
