[0,304,1197]
[0,49,406,832,1197]
[0,304,509,832,962,1090,1197]
[0,49,304,509,832,962,1090,1197]
[0,304,962,1090,1197]
[0,304,962,1013,1197]
[0,304,509,710,962,1197]
[0,304,509,710,962,1016,1197]
[0,304,407,962,1197]
[0,962,1197]
[0,49,304,962,1090,1197]
[0,832,1197]
[0,304,407,832,1197]
[0,962,1090,1197]
[0,304,509,962,1090,1197]
[0,49,304,509,962,1016,1197]
[0,49,304,407,962,1197]
[0,49,304,962,1197]
[0,49,304,407,962,1090,1197]
[0,304,407,962,1013,1197]
[0,49,304,1197]
[0,49,304,509,710,962,1016,1197]
[0,49,962,1016,1197]
[0,49,304,962,1013,1197]
[0,49,304,407,962,1013,1197]
[0,406,832,1197]
[0,304,509,832,962,1197]
[0,962,1013,1197]
[0,304,407,962,1090,1197]
[0,406,962,1197]
[0,304,509,710,962,1090,1197]
[0,49,962,1197]
[0,49,304,832,1197]
[0,49,304,407,832,1197]
[0,509,832,1197]
[0,49,832,1197]
[0,49,304,509,962,1090,1197]
[0,304,509,962,1197]
[0,406,1197]
[0,49,304,509,710,962,1090,1197]
[0,304,962,1016,1197]
[0,49,1197]
[0,49,962,1013,1197]
[0,304,509,832,1197]
[0,304,962,1197]
[0,304,832,1197]
[0,49,304,962,1016,1197]
[0,304,509,962,1016,1197]
[0,962,1016,1197]
[0,49,304,509,962,1197]
[0,49,406,962,1197]
