[0,853,1184,1456,2189]
[0,235,1684,2189]
[0,700,1184,1456,2189]
[0,700,1043,2189]
[0,1043,2189]
[0,1184,2189]
[0,1217,2189]
[0,434,700,1217,1443,1592,2021,2189]
[0,700,1184,1545,2014,2189]
[0,434,700,1184,2021,2189]
[0,434,700,1217,1443,2189]
[0,853,1184,2021,2189]
[0,434,700,1217,2189]
[0,434,700,1184,2189]
[0,853,1184,1456,1773,2189]
[0,853,1807,2189]
[0,853,1184,2189]
[0,1184,1773,2189]
[0,1217,1807,2189]
[0,434,700,1043,2189]
[0,853,1184,2014,2189]
[0,235,853,1684,2189]
[0,666,2189]
[0,235,341,700,1184,1545,2014,2189]
[0,434,700,1043,1773,2189]
[0,434,700,1217,2021,2189]
[0,853,1184,1545,2189]
[0,700,1043,1773,2189]
[0,235,853,1807,2189]
[0,434,700,1217,1443,1592,1807,2021,2189]
[0,853,2189]
[0,434,700,1043,2021,2189]
[0,700,1184,2014,2189]
[0,1324,2189]
[0,853,1184,1807,2189]
[0,700,1184,1545,2189]
[0,1043,1773,2189]
[0,1324,1857,2189]
[0,341,700,1184,2014,2189]
[0,341,700,1184,1545,2014,2189]
[0,341,700,1184,1545,2189]
[0,235,1324,1857,2189]
[0,235,1184,1545,2189]
[0,341,700,1184,2189]
[0,235,853,2189]
[0,853,1184,1456,2021,2189]
[0,434,700,1217,1443,1807,2021,2189]
[0,853,1184,1545,2014,2189]
[0,434,700,1184,1456,2021,2189]
[0,434,700,1043,1773,2021,2189]
[0,434,700,1217,1443,2021,2189]
[0,235,341,700,1184,2014,2189]
[0,434,700,1217,1807,2189]
[0,434,700,1184,1456,2189]
[0,700,1184,2189]
[0,700,1217,2189]
[0,434,700,1217,1443,1807,2189]
[0,700,1217,1807,2189]
[0,1184,2014,2189]
[0,1184,1807,2189]
[0,1684,2189]
[0,853,1184,1456,1773,2021,2189]
[0,1184,1545,2189]
[0,853,1184,1773,2189]
[0,853,1684,2189]
