[0,162,371,669,914,1264]
[0,371,987,1264]
[0,42,162,295,371,669,719,914,1186,1264]
[0,371,914,1264]
[0,162,295,371,1264]
[0,669,1264]
[0,691,1264]
[0,162,371,669,914,1186,1264]
[0,162,302,1264]
[0,61,162,295,371,669,719,914,1186,1264]
[0,968,1264]
[0,61,162,295,371,669,719,1264]
[0,61,162,295,371,669,968,1264]
[0,1186,1264]
[0,162,302,669,1264]
[0,162,302,1186,1264]
[0,61,162,295,371,669,719,914,1264]
[0,371,669,1264]
[0,61,162,295,371,669,914,968,1186,1264]
[0,162,1264]
[0,669,968,1264]
[0,371,669,914,1264]
[0,162,371,669,1264]
[0,162,295,371,691,1186,1264]
[0,61,162,295,371,914,1264]
[0,162,371,1186,1264]
[0,162,371,914,1186,1264]
[0,42,162,295,371,914,1186,1264]
[0,162,371,914,968,1264]
[0,162,295,371,914,1186,1264]
[0,371,669,1186,1264]
[0,987,1264]
[0,162,371,691,1186,1264]
[0,61,162,295,371,669,914,1264]
[0,162,371,1264]
[0,371,669,968,1264]
[0,914,1264]
[0,162,295,371,669,914,1186,1264]
[0,295,1264]
[0,61,162,295,371,669,914,968,1264]
[0,162,295,371,669,914,968,1264]
[0,162,371,987,1264]
[0,162,371,914,1264]
[0,162,302,669,1186,1264]
[0,162,371,669,914,968,1264]
[0,162,295,371,669,719,914,1186,1264]
[0,162,295,371,669,719,914,968,1264]
[0,162,295,371,669,719,914,1264]
[0,162,295,371,669,968,1264]
[0,162,295,371,914,1264]
[0,669,1186,1264]
[0,61,162,295,371,1264]
[0,295,716,1264]
[0,61,162,295,371,669,719,914,968,1264]
[0,162,371,691,1264]
[0,162,371,669,1186,1264]
[0,162,371,669,968,1264]
[0,42,162,295,371,691,1186,1264]
[0,371,1264]
[0,162,295,371,669,719,1264]
[0,371,691,1264]
[0,162,371,987,1186,1264]
[0,371,1186,1264]
[0,162,669,1264]
[0,162,371,669,719,914,968,1264]
[0,61,162,295,371,914,968,1186,1264]
[0,162,295,371,669,1264]
[0,162,914,968,1264]
[0,162,968,1264]
[0,295,716,1024,1264]
[0,61,162,295,371,914,1186,1264]
[0,716,1264]
[0,61,162,295,371,669,719,914,968,1186,1264]
[0,61,162,295,371,914,968,1264]
[0,162,295,371,987,1186,1264]
[0,162,295,371,669,914,1264]
[0,61,162,295,371,669,1264]
[0,162,295,371,1186,1264]
[0,162,295,371,914,968,1264]
[0,61,162,295,371,669,914,1186,1264]
