[0,456,694,857,1046]
[0,122,531,733,864,1046]
[0,122,531,733,857,991,1046]
[0,122,456,694,857,1046]
[0,122,456,694,857,991,1046]
[0,122,412,456,531,650,733,814,864,991,1046]
[0,531,733,864,1046]
[0,412,814,1046]
[0,122,456,711,1046]
[0,122,456,733,1046]
[0,122,531,733,857,1046]
[0,122,531,711,857,1046]
[0,122,531,650,733,857,1046]
[0,122,412,531,678,857,1046]
[0,122,412,531,650,733,857,1046]
[0,122,531,678,733,857,991,1046]
[0,122,412,531,733,864,991,1046]
[0,122,412,456,531,678,857,1046]
[0,122,531,650,733,857,991,1046]
[0,122,412,456,531,678,733,814,857,991,1046]
[0,122,412,531,678,733,857,991,1046]
[0,531,733,857,1046]
[0,531,711,857,1046]
[0,456,711,864,1046]
[0,122,456,711,864,1046]
[0,531,1046]
[0,412,1046]
[0,122,531,711,857,991,1046]
[0,456,1046]
[0,531,711,1046]
[0,122,412,456,531,733,864,1046]
[0,122,412,456,531,650,733,857,991,1046]
[0,122,412,456,531,678,857,991,1046]
[0,122,412,531,678,857,991,1046]
[0,122,412,531,650,733,864,991,1046]
[0,531,857,1046]
[0,122,531,650,733,864,991,1046]
[0,122,531,650,733,814,864,991,1046]
[0,122,412,456,531,678,733,857,991,1046]
[0,456,694,1046]
[0,122,412,456,531,650,733,864,991,1046]
[0,122,412,456,531,733,857,1046]
[0,122,412,531,733,864,1046]
[0,122,531,678,857,991,1046]
[0,122,531,733,864,991,1046]
[0,122,412,531,733,857,1046]
[0,122,531,678,857,1046]
[0,122,456,1046]
[0,122,412,531,650,733,814,864,991,1046]
[0,122,456,733,857,1046]
[0,122,412,456,531,733,857,991,1046]
[0,122,412,531,650,733,857,991,1046]
[0,456,711,1046]
[0,456,733,857,1046]
[0,122,412,456,531,678,814,857,991,1046]
[0,122,456,694,1046]
[0,122,531,650,733,864,1046]
[0,122,456,733,857,991,1046]
[0,122,531,733,1046]
[0,122,412,531,650,733,864,1046]
[0,122,412,456,531,733,864,991,1046]
[0,122,531,711,1046]
[0,122,531,678,1046]
[0,531,733,1046]
[0,122,412,531,733,857,991,1046]
[0,456,733,1046]
[0,531,678,1046]
[0,531,678,857,1046]
