[0,895,1327]
[0,333,581,1081,1327]
[0,333,473,1086,1327]
[0,333,473,581,639,884,1081,1235,1327]
[0,1086,1327]
[0,333,639,884,1327]
[0,333,884,1081,1235,1327]
[0,333,473,634,1086,1235,1327]
[0,333,639,884,1081,1235,1327]
[0,333,473,634,884,1086,1327]
[0,333,473,884,1081,1235,1327]
[0,333,1327]
[0,333,635,884,1081,1327]
[0,333,1086,1235,1327]
[0,333,895,1327]
[0,333,884,1327]
[0,333,473,634,1086,1327]
[0,333,635,884,1327]
[0,333,473,1081,1327]
[0,333,635,884,1081,1235,1327]
[0,333,581,635,1081,1235,1327]
[0,1081,1327]
[0,333,473,635,884,1081,1235,1327]
[0,333,473,884,1081,1327]
[0,333,634,884,1086,1327]
[0,333,473,1086,1235,1327]
[0,333,884,1086,1327]
[0,333,473,635,884,1327]
[0,333,473,581,635,884,1081,1235,1327]
[0,333,1086,1327]
[0,333,473,639,884,1081,1235,1327]
[0,333,634,884,1327]
[0,333,473,634,884,1081,1327]
[0,333,473,884,1235,1327]
[0,333,473,634,1081,1327]
[0,333,581,635,884,1081,1235,1327]
[0,333,1081,1235,1327]
[0,333,634,884,1081,1327]
[0,333,581,1081,1235,1327]
[0,333,884,1235,1327]
[0,333,581,639,884,1081,1235,1327]
[0,333,884,1081,1327]
[0,333,473,634,1081,1235,1327]
[0,333,884,1145,1235,1327]
[0,333,634,1086,1327]
[0,333,1081,1327]
[0,333,473,635,884,1081,1327]
[0,333,473,1081,1235,1327]
[0,333,473,634,884,1086,1235,1327]
[0,333,639,884,1081,1327]
[0,333,473,639,884,1081,1327]
[0,884,1327]
[0,333,473,634,884,1327]
[0,333,473,639,884,1327]
[0,333,473,884,1145,1235,1327]
[0,333,473,634,884,1081,1235,1327]
[0,333,634,1327]
[0,333,473,884,1327]
[0,333,581,1327]
[0,333,634,1081,1327]
