[0,1584,1750,2223,2477,2568,3353]
[0,1584,2223,2409,2477,2568,3353]
[0,1584,1750,2223,2477,3171,3353]
[0,1584,3171,3353]
[0,2223,2568,3353]
[0,1584,1750,2223,2409,2477,2568,3353]
[0,2223,2477,2568,3353]
[0,1584,1750,2223,2478,3353]
[0,1584,1750,2477,2568,3353]
[0,1584,1750,2223,2568,3353]
[0,2223,2477,3353]
[0,1584,1974,2223,2477,3171,3353]
[0,97,1584,1750,2223,2477,3171,3353]
[0,2223,2477,3171,3353]
[0,97,1584,1974,2223,2477,3171,3353]
[0,1584,1750,2223,3171,3353]
[0,1584,2477,3353]
[0,565,1584,2477,3353]
[0,1584,2223,2477,3353]
[0,2223,3353]
[0,97,1584,2223,2477,3171,3353]
[0,2478,3353]
[0,1584,1750,2568,3353]
[0,1584,2223,2477,3171,3353]
[0,97,2223,2477,3171,3353]
[0,1584,2223,2477,2568,3353]
[0,2223,2409,2477,2568,3353]
[0,1584,1750,3171,3353]
[0,1584,2223,3171,3353]
[0,1584,1750,3353]
[0,2568,3353]
[0,1584,2478,3353]
[0,1584,2223,3353]
[0,1584,2477,2568,3353]
[0,2477,2568,3353]
[0,1584,2223,2478,3353]
[0,3171,3353]
[0,1584,3353]
[0,2223,2478,3353]
[0,1584,1974,2223,2477,3353]
[0,1584,2568,3353]
[0,1584,2223,2568,3353]
[0,2223,3171,3353]
