[0,507,749,1046]
[0,285,506,817,986,1046]
[0,144,285,817,1046]
[0,144,285,1046]
[0,285,507,986,1046]
[0,506,749,895,1046]
[0,144,285,419,506,749,817,858,986,1046]
[0,144,285,419,506,749,1046]
[0,144,285,506,749,1046]
[0,144,285,506,749,817,858,986,1046]
[0,144,285,986,1046]
[0,285,817,986,1046]
[0,285,1046]
[0,144,285,749,817,1046]
[0,144,285,526,986,1046]
[0,507,1046]
[0,144,285,412,506,749,817,1046]
[0,285,506,749,895,1046]
[0,144,285,526,1046]
[0,144,285,419,506,1046]
[0,144,285,506,1046]
[0,507,986,1046]
[0,285,749,817,1046]
[0,144,285,507,749,817,986,1046]
[0,144,285,412,506,749,817,895,1046]
[0,144,285,506,749,895,1046]
[0,285,817,1046]
[0,144,285,507,749,817,1046]
[0,285,507,1046]
[0,506,749,817,1046]
[0,506,817,1046]
[0,144,285,506,749,817,986,1046]
[0,144,285,419,506,749,817,1046]
[0,285,507,749,1046]
[0,506,749,1046]
[0,506,749,817,986,1046]
[0,285,506,749,817,986,1046]
[0,144,285,412,506,749,1046]
[0,144,285,412,506,749,817,895,986,1046]
[0,144,285,507,749,1046]
[0,285,506,749,1046]
[0,506,1046]
[0,144,285,412,506,749,895,1046]
[0,144,285,749,817,986,1046]
[0,285,506,817,1046]
[0,285,749,817,986,1046]
[0,285,506,749,817,1046]
[0,285,526,1046]
[0,144,285,506,749,817,895,986,1046]
[0,144,285,507,1046]
[0,285,986,1046]
[0,285,506,1046]
[0,144,285,419,506,749,817,986,1046]
[0,144,285,817,986,1046]
[0,144,285,506,749,817,1046]
[0,506,986,1046]
[0,144,285,506,749,817,895,1046]
[0,285,506,986,1046]
