[0,2139,2812]
[0,2140,2527,2812]
[0,2678,2812]
[0,2733,2812]
[0,788,1407,1802,2140,2733,2812]
[0,1465,2812]
[0,412,1407,1601,2139,2812]
[0,412,1407,2139,2812]
[0,412,1407,1601,2139,2283,2733,2812]
[0,788,2140,2733,2812]
[0,412,1407,1802,2140,2812]
[0,412,1465,2140,2527,2812]
[0,259,412,1465,1802,2140,2527,2812]
[0,412,1802,2812]
[0,412,2139,2283,2733,2812]
[0,412,1465,1802,2140,2812]
[0,412,2140,2527,2812]
[0,412,1407,2140,2733,2812]
[0,1407,2812]
[0,1802,2527,2812]
[0,788,2812]
[0,412,1407,2139,2283,2733,2812]
[0,1420,2139,2678,2812]
[0,2527,2812]
[0,344,788,1465,2280,2812]
[0,1407,2139,2812]
[0,788,1465,2812]
[0,259,412,1407,1601,2140,2527,2812]
[0,788,1407,2140,2733,2812]
[0,412,2139,2733,2812]
[0,412,1407,1601,2140,2527,2812]
[0,412,2140,2733,2812]
[0,259,412,2140,2527,2812]
[0,1465,1802,2812]
[0,788,2140,2812]
[0,1802,2812]
[0,1407,2140,2812]
[0,412,1407,2140,2527,2812]
[0,259,412,1465,1692,2140,2527,2812]
[0,412,2139,2812]
[0,1465,2140,2527,2812]
[0,412,1407,1601,2140,2733,2812]
[0,412,1465,1692,2140,2527,2812]
[0,1420,2139,2812]
[0,412,1465,2140,2812]
[0,1465,2140,2812]
[0,412,1465,1802,2140,2527,2812]
[0,412,2139,2283,2812]
[0,2140,2812]
[0,2139,2733,2812]
[0,2139,2678,2812]
[0,2140,2733,2812]
[0,412,1407,1601,2139,2283,2812]
[0,412,1407,1601,2140,2812]
[0,1465,1692,2140,2527,2812]
[0,1420,2812]
[0,412,1407,2140,2812]
[0,788,1465,2280,2812]
[0,259,412,1407,2140,2527,2733,2812]
[0,412,2812]
[0,412,1407,2139,2283,2812]
[0,259,412,1465,2140,2527,2812]
[0,259,412,1407,2140,2527,2812]
[0,1465,1802,2527,2812]
[0,412,1465,1802,2527,2812]
[0,412,1407,1802,2140,2733,2812]
[0,259,412,1407,1601,2140,2527,2733,2812]
[0,259,412,1465,1692,2140,2527,2733,2812]
[0,788,1407,1802,2140,2812]
[0,412,1465,1802,2812]
[0,259,412,2140,2527,2733,2812]
[0,412,2140,2812]
[0,788,1407,2140,2812]
