[0,1010,1404,1642]
[0,135,653,863,1332,1642]
[0,135,653,863,1070,1642]
[0,135,653,863,1171,1642]
[0,135,863,1010,1562,1642]
[0,135,653,863,1010,1171,1404,1642]
[0,653,863,1404,1642]
[0,135,863,1404,1642]
[0,135,653,863,1501,1642]
[0,653,863,1642]
[0,135,1010,1404,1642]
[0,135,653,863,1404,1642]
[0,135,653,863,1010,1642]
[0,653,863,1070,1404,1642]
[0,135,653,863,1171,1404,1562,1642]
[0,1010,1642]
[0,135,653,863,1171,1332,1562,1642]
[0,135,653,863,1642]
[0,135,653,863,1010,1070,1562,1642]
[0,135,653,863,1070,1404,1642]
[0,135,1010,1642]
[0,135,1010,1070,1404,1562,1642]
[0,135,653,863,1010,1171,1332,1642]
[0,135,863,1010,1070,1562,1642]
[0,135,1010,1404,1562,1642]
[0,135,863,1404,1562,1642]
[0,135,1010,1070,1562,1642]
[0,653,863,1332,1642]
[0,1010,1501,1642]
[0,653,863,1070,1642]
[0,653,863,1171,1642]
[0,135,653,863,1171,1404,1642]
[0,135,1642]
[0,863,1171,1404,1642]
[0,135,653,863,1010,1562,1642]
[0,135,653,863,1070,1404,1562,1642]
[0,653,863,1070,1332,1642]
[0,863,1642]
[0,135,653,863,1010,1070,1404,1562,1642]
[0,863,1070,1404,1642]
[0,135,653,863,1070,1332,1642]
[0,653,863,1501,1642]
[0,135,653,863,1010,1070,1332,1562,1642]
[0,653,863,1010,1642]
[0,135,1010,1501,1642]
[0,135,863,1010,1642]
[0,135,1010,1562,1642]
[0,135,653,863,1562,1642]
[0,135,653,863,1010,1171,1332,1562,1642]
[0,653,863,1010,1171,1332,1642]
[0,653,863,1010,1171,1642]
[0,135,863,1642]
[0,135,863,1562,1642]
[0,135,863,1070,1404,1562,1642]
[0,135,863,1010,1070,1404,1562,1642]
[0,653,863,1171,1332,1642]
[0,653,863,1010,1501,1642]
[0,135,653,863,1010,1171,1404,1562,1642]
[0,135,653,863,1010,1501,1642]
[0,135,863,1070,1404,1642]
[0,135,653,863,1010,1171,1642]
[0,863,1332,1642]
[0,653,863,1010,1171,1404,1642]
[0,135,653,863,1070,1332,1562,1642]
[0,863,1070,1642]
[0,135,653,863,1171,1332,1642]
[0,135,653,863,1404,1562,1642]
[0,653,863,1171,1404,1642]
[0,863,1171,1642]
[0,135,863,1070,1642]
[0,863,1010,1642]
[0,863,1404,1642]
[0,135,653,863,1332,1562,1642]
