[0,221,553,759,828,921,992,1046]
[0,221,553,759,1046]
[0,221,759,921,1046]
[0,221,553,759,828,921,1046]
[0,221,553,759,921,1046]
[0,221,759,921,992,1046]
[0,759,921,992,1046]
[0,225,553,759,1046]
[0,225,759,1046]
[0,221,921,1046]
[0,221,759,921,973,1046]
[0,759,921,1046]
[0,759,921,973,1046]
[0,225,553,1046]
[0,221,553,759,921,973,1046]
[0,921,1046]
[0,221,1046]
[0,759,1046]
[0,221,759,1046]
[0,221,553,759,828,921,973,1046]
[0,553,1046]
[0,225,759,921,1046]
[0,221,553,1046]
[0,225,553,759,921,1046]
[0,225,553,759,828,921,1046]
[0,225,1046]
[0,221,553,759,921,992,1046]
