[0,214,503,1508,2189]
[0,503,957,2189]
[0,214,551,837,1735,2189]
[0,567,844,1735,2189]
[0,214,1408,2189]
[0,567,1735,2189]
[0,844,957,2189]
[0,567,844,957,1735,2189]
[0,957,2189]
[0,1408,2189]
[0,455,1735,2189]
[0,503,844,1735,2189]
[0,214,455,1735,2189]
[0,455,2189]
[0,551,1735,2189]
[0,567,2189]
[0,503,2189]
[0,214,455,1508,2189]
[0,551,837,1735,2189]
[0,214,567,844,1735,2189]
[0,214,455,837,1508,1735,2189]
[0,214,567,844,957,1735,2189]
[0,455,837,1508,1735,2189]
[0,455,1508,2189]
[0,214,455,837,957,1508,1735,2189]
[0,503,1508,1735,2189]
[0,503,1735,2189]
[0,551,2189]
[0,1735,2189]
[0,214,1508,2189]
[0,455,837,1735,2189]
[0,503,1508,2189]
[0,214,455,1508,1735,2189]
[0,567,844,957,2189]
[0,214,503,1508,1735,2189]
[0,551,837,957,1735,2189]
[0,214,551,837,957,1735,2189]
[0,1508,2189]
[0,455,1508,1735,2189]
[0,503,844,957,2189]
[0,567,957,2189]
[0,214,455,837,957,1735,2189]
[0,214,455,837,1735,2189]
[0,503,844,957,1735,2189]
[0,214,503,1735,2189]
[0,455,837,957,1735,2189]
