[0,155,277,358,524,922,1078,1169,1419]
[0,341,1419]
[0,277,524,922,1419]
[0,155,358,524,922,1078,1169,1419]
[0,341,524,922,1078,1169,1419]
[0,524,922,1419]
[0,639,1419]
[0,277,524,922,1078,1419]
[0,341,639,1419]
[0,155,349,524,922,1078,1419]
[0,349,524,922,1078,1419]
[0,349,524,922,1419]
[0,155,349,524,922,1078,1169,1419]
[0,155,358,524,922,1078,1419]
[0,155,341,524,922,1078,1169,1419]
[0,358,524,922,1078,1419]
[0,358,524,922,1078,1169,1419]
[0,524,922,1078,1419]
[0,341,1041,1419]
[0,341,639,1041,1419]
[0,349,524,922,1078,1169,1419]
[0,155,277,524,922,1078,1169,1419]
[0,341,524,922,1419]
[0,155,277,524,922,1078,1419]
[0,358,524,922,1419]
[0,155,341,524,922,1078,1419]
[0,1041,1419]
[0,922,1078,1419]
[0,922,1419]
[0,155,277,476,524,922,1078,1169,1419]
[0,923,1419]
[0,341,524,922,1078,1419]
