[0,161,770,838,1585,2824]
[0,161,770,1495,1585,2824]
[0,67,161,770,838,1495,1585,2824]
[0,161,770,2767,2824]
[0,770,1495,2824]
[0,838,2824]
[0,1932,2824]
[0,161,770,1585,2824]
[0,161,770,1201,2002,2824]
[0,2002,2824]
[0,770,1585,2824]
[0,1201,2824]
[0,770,1201,1932,2824]
[0,161,770,1201,1495,2002,2742,2824]
[0,770,1201,1495,1932,2824]
[0,161,770,1932,2824]
[0,161,1585,2824]
[0,161,770,1201,1495,1585,2824]
[0,161,770,838,2824]
[0,67,161,770,838,1585,2824]
[0,770,1932,2824]
[0,161,770,1201,1495,2824]
[0,770,1201,2002,2824]
[0,770,1201,1495,2002,2824]
[0,770,838,2824]
[0,770,1201,2824]
[0,67,161,770,1201,1495,1585,2824]
[0,161,1495,1585,2824]
[0,161,770,2824]
[0,1201,1932,2824]
[0,67,161,2824]
[0,161,770,1201,1585,2824]
[0,1585,2824]
[0,1495,2824]
[0,67,161,1585,2824]
[0,161,770,2002,2824]
[0,770,2002,2824]
[0,161,770,1201,2824]
[0,1201,2002,2824]
[0,67,161,770,1495,1585,2824]
[0,770,1201,1495,2824]
[0,161,2824]
[0,161,770,1201,1495,1932,2824]
[0,770,1201,1585,2824]
[0,67,161,770,838,2824]
[0,770,2824]
[0,161,770,838,1495,1585,2824]
[0,161,770,1201,1495,2002,2824]
[0,67,161,1495,1585,2824]
