[0,674,813,1547,2019]
[0,978,1547,2019]
[0,218,674,813,1037,1550,1831,2019]
[0,686,2019]
[0,218,674,813,1466,1547,1608,2019]
[0,208,686,813,1037,1290,1466,1547,1891,2019]
[0,218,674,813,1037,1290,1547,1831,2019]
[0,218,1037,1550,2019]
[0,674,1037,1290,1547,2019]
[0,208,674,1037,1547,2019]
[0,218,674,813,1037,1290,1466,1547,2019]
[0,1037,1290,1547,2019]
[0,674,813,1466,1550,2019]
[0,218,1550,2019]
[0,674,1037,1547,2019]
[0,1037,1547,2019]
[0,218,674,813,1037,1290,1547,2019]
[0,218,674,813,1466,1550,2019]
[0,218,674,813,1547,1831,2019]
[0,208,978,1547,2019]
[0,218,813,1547,1831,2019]
[0,218,674,813,1550,1831,2019]
[0,813,1290,1547,2019]
[0,218,813,1290,1550,2019]
[0,218,674,813,1037,1550,2019]
[0,218,1547,2019]
[0,218,674,1037,1547,1831,2019]
[0,208,866,1547,2019]
[0,208,1037,1290,1547,2019]
[0,218,674,813,1037,1290,1466,1550,1831,2019]
[0,978,2019]
[0,208,686,813,1037,1290,1547,1891,2019]
[0,208,686,813,1290,1547,2019]
[0,218,674,813,1290,1466,1547,2019]
[0,208,1037,1547,2019]
[0,218,674,813,1550,2019]
[0,218,674,813,1037,1290,1550,1831,2019]
[0,1550,2019]
[0,208,686,813,1290,1466,1547,1608,2019]
[0,1193,1547,2019]
[0,208,686,813,1290,1547,1891,2019]
[0,208,813,1547,1891,2019]
[0,208,686,1037,1290,1547,1891,2019]
[0,218,674,1037,1290,1547,2019]
[0,218,674,813,1290,1550,2019]
[0,686,1466,1547,2019]
[0,674,813,1550,2019]
[0,208,686,1037,1547,2019]
[0,208,674,813,1547,1831,2019]
[0,1547,2019]
[0,813,1553,2019]
[0,208,686,1037,1290,1547,2019]
[0,208,813,1547,2019]
[0,686,813,1466,1547,2019]
[0,686,1037,1290,1547,2019]
[0,686,813,1290,1466,1547,1608,2019]
[0,208,674,1037,1290,1547,2019]
[0,674,1037,1290,1550,2019]
[0,208,813,1547,1831,2019]
[0,208,686,813,1290,1466,1547,1891,2019]
[0,1037,1550,2019]
[0,218,674,813,1037,1290,1550,2019]
[0,674,1466,1547,1608,2019]
[0,208,686,813,1037,1290,1547,2019]
[0,218,813,1550,2019]
[0,218,674,813,1037,1290,1466,1547,1608,2019]
[0,208,674,813,1547,2019]
[0,1553,2019]
[0,208,813,1553,2019]
[0,208,674,813,1037,1547,1831,2019]
[0,208,686,813,1037,1547,2019]
[0,208,686,813,1037,1290,1466,1547,1608,1891,2019]
[0,686,978,1547,2019]
[0,218,674,1037,1547,2019]
[0,218,674,813,1290,1547,2019]
[0,218,674,813,1290,1466,1547,1608,2019]
[0,686,1466,1547,1608,2019]
[0,866,2019]
[0,813,1550,2019]
[0,218,674,813,1290,1466,1550,2019]
[0,218,813,1547,2019]
[0,208,813,1290,1547,1891,2019]
[0,208,686,978,1547,1831,2019]
[0,208,1193,1547,2019]
[0,686,1037,1547,2019]
[0,208,686,813,1290,1466,1547,2019]
[0,686,813,1290,1466,1547,2019]
[0,208,686,813,1290,1466,1547,1608,1891,2019]
[0,813,2019]
[0,674,813,1466,1547,1608,2019]
[0,208,1037,1290,1547,1891,2019]
[0,218,674,1037,1550,1831,2019]
[0,866,1547,2019]
[0,674,2019]
[0,208,813,1290,1547,2019]
[0,218,674,1037,1290,1550,2019]
[0,208,674,1037,1290,1547,1831,2019]
[0,218,1037,1547,2019]
[0,208,674,813,1037,1290,1547,1831,2019]
[0,208,686,813,1547,1891,2019]
[0,208,686,978,1547,2019]
[0,208,674,1037,1547,1831,2019]
[0,674,813,1466,1547,2019]
[0,686,1547,2019]
[0,218,674,1037,1290,1547,1831,2019]
[0,686,813,1547,2019]
[0,208,1547,2019]
[0,218,674,1037,1290,1550,1831,2019]
[0,208,686,813,1037,1290,1466,1547,2019]
[0,218,813,1550,1831,2019]
[0,813,1547,2019]
[0,674,1466,1547,2019]
[0,218,674,1037,1550,2019]
[0,1466,1547,2019]
[0,218,813,1290,1547,2019]
[0,1037,2019]
[0,218,674,813,1037,1547,2019]
[0,686,813,1290,1547,2019]
[0,218,674,813,1037,1290,1466,1550,2019]
[0,218,674,813,1466,1547,2019]
[0,674,1037,1550,2019]
[0,674,1547,2019]
[0,218,674,813,1547,2019]
[0,1466,1547,1608,2019]
[0,208,1553,2019]
[0,686,813,1466,1547,1608,2019]
[0,208,686,813,1547,2019]
[0,813,1290,1550,2019]
[0,218,674,813,1037,1547,1831,2019]
[0,208,1193,1547,1831,2019]
