[0,904,969]
[0,110,623,969]
[0,424,507,904,969]
[0,185,271,424,507,623,969]
[0,185,271,424,507,623,904,969]
[0,424,514,623,969]
[0,367,969]
[0,110,332,507,628,969]
[0,507,628,969]
[0,110,367,514,623,904,969]
[0,332,628,969]
[0,110,424,514,623,669,904,969]
[0,110,271,424,514,623,669,904,969]
[0,185,424,507,623,669,904,969]
[0,367,507,969]
[0,185,424,507,623,969]
[0,110,424,507,623,969]
[0,628,969]
[0,110,271,367,514,623,969]
[0,110,367,507,628,904,969]
[0,185,271,424,514,623,904,969]
[0,185,271,424,514,623,969]
[0,110,514,623,969]
[0,367,507,628,904,969]
[0,244,628,969]
[0,367,514,623,904,969]
[0,185,424,507,623,904,969]
[0,185,271,424,507,623,669,904,969]
[0,110,244,424,507,628,969]
[0,185,424,514,623,669,904,969]
[0,110,271,424,514,623,969]
[0,424,507,969]
[0,367,904,969]
[0,424,628,969]
[0,185,969]
[0,367,514,623,969]
[0,110,623,904,969]
[0,110,507,623,969]
[0,110,514,623,904,969]
[0,424,514,623,669,904,969]
[0,185,623,969]
[0,185,514,623,969]
[0,110,271,424,514,623,904,969]
[0,367,507,628,969]
[0,110,271,514,623,969]
[0,367,514,969]
[0,185,271,507,623,969]
[0,110,332,507,628,904,969]
[0,110,424,507,628,904,969]
[0,424,969]
[0,271,623,969]
[0,110,271,367,514,623,904,969]
[0,244,367,628,969]
[0,110,424,514,623,904,969]
[0,424,507,628,904,969]
[0,367,628,969]
[0,110,424,507,623,904,969]
[0,110,507,628,904,969]
[0,110,244,507,628,969]
[0,110,244,367,507,628,969]
[0,110,367,507,628,969]
[0,367,514,904,969]
[0,424,507,628,969]
[0,507,623,969]
[0,424,514,623,904,969]
[0,110,424,514,623,969]
[0,185,507,623,969]
[0,185,904,969]
[0,110,904,969]
[0,110,628,904,969]
[0,424,904,969]
[0,110,244,367,507,628,904,969]
[0,367,623,969]
[0,185,424,514,623,969]
[0,110,507,628,969]
[0,424,514,969]
[0,424,514,904,969]
[0,514,623,969]
[0,110,424,507,623,669,904,969]
[0,424,507,623,969]
[0,110,367,623,969]
[0,110,367,514,623,969]
[0,244,367,507,628,969]
[0,185,271,424,514,623,669,904,969]
[0,367,507,904,969]
[0,110,628,969]
[0,332,904,969]
[0,332,507,628,969]
[0,110,244,424,507,628,904,969]
[0,424,507,623,904,969]
[0,244,507,628,969]
[0,623,969]
[0,185,424,514,623,904,969]
[0,110,424,507,628,969]
[0,332,969]
[0,110,969]
[0,424,507,623,669,904,969]
[0,110,271,623,969]
