[0,164,641,1141,1465]
[0,164,641,1465]
[0,1141,1465]
[0,137,387,641,818,960,1141,1465]
[0,137,673,1141,1249,1465]
[0,164,673,1141,1465]
[0,137,605,673,818,960,1141,1249,1465]
[0,605,1141,1465]
[0,137,605,673,960,1141,1465]
[0,605,1465]
[0,208,387,673,1141,1465]
[0,137,605,673,1141,1465]
[0,137,208,673,818,960,1141,1249,1465]
[0,387,641,818,960,1141,1465]
[0,137,673,818,960,1141,1465]
[0,137,387,641,1141,1465]
[0,137,605,673,960,1141,1249,1465]
[0,673,1465]
[0,818,1465]
[0,137,605,673,818,960,1141,1465]
[0,137,673,1141,1465]
[0,387,641,1141,1465]
[0,208,387,673,818,960,1141,1249,1465]
[0,673,818,960,1141,1465]
[0,137,208,387,673,960,1141,1249,1465]
[0,673,1141,1465]
[0,164,1465]
[0,137,673,960,1141,1465]
[0,137,673,1465]
[0,208,387,673,960,1141,1465]
[0,641,1465]
[0,137,208,387,673,1141,1249,1465]
[0,818,1141,1465]
[0,137,1465]
[0,208,673,1141,1465]
[0,387,641,818,1141,1465]
[0,137,818,1465]
[0,641,818,960,1465]
[0,137,818,960,1141,1465]
[0,208,673,960,1141,1465]
[0,208,387,673,960,1141,1249,1465]
[0,137,641,1141,1465]
[0,818,960,1141,1465]
[0,137,1141,1465]
[0,818,960,1465]
[0,137,208,605,673,818,960,1141,1249,1465]
[0,137,818,1141,1465]
[0,137,605,673,1141,1249,1465]
[0,641,1141,1465]
[0,164,673,1465]
[0,164,818,1465]
[0,208,387,673,818,960,1141,1465]
[0,137,208,387,605,673,818,960,1141,1249,1465]
[0,137,605,1141,1465]
[0,137,641,1465]
[0,208,387,673,1141,1249,1465]
[0,137,673,818,960,1141,1249,1465]
[0,641,960,1465]
[0,673,960,1141,1465]
[0,137,208,387,673,818,960,1141,1249,1465]
[0,137,641,818,960,1141,1465]
[0,137,818,960,1465]
[0,641,818,960,1141,1465]
[0,641,818,1141,1465]
[0,137,673,960,1141,1249,1465]
