[0,778,848,899,1046]
[0,572,629,778,848,1046]
[0,326,572,1046]
[0,326,572,849,1046]
[0,572,629,778,848,899,1046]
[0,572,849,1046]
[0,664,848,1046]
[0,143,326,572,778,848,1046]
[0,375,1046]
[0,572,629,848,899,1046]
[0,572,1046]
[0,326,572,778,848,1046]
[0,326,572,848,1046]
[0,572,629,848,1046]
[0,143,326,375,572,778,848,1046]
[0,572,664,760,848,1046]
[0,143,326,572,848,1046]
[0,572,848,899,1046]
[0,572,664,848,1046]
[0,572,778,848,1046]
[0,330,572,849,1046]
[0,330,572,1046]
[0,375,848,1046]
[0,572,848,1046]
[0,848,1046]
[0,848,899,1046]
[0,849,1046]
[0,778,848,1046]
[0,572,664,760,848,899,1046]
[0,572,664,848,899,1046]
