[0,407,488,551,879,969]
[0,92,200,312,407,969]
[0,92,200,407,488,551,969]
[0,488,574,969]
[0,187,437,879,969]
[0,92,200,312,488,969]
[0,92,200,312,488,879,969]
[0,92,488,969]
[0,312,969]
[0,200,488,969]
[0,488,969]
[0,437,574,969]
[0,92,200,312,407,488,808,879,969]
[0,437,969]
[0,312,407,969]
[0,200,457,969]
[0,200,457,862,969]
[0,488,879,969]
[0,187,457,574,862,969]
[0,879,969]
[0,312,407,488,879,969]
[0,407,488,574,879,969]
[0,200,312,488,969]
[0,92,200,407,488,969]
[0,437,879,969]
[0,407,488,879,969]
[0,407,488,551,969]
[0,200,312,407,488,879,969]
[0,187,312,969]
[0,187,437,574,969]
[0,187,457,969]
[0,312,488,969]
[0,200,312,488,879,969]
[0,200,312,879,969]
[0,187,437,969]
[0,92,407,488,879,969]
[0,187,312,407,488,551,969]
[0,312,879,969]
[0,92,200,312,407,488,551,808,879,969]
[0,92,200,969]
[0,574,969]
[0,200,969]
[0,92,200,312,407,488,551,879,969]
[0,312,488,879,969]
[0,92,200,312,407,488,551,969]
[0,92,200,312,407,488,969]
[0,407,488,574,969]
[0,312,407,488,551,879,969]
[0,92,969]
[0,92,200,407,488,879,969]
[0,200,312,969]
[0,457,969]
[0,200,312,407,969]
[0,488,574,879,969]
[0,312,407,488,969]
[0,312,407,488,551,969]
[0,92,200,312,969]
[0,200,488,879,969]
[0,92,200,488,969]
[0,200,312,407,488,551,879,969]
[0,200,312,407,879,969]
[0,187,312,407,969]
[0,488,551,969]
[0,92,200,488,879,969]
[0,187,312,407,488,969]
[0,92,407,488,969]
[0,92,488,879,969]
[0,92,407,488,551,969]
[0,457,574,969]
[0,187,437,574,879,969]
[0,457,862,969]
[0,187,457,574,969]
[0,92,200,312,407,488,879,969]
[0,407,488,969]
[0,187,969]
