[0,209,1006,1508,2925,4285]
[0,809,1013,2925,4285]
[0,209,2950,4285]
[0,809,1013,2925,3112,4285]
[0,1508,4182,4285]
[0,809,1021,4285]
[0,209,809,1006,1508,2398,3559,3826,4182,4285]
[0,2925,4182,4285]
[0,2900,3112,4285]
[0,1006,3559,4285]
[0,1508,2925,4285]
[0,209,1013,4285]
[0,1006,2925,4285]
[0,2251,4285]
[0,1006,1508,2398,4285]
[0,209,3559,3826,4285]
[0,2733,4285]
[0,209,1006,4285]
[0,809,1021,2928,4285]
[0,209,809,3014,4285]
[0,2900,4285]
[0,401,1553,2928,4035,4285]
[0,904,2733,4035,4285]
[0,809,4285]
[0,1553,4285]
[0,209,809,2900,3112,4182,4285]
[0,209,809,1021,2928,4285]
[0,1013,1508,2925,4285]
[0,209,809,2950,4285]
[0,1021,1508,2928,4285]
[0,3014,4182,4285]
[0,401,2928,4285]
[0,209,809,3559,3826,4285]
[0,209,809,2950,4182,4285]
[0,209,809,3014,3826,4285]
[0,1006,2398,4285]
[0,809,1006,2925,3112,4285]
[0,904,2733,4285]
[0,2950,4285]
[0,809,3014,4285]
[0,209,809,1013,2925,4285]
[0,1110,4285]
[0,209,809,1006,2925,3112,4182,4285]
[0,209,809,1021,1508,2928,4285]
[0,1006,2925,3112,4285]
[0,209,809,1013,1508,2925,4285]
[0,209,809,1013,2925,3112,4182,4285]
[0,1013,4285]
[0,209,809,1006,1508,2925,4285]
[0,209,809,1006,1508,2925,3112,4285]
[0,4182,4285]
[0,209,809,1006,3559,3826,4285]
[0,209,1013,1508,2925,4285]
[0,209,2900,4182,4285]
[0,209,809,2900,3112,4285]
[0,1006,1508,3559,4285]
[0,809,3559,4285]
[0,2950,4182,4285]
[0,209,2900,4285]
[0,1006,1508,2925,4285]
[0,809,2925,4285]
[0,809,1021,1508,2928,4285]
[0,209,2900,3112,4285]
[0,209,809,1006,1508,2925,3112,4182,4285]
[0,3559,4285]
[0,209,809,1021,1508,2928,4182,4285]
[0,209,809,1021,4285]
[0,2925,4285]
[0,209,809,1006,1508,3559,3826,4285]
[0,1006,4285]
[0,401,1553,2928,4285]
[0,209,3014,4285]
[0,1006,1508,2398,3826,4285]
[0,209,4285]
[0,1021,4285]
[0,2251,4182,4285]
[0,809,1006,3559,3826,4285]
[0,904,4285]
[0,209,809,1021,2928,4182,4285]
[0,2925,3112,4285]
[0,1553,2928,4285]
[0,1006,3559,3826,4285]
[0,209,3014,3826,4285]
[0,209,3014,4182,4285]
[0,809,2900,4285]
[0,209,4182,4285]
[0,3014,3826,4285]
[0,209,2925,4285]
[0,209,809,3014,3826,4182,4285]
[0,209,809,1006,2925,4285]
[0,1013,2925,4285]
[0,2398,4285]
[0,209,1508,2925,4182,4285]
[0,209,1508,2925,4285]
[0,1006,1508,3559,3826,4285]
[0,209,2925,4182,4285]
[0,3014,4285]
[0,209,809,1006,1508,2398,3559,3826,4285]
[0,209,1006,1508,2398,3559,3826,4285]
[0,209,809,1013,1508,2925,3112,4285]
[0,809,2950,4285]
[0,809,2900,3112,4285]
[0,209,809,1006,2925,3112,4285]
[0,1021,2928,4285]
[0,209,809,1021,4182,4285]
[0,209,809,1013,4285]
[0,809,3014,3826,4285]
[0,809,1013,4285]
[0,2928,4285]
[0,1013,2925,3112,4285]
[0,209,809,3014,4182,4285]
[0,209,2950,4182,4285]
[0,209,809,1006,4285]
[0,809,1006,3559,4285]
[0,809,1006,4285]
[0,209,809,2925,4182,4285]
[0,809,3559,3826,4285]
[0,209,1006,1508,3559,3826,4285]
[0,1508,4285]
[0,809,1006,2925,4285]
[0,3559,3826,4285]
[0,209,809,1013,2925,3112,4285]
[0,209,809,2925,4285]
[0,209,2900,3112,4182,4285]
[0,1006,1508,2398,3559,3826,4285]
[0,209,809,1013,1508,2925,3112,4182,4285]
