[0,244,842,1046]
[0,244,427,615,1046]
[0,244,485,1046]
[0,965,1046]
[0,244,365,615,843,1046]
[0,72,244,293,365,533,615,788,843,997,1046]
[0,293,788,1046]
[0,293,615,1046]
[0,293,615,788,1046]
[0,72,244,533,615,788,843,965,1046]
[0,293,615,843,1046]
[0,244,293,427,615,1046]
[0,104,293,615,843,1046]
[0,244,427,615,788,1046]
[0,615,965,1046]
[0,293,1046]
[0,244,533,615,788,1046]
[0,72,244,293,365,533,615,965,1046]
[0,72,244,533,615,788,843,927,1046]
[0,244,615,843,927,1046]
[0,293,412,615,788,1046]
[0,293,788,843,1046]
[0,72,244,485,615,1046]
[0,615,843,927,1046]
[0,72,244,293,533,615,1046]
[0,574,1046]
[0,244,365,533,615,788,965,1046]
[0,412,615,788,1046]
[0,244,533,615,788,965,1046]
[0,244,533,615,788,843,997,1046]
[0,104,412,615,788,1046]
[0,72,244,293,365,533,615,788,843,1046]
[0,533,615,965,1046]
[0,72,244,365,533,615,788,965,1046]
[0,72,244,293,533,615,788,843,927,1046]
[0,72,244,533,615,788,843,997,1046]
[0,244,533,615,965,1046]
[0,72,244,533,615,788,843,1046]
[0,244,293,533,615,788,843,997,1046]
[0,244,293,365,533,615,965,1046]
[0,244,615,1046]
[0,293,365,533,615,965,1046]
[0,104,412,615,1046]
[0,72,244,365,533,615,788,843,997,1046]
[0,104,293,615,1046]
[0,244,365,533,615,1046]
[0,244,533,615,1046]
[0,72,244,533,615,1046]
[0,485,1046]
[0,293,365,615,788,965,1046]
[0,244,293,365,533,615,788,843,997,1046]
[0,72,293,615,788,965,1046]
[0,293,533,615,788,843,997,1046]
[0,244,843,1046]
[0,293,533,615,788,843,1046]
[0,72,244,293,485,615,1046]
[0,244,365,533,615,788,1046]
[0,244,365,533,615,843,1046]
[0,412,615,1046]
[0,244,365,533,788,1046]
[0,72,244,293,427,615,965,1046]
[0,244,293,533,615,1046]
[0,293,365,533,615,843,1046]
[0,72,244,365,533,615,788,843,965,1046]
[0,72,293,365,615,788,965,1046]
[0,293,412,615,1046]
[0,412,615,788,948,1046]
[0,244,293,533,615,788,843,1046]
[0,244,533,615,843,927,1046]
[0,615,843,1046]
[0,72,244,485,615,948,1046]
[0,244,485,615,948,1046]
[0,412,615,948,1046]
[0,244,615,843,1046]
[0,293,365,533,615,788,843,1046]
[0,533,788,1046]
[0,293,615,965,1046]
[0,72,244,293,533,615,788,843,1046]
[0,244,293,788,1046]
[0,72,244,427,615,965,1046]
[0,244,293,533,615,965,1046]
[0,365,615,1046]
[0,533,615,788,843,1046]
[0,72,244,293,427,615,788,965,1046]
[0,485,615,1046]
[0,244,293,788,843,1046]
[0,72,244,533,615,843,1046]
[0,72,244,293,485,615,948,1046]
[0,72,244,533,615,788,965,1046]
[0,72,244,293,365,533,615,788,965,1046]
[0,104,293,615,788,1046]
[0,104,412,615,788,948,1046]
[0,104,293,412,615,1046]
[0,293,615,788,843,1046]
[0,244,293,485,615,1046]
[0,104,293,615,948,1046]
[0,244,427,615,788,965,1046]
[0,244,293,427,615,965,1046]
[0,104,293,615,788,948,1046]
[0,244,293,365,533,615,788,843,1046]
[0,72,244,533,615,965,1046]
[0,72,244,427,615,788,965,1046]
[0,365,615,843,1046]
[0,244,427,615,965,1046]
[0,293,365,533,615,788,843,997,1046]
[0,788,843,1046]
[0,244,533,615,788,843,1046]
[0,244,365,533,615,965,1046]
[0,293,615,788,965,1046]
[0,615,1046]
[0,244,485,615,1046]
[0,104,293,412,615,788,948,1046]
[0,72,244,365,533,615,843,1046]
[0,72,293,615,1046]
[0,244,293,1046]
[0,244,574,843,1046]
[0,533,615,843,1046]
[0,72,244,365,533,615,788,843,1046]
[0,293,533,615,843,1046]
[0,72,244,533,615,843,927,1046]
[0,533,1046]
[0,533,615,843,927,1046]
[0,788,1046]
[0,244,533,615,843,1046]
[0,293,365,533,615,1046]
[0,244,533,1046]
[0,244,293,615,788,843,1046]
[0,533,615,1046]
[0,533,615,788,843,997,1046]
[0,72,244,293,365,533,615,788,843,965,1046]
[0,104,293,412,615,788,1046]
[0,72,244,365,533,615,965,1046]
[0,244,533,788,1046]
[0,244,1046]
[0,244,293,615,1046]
[0,293,533,615,965,1046]
[0,244,574,1046]
[0,293,533,615,1046]
[0,244,365,615,1046]
[0,427,615,1046]
