[0,215,799,953,1166,1465]
[0,729,1465]
[0,215,799,1013,1060,1465]
[0,146,215,360,528,1013,1465]
[0,215,360,528,729,1013,1166,1465]
[0,215,799,1166,1465]
[0,799,1166,1465]
[0,528,930,1013,1465]
[0,360,528,799,1013,1465]
[0,215,360,528,1013,1166,1465]
[0,528,953,1465]
[0,528,1465]
[0,146,215,1013,1465]
[0,215,1013,1465]
[0,729,1013,1166,1465]
[0,799,1013,1166,1465]
[0,360,528,729,1013,1465]
[0,215,528,799,953,1166,1465]
[0,215,528,953,1465]
[0,215,360,528,729,930,1013,1166,1465]
[0,215,360,528,930,1013,1166,1465]
[0,146,215,360,528,1013,1166,1465]
[0,215,729,930,1013,1166,1465]
[0,215,528,930,1013,1465]
[0,360,528,1465]
[0,799,1013,1060,1465]
[0,360,528,1013,1166,1465]
[0,215,360,528,1013,1465]
[0,215,528,1465]
[0,215,360,528,799,1013,1166,1465]
[0,528,908,1465]
[0,215,360,528,729,812,930,1013,1166,1465]
[0,1013,1465]
[0,146,215,360,528,729,930,1013,1166,1465]
[0,146,215,360,528,1465]
[0,528,1013,1465]
[0,215,799,1013,1166,1465]
[0,146,215,799,1013,1166,1465]
[0,215,528,959,1465]
[0,146,215,729,812,930,1013,1166,1465]
[0,146,215,1465]
[0,215,528,908,1465]
[0,215,729,1013,1465]
[0,360,528,1013,1465]
[0,146,215,360,528,930,1013,1166,1465]
[0,215,528,908,1060,1465]
[0,799,1465]
[0,528,729,1013,1465]
[0,215,729,812,930,1013,1166,1465]
[0,215,360,528,1465]
[0,528,959,1465]
[0,215,528,1013,1465]
[0,799,1013,1465]
[0,146,215,360,528,729,812,930,1013,1166,1465]
[0,215,528,953,1166,1465]
[0,215,1465]
[0,215,528,1013,1166,1465]
[0,528,799,1013,1465]
[0,215,799,1013,1465]
[0,215,799,1465]
[0,146,215,799,1013,1465]
[0,146,215,729,930,1013,1166,1465]
[0,215,1013,1166,1465]
[0,360,528,729,1013,1166,1465]
[0,729,1013,1465]
[0,146,215,1013,1166,1465]
[0,215,729,1013,1166,1465]
[0,146,215,729,1013,1166,1465]
[0,146,215,360,528,799,1013,1166,1465]
[0,215,799,953,1465]
[0,528,1013,1166,1465]
[0,360,528,799,1013,1166,1465]
