[0,402,608,735,1046]
[0,251,402,608,1046]
[0,85,156,251,385,570,735,932,1046]
[0,385,570,735,1046]
[0,402,484,608,735,932,1046]
[0,85,385,570,735,932,1046]
[0,435,608,735,932,1046]
[0,85,156,385,570,735,932,1046]
[0,251,633,1046]
[0,186,251,402,484,608,735,932,1046]
[0,251,932,1046]
[0,608,735,1046]
[0,251,443,608,1046]
[0,85,608,735,932,1046]
[0,85,385,570,1046]
[0,186,251,608,735,932,1046]
[0,251,402,608,735,1046]
[0,435,608,1046]
[0,85,633,1046]
[0,70,186,402,484,608,735,932,1046]
[0,186,402,608,735,932,1046]
[0,70,186,251,443,608,735,932,1046]
[0,156,570,1046]
[0,608,1046]
[0,247,1046]
[0,570,735,932,1046]
[0,186,251,402,608,735,932,1046]
[0,70,186,251,402,484,608,735,932,1046]
[0,70,186,251,608,735,932,1046]
[0,633,932,1046]
[0,385,570,932,1046]
[0,70,251,443,608,735,932,1046]
[0,70,402,484,608,735,932,1046]
[0,251,608,735,1046]
[0,85,156,251,570,735,932,1046]
[0,435,608,735,1046]
[0,85,251,570,735,932,1046]
[0,251,443,608,735,932,1046]
[0,385,570,735,932,1046]
[0,186,402,608,735,1046]
[0,318,608,932,1046]
[0,85,608,932,1046]
[0,85,633,932,1046]
[0,85,251,633,932,1046]
[0,633,1046]
[0,85,570,1046]
[0,70,251,344,443,608,735,932,1046]
[0,247,735,1046]
[0,85,318,608,932,1046]
[0,186,402,608,1046]
[0,85,385,570,932,1046]
[0,402,608,1046]
[0,251,608,735,932,1046]
[0,251,570,932,1046]
[0,251,633,932,1046]
[0,932,1046]
[0,85,570,735,932,1046]
[0,251,570,735,932,1046]
[0,251,402,608,735,932,1046]
[0,251,443,608,735,1046]
[0,85,251,385,570,735,932,1046]
[0,70,251,608,735,932,1046]
[0,85,608,735,1046]
[0,608,735,932,1046]
[0,251,608,1046]
[0,85,435,608,735,932,1046]
[0,570,932,1046]
[0,570,1046]
[0,251,1046]
[0,85,608,1046]
[0,735,1046]
[0,251,570,1046]
[0,385,570,1046]
[0,70,186,251,344,443,608,735,932,1046]
[0,608,932,1046]
[0,402,608,735,932,1046]
[0,251,385,570,735,1046]
[0,251,570,735,1046]
[0,251,385,570,735,932,1046]
[0,251,402,484,608,735,932,1046]
[0,186,402,484,608,735,932,1046]
[0,318,608,1046]
[0,85,570,932,1046]
[0,251,344,443,608,735,932,1046]
[0,570,735,1046]
