[0,286,496,1180]
[0,286,355,1180]
[0,119,286,355,677,867,1180]
[0,286,619,1180]
[0,302,496,1180]
[0,286,710,867,1180]
[0,119,286,496,857,1055,1180]
[0,286,677,867,1180]
[0,286,355,710,857,1055,1180]
[0,286,355,710,857,903,1180]
[0,286,496,857,1180]
[0,286,496,1055,1180]
[0,677,1180]
[0,710,1180]
[0,119,286,355,619,857,1055,1180]
[0,119,286,619,857,1055,1180]
[0,119,286,355,710,857,1055,1180]
[0,286,710,857,1055,1180]
[0,302,677,867,1180]
[0,119,286,710,857,1180]
[0,119,286,355,710,867,1180]
[0,286,710,857,903,1180]
[0,286,619,857,1180]
[0,119,286,710,857,1055,1180]
[0,857,1180]
[0,119,286,355,710,857,903,1180]
[0,286,355,619,1180]
[0,286,619,857,1055,1180]
[0,619,1180]
[0,286,355,710,857,1180]
[0,302,1180]
[0,286,444,1180]
[0,286,710,857,1180]
[0,286,677,1180]
[0,286,355,677,867,1180]
[0,119,286,677,867,1180]
[0,286,710,1180]
[0,286,1180]
[0,302,677,1180]
[0,286,496,857,1055,1180]
[0,286,857,1180]
[0,119,286,710,867,1180]
[0,345,857,1180]
[0,345,1180]
[0,119,286,355,710,857,1180]
[0,119,302,677,867,1180]
[0,286,355,619,857,1180]
[0,286,355,619,857,1055,1180]
[0,119,302,496,1180]
[0,286,355,710,867,1180]
