[0,105,269,758,981,1417,1651]
[0,758,981,1417,1519,1651]
[0,540,758,981,1417,1651]
[0,269,758,1417,1651]
[0,981,1284,1651]
[0,758,981,1284,1651]
[0,269,758,981,1651]
[0,269,758,981,1284,1417,1651]
[0,758,981,1284,1417,1651]
[0,105,269,758,1048,1417,1651]
[0,269,758,981,1417,1651]
[0,1284,1417,1651]
[0,269,1417,1651]
[0,105,758,981,1284,1417,1651]
[0,105,758,981,1651]
[0,105,758,981,1161,1417,1651]
[0,105,269,758,1048,1651]
[0,105,269,758,981,1161,1417,1519,1651]
[0,105,269,758,981,1284,1417,1519,1651]
[0,758,1048,1417,1651]
[0,105,758,981,1161,1417,1519,1651]
[0,758,1048,1651]
[0,540,758,1048,1417,1651]
[0,269,1651]
[0,1417,1651]
[0,758,981,1417,1651]
[0,269,758,1048,1651]
[0,105,269,758,981,1284,1417,1651]
[0,269,758,981,1284,1651]
[0,269,758,1651]
[0,269,758,1048,1417,1651]
[0,758,981,1161,1417,1651]
[0,758,981,1161,1417,1519,1651]
[0,981,1284,1417,1651]
[0,758,981,1651]
[0,105,269,758,981,1651]
[0,269,758,981,1161,1417,1651]
[0,758,981,1284,1417,1519,1651]
[0,105,269,758,981,1161,1417,1651]
[0,1284,1651]
[0,758,1651]
[0,758,1417,1651]
[0,105,758,1048,1651]
[0,269,981,1284,1651]
[0,105,758,981,1284,1417,1519,1651]
