[0,66,482,566,757,804,916,976,1089,1254,1327]
[0,482,566,804,976,1254,1327]
[0,482,566,976,1089,1254,1327]
[0,66,482,566,757,976,1089,1254,1327]
[0,66,566,757,804,916,976,1089,1221,1327]
[0,66,482,566,804,976,1327]
[0,566,757,976,1089,1327]
[0,66,566,916,1089,1221,1327]
[0,566,757,976,1254,1327]
[0,566,757,1089,1221,1327]
[0,66,566,757,976,1089,1254,1327]
[0,336,566,757,976,1089,1327]
[0,482,566,916,1089,1221,1327]
[0,916,1327]
[0,566,976,1089,1221,1327]
[0,482,566,804,916,1089,1221,1327]
[0,482,566,757,976,1089,1221,1327]
[0,66,566,1089,1221,1327]
[0,735,1327]
[0,66,482,566,804,916,1089,1254,1327]
[0,757,1089,1221,1327]
[0,66,566,804,976,1327]
[0,66,482,566,916,976,1089,1254,1327]
[0,566,804,916,1089,1221,1327]
[0,566,757,976,1089,1254,1327]
[0,566,757,1089,1327]
[0,66,735,1327]
[0,334,566,757,976,1089,1327]
[0,66,482,566,757,804,916,976,1254,1327]
[0,66,482,566,976,1089,1254,1327]
[0,66,566,804,916,976,1221,1327]
[0,66,482,566,1089,1221,1327]
[0,482,566,976,1089,1327]
[0,66,482,566,757,976,1089,1221,1327]
[0,482,566,757,976,1327]
[0,66,482,566,804,916,976,1327]
[0,566,976,1327]
[0,66,916,976,1327]
[0,976,1327]
[0,566,757,976,1327]
[0,66,566,757,976,1254,1327]
[0,66,566,757,1089,1221,1327]
[0,66,482,566,916,1089,1254,1327]
[0,566,1327]
[0,66,566,916,976,1221,1327]
[0,336,566,757,976,1254,1327]
[0,735,1012,1327]
[0,66,566,976,1089,1221,1327]
[0,66,916,1327]
[0,66,566,757,976,1089,1221,1327]
[0,66,566,804,916,1089,1221,1327]
[0,482,566,757,976,1254,1327]
[0,66,1327]
[0,482,566,1089,1221,1327]
[0,66,482,566,757,804,916,976,1327]
[0,566,1089,1221,1327]
[0,66,566,757,804,916,976,1327]
[0,66,334,566,757,976,1089,1221,1327]
[0,482,566,916,1089,1327]
[0,66,566,916,976,1089,1221,1327]
[0,566,804,976,1221,1327]
[0,66,566,804,916,976,1089,1221,1327]
[0,66,482,566,757,976,1327]
[0,566,976,1089,1327]
[0,66,482,566,804,916,976,1254,1327]
[0,66,482,566,757,804,916,976,1089,1221,1327]
[0,334,566,757,976,1327]
[0,482,566,976,1089,1221,1327]
[0,566,804,916,1089,1327]
[0,482,566,804,976,1327]
[0,336,566,976,1327]
[0,334,566,976,1327]
[0,757,916,976,1327]
[0,482,566,976,1327]
[0,66,757,916,976,1327]
[0,66,566,976,1327]
[0,482,566,916,1089,1254,1327]
[0,482,566,757,1089,1221,1327]
[0,482,566,804,916,1089,1254,1327]
[0,66,735,1012,1327]
[0,482,566,757,976,1089,1254,1327]
[0,336,566,757,976,1327]
[0,66,482,566,804,916,1089,1221,1327]
[0,757,1327]
[0,566,1089,1327]
[0,66,566,804,976,1221,1327]
[0,66,482,566,976,1327]
[0,66,566,916,976,1327]
[0,66,566,757,976,1327]
[0,482,976,1327]
[0,566,916,1089,1327]
[0,757,976,1089,1327]
[0,66,482,566,916,976,1089,1221,1327]
[0,566,757,976,1089,1221,1327]
[0,334,566,1089,1327]
[0,66,482,566,804,916,976,1089,1254,1327]
[0,482,566,1089,1327]
[0,66,566,976,1221,1327]
[0,334,566,757,1089,1327]
[0,66,757,976,1327]
[0,66,482,566,976,1089,1221,1327]
[0,334,566,757,1089,1221,1327]
[0,66,482,566,1089,1254,1327]
[0,66,482,566,916,976,1327]
[0,757,976,1089,1221,1327]
[0,66,566,1089,1327]
[0,566,976,1221,1327]
[0,566,804,976,1327]
[0,66,482,566,1089,1327]
[0,757,804,916,976,1327]
[0,66,482,566,916,1089,1221,1327]
[0,66,566,757,976,1089,1327]
[0,334,566,757,976,1089,1221,1327]
[0,66,482,566,916,976,1254,1327]
[0,916,976,1327]
[0,482,1327]
[0,482,566,804,916,1089,1327]
[0,336,566,757,976,1089,1254,1327]
[0,66,482,566,976,1254,1327]
[0,482,566,757,976,1089,1327]
[0,66,336,566,757,976,1089,1254,1327]
[0,757,1089,1327]
[0,482,566,1089,1254,1327]
[0,66,482,566,804,916,976,1089,1221,1327]
[0,66,566,804,916,976,1327]
[0,66,566,757,804,916,976,1221,1327]
[0,66,566,1327]
[0,66,482,566,757,976,1254,1327]
[0,66,757,804,916,976,1327]
[0,66,482,566,757,1089,1221,1327]
[0,334,566,1089,1221,1327]
[0,566,916,1089,1221,1327]
[0,757,976,1327]
[0,482,566,976,1254,1327]
[0,66,482,566,804,976,1254,1327]
