[0,227,802,1287,1642]
[0,227,523,669,807,1287,1540,1642]
[0,807,1174,1642]
[0,227,523,802,1202,1642]
[0,764,807,1642]
[0,227,802,1287,1540,1642]
[0,398,807,1540,1642]
[0,227,523,669,807,1174,1540,1642]
[0,852,1642]
[0,227,764,807,1642]
[0,819,1642]
[0,227,1642]
[0,398,852,1287,1540,1642]
[0,406,764,807,1540,1642]
[0,406,807,1287,1642]
[0,406,523,764,807,1540,1642]
[0,406,777,1642]
[0,1540,1642]
[0,68,227,523,807,1287,1540,1642]
[0,227,807,1287,1540,1642]
[0,512,1642]
[0,227,819,1540,1642]
[0,398,852,1287,1642]
[0,227,523,669,807,1642]
[0,227,669,807,1287,1642]
[0,227,807,1642]
[0,578,1642]
[0,807,1540,1642]
[0,406,523,807,1540,1642]
[0,227,764,807,1540,1642]
[0,406,578,1540,1642]
[0,227,807,1174,1642]
[0,523,807,1642]
[0,398,523,852,1642]
[0,227,669,802,1202,1642]
[0,227,523,802,1642]
[0,807,1642]
[0,807,1287,1642]
[0,227,669,807,1642]
[0,227,523,807,1174,1642]
[0,398,523,852,1287,1642]
[0,802,1642]
[0,406,1642]
[0,227,802,1642]
[0,227,669,807,1174,1642]
[0,227,523,669,807,1174,1642]
[0,523,802,1642]
[0,406,807,1642]
[0,227,802,1540,1642]
[0,406,578,1642]
[0,68,227,669,807,1287,1540,1642]
[0,227,669,802,1642]
[0,68,227,764,807,1287,1540,1642]
[0,227,669,802,1202,1540,1642]
[0,227,523,669,802,1642]
[0,68,227,807,1287,1540,1642]
[0,398,807,1287,1540,1642]
[0,398,807,1287,1642]
[0,227,802,1202,1540,1642]
[0,227,819,1642]
[0,227,819,1287,1540,1642]
[0,227,523,807,1287,1642]
[0,523,807,1287,1642]
[0,398,523,852,1287,1540,1642]
[0,852,1540,1642]
[0,68,227,523,764,807,1287,1540,1642]
[0,398,852,1642]
[0,227,523,807,1642]
[0,523,802,1202,1642]
[0,802,1202,1642]
[0,227,807,1287,1642]
[0,406,807,1540,1642]
[0,227,523,669,802,1202,1540,1642]
[0,406,807,1287,1540,1642]
[0,406,523,807,1642]
[0,578,1540,1642]
[0,227,523,669,802,1202,1642]
[0,227,802,1202,1642]
[0,227,669,807,1174,1540,1642]
[0,68,227,523,669,807,1287,1540,1642]
[0,227,807,1540,1642]
[0,523,807,1174,1642]
[0,227,819,1287,1642]
[0,398,852,1540,1642]
[0,227,807,1174,1540,1642]
[0,227,523,807,1287,1540,1642]
[0,227,669,807,1287,1540,1642]
[0,406,523,807,1287,1642]
[0,68,227,764,807,1540,1642]
[0,406,523,764,807,1287,1540,1642]
[0,227,523,669,807,1287,1642]
[0,764,807,1540,1642]
[0,819,1287,1642]
[0,398,807,1642]
[0,68,227,807,1540,1642]
[0,802,1287,1642]
[0,406,523,807,1287,1540,1642]
