[0,377,463,1334,1493,1565,1651]
[0,377,463,728,1334,1565,1651]
[0,377,463,1334,1565,1651]
[0,99,463,728,1565,1651]
[0,377,463,728,1565,1651]
[0,377,1651]
[0,377,1334,1493,1565,1651]
[0,99,463,728,1651]
[0,99,728,1651]
[0,377,1334,1565,1651]
[0,178,377,463,728,1334,1565,1651]
[0,377,728,1565,1651]
[0,99,728,1565,1651]
[0,99,178,377,463,728,1565,1651]
[0,377,728,1651]
[0,99,463,728,1317,1552,1651]
[0,178,377,728,1565,1651]
[0,377,728,1334,1651]
[0,178,377,1334,1651]
[0,99,178,377,463,728,1334,1565,1651]
[0,585,1334,1651]
[0,463,728,1651]
[0,1317,1565,1651]
[0,178,352,728,1552,1651]
[0,728,1317,1552,1651]
[0,585,1651]
[0,728,1651]
[0,99,178,728,1317,1565,1651]
[0,99,178,352,728,1552,1651]
[0,728,1317,1565,1651]
[0,99,178,728,1552,1651]
[0,1334,1565,1651]
[0,377,463,1565,1651]
[0,1317,1651]
[0,99,728,1317,1651]
[0,99,178,728,1565,1651]
[0,377,1565,1651]
[0,463,728,1565,1651]
[0,99,728,1317,1493,1565,1651]
[0,178,728,1317,1651]
[0,99,463,728,1552,1651]
[0,1493,1565,1651]
[0,1317,1493,1565,1651]
[0,99,728,1317,1552,1651]
[0,99,728,1552,1651]
[0,178,352,728,1317,1552,1651]
[0,1334,1651]
[0,728,1317,1651]
[0,99,178,728,1317,1493,1565,1651]
[0,463,728,1334,1565,1651]
[0,178,728,1552,1651]
[0,99,728,1317,1565,1651]
[0,178,377,728,1334,1651]
[0,1565,1651]
[0,728,1552,1651]
[0,178,377,463,728,1565,1651]
[0,178,352,728,1317,1651]
[0,728,1334,1651]
[0,99,178,377,463,728,1334,1493,1565,1651]
[0,728,1565,1651]
[0,99,178,352,728,1317,1552,1651]
[0,463,728,1317,1651]
[0,178,377,728,1651]
[0,178,377,728,1334,1565,1651]
[0,463,728,1317,1552,1651]
[0,377,463,728,1334,1493,1565,1651]
[0,178,728,1651]
[0,178,377,463,728,1334,1493,1565,1651]
[0,178,352,728,1651]
[0,463,728,1552,1651]
[0,1334,1493,1565,1651]
[0,463,728,1334,1651]
[0,377,1334,1651]
[0,728,1317,1493,1565,1651]
