[0,1032,1394,2183,2554]
[0,708,1394,1791,2183,2423,2554]
[0,1032,1394,2183,2423,2554]
[0,1791,2183,2554]
[0,1032,1394,2554]
[0,1032,2183,2423,2554]
[0,1032,1791,2183,2423,2554]
[0,708,1394,1791,2183,2554]
[0,761,2183,2554]
[0,1032,1394,1791,2183,2423,2554]
[0,2183,2423,2554]
[0,1032,1394,1607,2183,2423,2554]
[0,708,1394,2183,2554]
[0,1394,1791,2554]
[0,708,1394,2183,2423,2554]
[0,1032,1394,1607,2183,2554]
[0,2183,2554]
[0,708,2183,2423,2554]
[0,1269,2183,2554]
[0,1032,1394,1791,2183,2554]
[0,708,1394,2554]
[0,1269,1791,2554]
[0,708,1394,1791,2554]
[0,1032,1791,2183,2554]
[0,1032,2183,2554]
[0,761,2183,2423,2554]
[0,1032,1607,1791,2183,2554]
[0,1032,2554]
[0,1032,1791,2554]
[0,1791,2554]
[0,761,2554]
[0,708,2554]
[0,1032,1607,1791,2183,2423,2554]
[0,1394,1791,2183,2554]
[0,1032,1394,1791,1921,2183,2423,2554]
[0,1269,2554]
[0,1394,2554]
[0,708,2183,2554]
