[0,202,323,612,870,969]
[0,130,523,744,969]
[0,870,919,969]
[0,323,969]
[0,202,323,612,731,817,870,969]
[0,323,731,817,969]
[0,480,731,817,870,919,969]
[0,202,280,480,612,731,969]
[0,202,280,323,731,817,870,969]
[0,130,202,280,480,612,870,919,969]
[0,130,202,280,480,731,969]
[0,202,280,323,612,870,919,969]
[0,202,280,323,870,919,969]
[0,130,758,969]
[0,523,969]
[0,202,480,731,969]
[0,130,280,969]
[0,323,870,919,969]
[0,280,480,969]
[0,130,280,870,969]
[0,130,280,480,731,969]
[0,130,323,744,919,969]
[0,202,480,612,969]
[0,130,280,323,744,870,919,969]
[0,130,744,870,919,969]
[0,130,323,744,870,919,969]
[0,130,280,323,744,969]
[0,323,731,969]
[0,870,969]
[0,130,280,323,744,919,969]
[0,202,480,612,731,817,969]
[0,202,323,731,817,870,969]
[0,130,523,744,919,969]
[0,202,323,731,817,870,919,969]
[0,202,323,731,817,969]
[0,130,280,480,969]
[0,323,744,969]
[0,323,731,817,870,919,969]
[0,280,323,731,969]
[0,130,523,612,744,919,969]
[0,130,969]
[0,280,480,731,969]
[0,323,612,731,817,870,919,969]
[0,202,280,969]
[0,130,202,280,480,612,731,817,969]
[0,280,323,744,969]
[0,202,612,969]
[0,130,323,744,817,870,969]
[0,130,202,280,323,480,612,870,919,969]
[0,323,744,817,969]
[0,130,323,744,969]
[0,130,202,280,323,480,612,731,870,919,969]
[0,130,280,323,744,817,870,969]
[0,480,612,731,969]
[0,202,480,612,870,919,969]
[0,323,612,731,817,969]
[0,130,202,280,480,612,731,870,919,969]
[0,142,758,969]
[0,202,280,323,612,731,817,870,919,969]
[0,323,612,870,969]
[0,758,969]
[0,323,744,817,870,919,969]
[0,130,523,612,744,870,919,969]
[0,202,280,323,731,817,969]
[0,202,280,480,731,817,870,919,969]
[0,323,744,817,870,969]
[0,202,280,323,480,612,870,919,969]
[0,130,744,969]
[0,202,280,480,612,731,817,870,919,969]
[0,130,480,731,969]
[0,130,744,919,969]
[0,323,744,919,969]
[0,323,612,969]
[0,130,202,280,480,612,731,969]
[0,202,280,480,612,870,919,969]
[0,130,202,280,480,612,731,817,870,969]
[0,202,323,612,969]
[0,202,323,612,731,969]
[0,202,323,612,731,817,969]
[0,202,280,323,969]
[0,130,523,969]
[0,202,323,731,969]
[0,202,480,612,731,969]
[0,480,612,731,817,969]
[0,130,523,612,744,969]
[0,130,323,744,817,870,919,969]
[0,130,870,969]
[0,130,280,480,870,969]
[0,202,280,870,919,969]
[0,323,804,969]
[0,202,870,919,969]
[0,323,870,969]
[0,202,280,870,969]
[0,202,323,612,870,919,969]
[0,323,612,731,817,870,969]
[0,202,323,612,731,817,870,919,969]
[0,280,969]
[0,202,480,731,817,969]
[0,612,969]
[0,202,280,323,731,817,870,919,969]
[0,480,731,817,870,969]
[0,202,280,323,870,969]
[0,130,323,804,969]
[0,202,280,480,612,969]
[0,202,870,969]
[0,202,969]
[0,202,280,323,480,612,731,817,870,919,969]
[0,202,280,480,612,870,969]
[0,202,280,323,731,969]
[0,130,280,323,744,817,870,919,969]
[0,202,480,612,870,969]
[0,480,612,870,969]
[0,202,280,480,731,817,969]
[0,480,731,969]
[0,323,731,817,870,969]
[0,480,612,969]
[0,480,731,817,969]
[0,130,202,280,480,612,731,817,870,919,969]
[0,323,612,870,919,969]
[0,130,202,280,323,480,612,731,817,870,919,969]
[0,323,744,870,919,969]
[0,130,202,280,480,612,731,919,969]
[0,202,280,480,612,731,919,969]
[0,202,480,731,817,870,969]
[0,323,612,731,969]
[0,202,280,480,612,731,817,870,969]
[0,280,323,969]
[0,731,969]
[0,202,480,731,817,870,919,969]
[0,130,523,744,870,919,969]
[0,480,612,870,919,969]
[0,480,969]
[0,130,323,744,817,969]
[0,130,202,280,480,612,870,969]
[0,523,744,969]
[0,202,280,480,731,817,870,969]
[0,202,280,480,731,969]
[0,202,280,480,612,731,817,969]
[0,744,969]
[0,130,280,323,744,817,969]
