[0,179,524,930,1810]
[0,1178,1810]
[0,179,524,1810]
[0,1310,1810]
[0,524,1178,1740,1810]
[0,476,601,1810]
[0,179,1325,1810]
[0,179,476,878,1325,1538,1810]
[0,476,524,1810]
[0,878,1310,1810]
[0,878,1310,1538,1810]
[0,524,1178,1376,1490,1810]
[0,179,476,601,878,1325,1538,1740,1810]
[0,179,524,1178,1490,1810]
[0,524,1178,1810]
[0,524,1310,1810]
[0,601,1810]
[0,179,601,1325,1538,1810]
[0,179,878,1310,1538,1740,1810]
[0,524,1310,1538,1810]
[0,878,1810]
[0,179,476,601,1310,1538,1740,1810]
[0,179,524,1178,1376,1490,1810]
[0,179,476,601,1810]
[0,524,1490,1810]
[0,524,878,1310,1810]
[0,524,878,1810]
[0,179,476,601,1325,1538,1740,1810]
[0,600,1810]
[0,524,1178,1490,1810]
[0,179,878,1325,1538,1810]
[0,878,1325,1538,1810]
[0,600,1325,1538,1810]
[0,476,878,1325,1538,1810]
[0,179,601,1310,1810]
[0,179,476,601,1325,1538,1810]
[0,179,878,1310,1538,1810]
[0,524,1740,1810]
[0,179,476,601,1310,1810]
[0,500,878,1310,1810]
[0,179,1325,1538,1810]
[0,179,1325,1538,1740,1810]
[0,179,476,601,878,1325,1538,1810]
[0,179,524,1178,1376,1810]
[0,179,476,601,1310,1538,1810]
[0,179,524,1740,1810]
[0,179,600,1325,1538,1810]
[0,179,601,1325,1810]
[0,179,601,1810]
[0,601,1310,1810]
[0,524,1810]
[0,179,524,930,1376,1490,1740,1810]
[0,179,524,930,1740,1810]
[0,601,1325,1810]
[0,179,476,601,1325,1810]
[0,179,524,930,1490,1740,1810]
[0,179,428,600,1325,1538,1740,1810]
[0,600,1325,1810]
[0,179,524,930,1376,1490,1810]
[0,179,476,524,1810]
[0,524,930,1376,1490,1810]
[0,1325,1810]
[0,179,524,1178,1810]
[0,878,1310,1538,1740,1810]
[0,878,1325,1810]
[0,524,1178,1376,1810]
[0,524,1343,1810]
[0,179,524,1178,1376,1490,1740,1810]
[0,476,878,1325,1810]
[0,179,428,600,1325,1538,1810]
[0,1325,1538,1810]
[0,179,524,1490,1810]
[0,179,600,1325,1538,1740,1810]
[0,179,524,1178,1740,1810]
[0,179,601,1310,1538,1810]
[0,179,524,930,1490,1810]
[0,179,524,1178,1376,1740,1810]
[0,500,878,1310,1538,1810]
[0,179,524,878,1310,1538,1810]
[0,524,930,1490,1810]
[0,179,524,878,1310,1538,1740,1810]
[0,524,878,1310,1538,1810]
[0,601,1325,1538,1810]
[0,524,930,1810]
[0,476,601,1310,1810]
[0,601,1310,1538,1810]
