[0,573,786,843,1106,1812,2017]
[0,518,851,1106,2017]
[0,518,2017]
[0,573,2017]
[0,499,851,1106,1327,1668,1812,2017]
[0,499,573,786,843,1106,1812,2017]
[0,499,1106,1812,2017]
[0,499,573,776,851,1009,1106,1327,1668,1812,2017]
[0,499,851,1106,1327,2017]
[0,499,851,1106,1668,1812,2017]
[0,499,843,1106,2017]
[0,499,776,851,1009,1106,1668,1812,2017]
[0,786,2017]
[0,518,1106,1812,2017]
[0,499,776,851,1106,1812,2017]
[0,573,843,1106,2017]
[0,518,1106,2017]
[0,499,573,851,1106,1812,2017]
[0,499,573,843,1106,1812,2017]
[0,499,843,1106,1812,2017]
[0,499,2017]
[0,573,843,1106,1812,2017]
[0,573,1106,1812,2017]
[0,499,573,776,851,1106,1812,2017]
[0,499,573,776,851,1106,1668,1812,2017]
[0,499,851,1106,1327,1812,2017]
[0,499,573,776,851,1009,1106,1668,1812,2017]
[0,499,786,843,1106,1812,2017]
[0,499,851,1106,1812,2017]
[0,573,1106,2017]
[0,786,1812,2017]
[0,499,851,1009,1106,1668,1812,2017]
[0,499,1106,2017]
[0,1106,2017]
[0,499,776,851,1106,1668,1812,2017]
[0,499,851,1106,2017]
[0,518,851,1106,1812,2017]
[0,499,851,1009,1106,1327,1668,1812,2017]
[0,499,776,851,1009,1106,1327,1668,1812,2017]
