[0,1243,2019]
[0,318,615,893,1125,1439,2019]
[0,893,2019]
[0,318,491,615,893,1125,1439,1647,2019]
[0,318,893,1125,1916,2019]
[0,614,1328,1814,2019]
[0,320,885,1125,2019]
[0,323,552,614,1328,1440,1916,2019]
[0,323,552,614,919,1328,1440,1647,1916,2019]
[0,1328,1814,2019]
[0,323,614,919,1328,1440,1647,1916,2019]
[0,1328,1440,2019]
[0,318,615,893,1125,1439,1647,2019]
[0,1328,2019]
[0,320,614,1125,2019]
[0,318,491,615,893,1125,1439,1647,1916,2019]
[0,885,1125,2019]
[0,320,2019]
[0,323,614,1328,2019]
[0,320,885,1125,1916,2019]
[0,323,614,919,1328,1440,1916,2019]
[0,320,614,1125,1439,2019]
[0,323,885,2019]
[0,893,1125,1916,2019]
[0,1243,1814,2019]
[0,323,614,919,1328,1647,2019]
[0,323,614,919,1328,1440,2019]
[0,323,614,2019]
[0,323,614,885,1125,1328,1916,2019]
[0,323,614,885,1125,1328,2019]
[0,318,615,1125,2019]
[0,323,614,919,1025,1328,1916,2019]
[0,1263,2019]
[0,318,615,1125,1439,2019]
[0,318,491,615,893,1125,1439,1916,2019]
[0,323,919,1328,2019]
[0,323,614,1328,1440,2019]
[0,615,1125,2019]
[0,614,1328,2019]
[0,323,614,885,1125,2019]
[0,320,614,885,1125,1439,1647,1916,2019]
[0,893,1125,2019]
[0,1328,1916,2019]
[0,614,1328,1647,2019]
[0,1125,1916,2019]
[0,318,491,615,893,1125,1439,2019]
[0,323,2019]
[0,323,614,885,1328,1916,2019]
[0,614,1636,2019]
[0,318,491,615,893,1125,1916,2019]
[0,323,552,614,919,1328,1440,1916,2019]
[0,885,1125,1916,2019]
[0,1916,2019]
[0,320,885,2019]
[0,318,615,893,1125,1916,2019]
[0,320,614,885,1125,1439,1916,2019]
[0,318,2019]
[0,614,1125,2019]
[0,323,614,919,1328,1916,2019]
[0,919,1328,2019]
[0,320,614,885,1125,1439,1647,2019]
[0,320,614,2019]
[0,320,614,885,1125,1439,2019]
[0,323,919,1328,1647,2019]
[0,318,893,2019]
[0,323,614,1328,1440,1916,2019]
[0,323,885,1125,2019]
[0,320,614,885,1125,1916,2019]
[0,1814,2019]
[0,1125,2019]
[0,323,614,1328,1916,2019]
[0,885,2019]
[0,323,614,1125,2019]
[0,323,614,919,1328,1440,1647,2019]
[0,318,893,1125,2019]
[0,615,1125,1439,2019]
[0,614,1328,1916,2019]
[0,614,2019]
[0,318,615,2019]
[0,323,614,919,1328,2019]
[0,323,614,885,1328,2019]
[0,614,1125,1439,2019]
[0,318,615,893,1125,2019]
[0,1263,1814,2019]
[0,323,614,919,1025,1328,2019]
[0,323,614,1328,1647,2019]
[0,614,1328,1440,2019]
[0,318,491,615,893,1125,2019]
[0,320,614,885,1125,2019]
