[0,193,806,1046]
[0,121,414,500,829,992,1046]
[0,193,383,1046]
[0,121,414,500,829,1046]
[0,193,414,500,806,914,1046]
[0,121,472,829,1046]
[0,691,914,1046]
[0,193,383,806,1046]
[0,414,500,1046]
[0,414,806,1046]
[0,121,691,1046]
[0,121,414,500,1046]
[0,914,1046]
[0,193,383,500,914,995,1046]
[0,121,414,691,806,914,1046]
[0,193,383,500,1046]
[0,121,414,806,1046]
[0,193,414,500,914,995,1046]
[0,121,414,500,806,1046]
[0,414,1046]
[0,121,829,1046]
[0,121,1046]
[0,121,193,383,500,914,1046]
[0,472,692,914,1046]
[0,121,193,414,500,914,1046]
[0,414,691,1046]
[0,193,414,914,1046]
[0,121,193,414,500,914,995,1046]
[0,121,472,1046]
[0,121,472,914,1046]
[0,121,414,691,1046]
[0,121,193,383,500,806,914,1046]
[0,193,914,1046]
[0,845,1046]
[0,193,500,1046]
[0,121,914,1046]
[0,193,1046]
[0,121,500,1046]
[0,193,414,1046]
[0,472,829,1046]
[0,121,414,829,1046]
[0,383,500,1046]
[0,121,414,500,992,1046]
[0,193,383,500,914,1046]
[0,472,1046]
[0,121,383,500,1046]
[0,193,383,500,806,1046]
[0,193,383,914,1046]
[0,472,692,1046]
[0,121,193,414,500,806,914,995,1046]
[0,121,383,500,992,1046]
[0,806,1046]
[0,500,1046]
[0,121,193,383,500,806,914,995,1046]
[0,121,193,414,500,806,914,1046]
[0,121,383,500,829,1046]
[0,472,914,1046]
[0,121,193,383,500,914,995,1046]
[0,383,829,1046]
[0,691,1046]
[0,193,383,500,806,914,1046]
[0,121,193,383,500,806,1046]
[0,121,383,829,1046]
[0,383,1046]
[0,193,414,806,1046]
[0,193,414,500,1046]
[0,193,414,500,914,1046]
[0,414,845,1046]
[0,414,691,914,1046]
[0,121,383,500,829,992,1046]
[0,193,414,806,914,1046]
[0,121,414,691,914,1046]
[0,121,472,692,914,1046]
[0,193,414,500,806,1046]
[0,121,193,414,500,806,1046]
[0,121,806,1046]
[0,414,829,1046]
[0,829,1046]
