[0,419,608,881,972,1112,1428,1875]
[0,419,608,720,881,977,1112,1473,1795,1875]
[0,419,608,720,881,977,1112,1428,1875]
[0,419,1473,1875]
[0,419,608,720,881,1112,1428,1875]
[0,419,881,1473,1795,1875]
[0,1428,1875]
[0,419,670,977,1428,1875]
[0,419,670,924,1112,1428,1875]
[0,419,608,720,1428,1875]
[0,972,1875]
[0,977,1875]
[0,419,608,734,1112,1428,1875]
[0,608,881,1875]
[0,464,972,1428,1795,1875]
[0,608,720,1875]
[0,942,1473,1875]
[0,881,1428,1875]
[0,419,608,881,1112,1473,1875]
[0,608,881,1473,1875]
[0,608,881,1112,1875]
[0,419,608,881,977,1875]
[0,419,608,1112,1875]
[0,419,608,720,1112,1473,1795,1875]
[0,419,1428,1795,1875]
[0,419,608,720,881,977,1112,1428,1795,1875]
[0,419,608,881,977,1112,1875]
[0,419,608,734,1112,1428,1795,1875]
[0,881,1473,1795,1875]
[0,419,1428,1875]
[0,419,608,720,881,977,1112,1473,1875]
[0,419,608,881,1473,1795,1875]
[0,419,608,720,881,1112,1473,1875]
[0,1112,1875]
[0,419,608,720,1112,1428,1875]
[0,608,1428,1875]
[0,419,608,720,881,1112,1473,1795,1875]
[0,419,608,1112,1428,1875]
[0,419,608,881,972,1875]
[0,881,1473,1875]
[0,419,608,881,1112,1428,1875]
[0,419,608,881,977,1112,1473,1875]
[0,419,670,924,1112,1428,1795,1875]
[0,419,881,1875]
[0,419,1112,1875]
[0,464,972,1875]
[0,419,670,977,1428,1795,1875]
[0,419,608,977,1112,1428,1875]
[0,419,670,1112,1428,1795,1875]
[0,419,608,881,1473,1875]
[0,419,608,881,1112,1875]
[0,419,608,1875]
[0,608,881,1112,1428,1875]
[0,419,608,720,881,924,1112,1473,1795,1875]
[0,419,608,881,1875]
[0,972,1428,1795,1875]
[0,419,608,720,1112,1473,1875]
[0,419,608,720,881,972,1112,1428,1795,1875]
[0,1112,1428,1875]
[0,977,1428,1875]
[0,419,608,1112,1473,1875]
[0,419,608,881,1112,1473,1795,1875]
[0,419,608,720,977,1112,1428,1875]
[0,419,881,1473,1875]
[0,419,977,1428,1875]
[0,419,608,881,1428,1875]
[0,419,608,720,1875]
[0,419,608,881,977,1112,1428,1875]
[0,419,1112,1473,1875]
[0,419,670,1112,1428,1875]
[0,419,608,881,977,1112,1473,1795,1875]
[0,419,608,881,972,1112,1875]
[0,419,608,977,1112,1473,1875]
[0,419,608,720,881,972,1112,1428,1875]
[0,608,881,1112,1473,1875]
[0,464,972,1428,1875]
[0,419,608,1428,1875]
[0,419,1875]
[0,881,1875]
[0,608,1875]
[0,720,1875]
[0,419,608,720,881,1428,1875]
[0,1112,1473,1875]
[0,419,608,1112,1428,1795,1875]
[0,419,1112,1428,1875]
[0,608,881,1428,1875]
[0,419,1795,1875]
[0,419,608,720,977,1112,1473,1875]
[0,972,1428,1875]
[0,419,977,1428,1795,1875]
[0,419,1112,1428,1795,1875]
[0,942,1875]
