[0,268,997]
[0,106,268,443,539,913,997]
[0,906,997]
[0,163,268,555,997]
[0,106,268,443,555,906,997]
[0,266,537,906,997]
[0,268,555,997]
[0,106,268,997]
[0,106,906,997]
[0,163,268,555,906,952,997]
[0,163,268,443,555,906,952,997]
[0,163,268,997]
[0,106,268,539,913,997]
[0,106,268,555,906,997]
[0,163,268,388,443,555,906,952,997]
[0,106,268,443,539,906,997]
[0,106,268,443,555,906,952,997]
[0,106,268,555,906,952,997]
[0,268,906,952,997]
[0,106,268,539,906,997]
[0,106,178,268,443,539,906,997]
[0,106,178,268,388,443,539,906,997]
[0,163,268,388,443,555,906,997]
[0,268,539,997]
[0,106,268,443,555,997]
[0,163,268,443,555,997]
[0,106,268,555,997]
[0,443,997]
[0,106,268,388,443,539,906,997]
[0,106,997]
[0,555,997]
[0,268,913,997]
[0,443,906,997]
[0,268,906,997]
[0,106,268,443,539,997]
[0,266,537,997]
[0,106,268,539,997]
[0,163,268,906,997]
[0,106,268,913,997]
[0,537,997]
[0,266,997]
[0,163,268,555,906,997]
[0,268,443,555,997]
[0,539,997]
[0,106,268,906,952,997]
[0,163,268,906,952,997]
[0,106,268,906,997]
[0,266,906,997]
[0,163,268,443,555,906,997]
