[0,209,1069,1465]
[0,1068,1465]
[0,1231,1465]
[0,1189,1465]
[0,209,381,1069,1465]
[0,821,1189,1465]
[0,209,381,482,821,962,1465]
[0,821,1465]
[0,209,381,482,1069,1465]
[0,65,209,381,962,1069,1465]
[0,209,381,559,821,1465]
[0,65,209,381,1231,1465]
[0,209,381,559,821,962,1465]
[0,65,209,381,482,821,962,1231,1465]
[0,962,1465]
[0,381,559,1069,1465]
[0,209,381,821,962,1465]
[0,209,962,1231,1465]
[0,381,1465]
[0,209,1465]
[0,559,1465]
[0,209,381,482,962,1069,1465]
[0,1067,1465]
[0,209,381,482,821,962,1069,1465]
[0,209,381,559,821,962,1069,1465]
[0,65,209,381,559,962,1069,1465]
[0,65,209,381,482,821,1465]
[0,209,1231,1465]
[0,209,381,559,1069,1465]
[0,65,209,1465]
[0,65,209,381,482,821,962,1465]
[0,962,1231,1465]
[0,209,381,821,962,1069,1465]
[0,209,1068,1465]
[0,65,209,381,962,1231,1465]
[0,65,209,1231,1465]
[0,559,821,1465]
[0,209,381,1231,1465]
[0,65,209,381,559,1069,1465]
[0,209,381,1465]
[0,209,962,1465]
[0,65,209,381,482,1465]
[0,1069,1465]
[0,209,821,1231,1465]
[0,209,381,962,1069,1465]
[0,65,209,381,559,821,962,1069,1465]
[0,209,821,1465]
[0,65,1465]
[0,65,209,381,559,1465]
[0,65,209,381,482,962,1069,1465]
[0,65,209,381,1465]
[0,209,381,821,962,1231,1465]
[0,209,381,962,1465]
[0,559,1069,1465]
[0,65,209,381,1069,1465]
[0,209,381,482,821,962,1231,1465]
[0,65,209,381,482,1069,1465]
[0,209,381,821,1465]
[0,209,381,482,1465]
[0,381,559,1465]
[0,209,381,559,1465]
[0,65,209,381,482,821,962,1069,1465]
[0,381,559,821,1465]
[0,821,1231,1465]
[0,209,381,482,821,1465]
[0,209,381,962,1231,1465]
[0,209,381,559,962,1069,1465]
[0,209,821,1189,1465]
[0,209,1067,1465]
