[0,60,370,579,1019,1180]
[0,293,420,480,579,776,886,1180]
[0,293,420,579,776,886,1180]
[0,60,579,1019,1180]
[0,293,480,886,1180]
[0,293,420,480,579,630,776,886,1019,1180]
[0,293,420,630,776,886,1019,1180]
[0,293,579,776,886,1019,1180]
[0,293,630,1180]
[0,293,579,776,886,1180]
[0,293,817,1180]
[0,370,579,1180]
[0,60,420,1180]
[0,886,1180]
[0,293,630,776,1019,1180]
[0,293,480,817,1019,1180]
[0,60,420,480,1019,1180]
[0,420,1019,1180]
[0,817,1019,1180]
[0,579,1019,1180]
[0,293,630,776,886,1019,1180]
[0,293,420,579,776,886,1019,1180]
[0,293,579,776,1180]
[0,293,420,480,630,776,886,1019,1180]
[0,293,579,1180]
[0,293,480,1180]
[0,293,420,480,630,776,886,1180]
[0,293,420,579,776,1180]
[0,293,420,630,776,1180]
[0,293,420,630,776,886,1180]
[0,817,1180]
[0,293,480,817,1180]
[0,293,817,1019,1180]
[0,630,1180]
[0,293,630,1019,1180]
[0,293,630,776,886,1180]
[0,293,420,579,776,1019,1180]
[0,293,420,630,1180]
[0,579,1180]
[0,293,420,480,579,776,886,1019,1180]
[0,420,886,1180]
[0,293,420,1180]
[0,293,579,776,1019,1180]
[0,293,420,579,1180]
[0,293,420,480,630,776,1180]
[0,293,1180]
[0,420,776,1180]
[0,293,420,480,579,776,1180]
[0,293,886,1180]
[0,420,1180]
[0,293,630,776,1180]
[0,293,420,480,579,1180]
[0,420,480,1019,1180]
[0,60,420,1019,1180]
[0,370,579,1019,1180]
[0,60,579,1180]
[0,293,420,630,776,1019,1180]
[0,293,420,630,1019,1180]
