[0,156,444,610,983,1159,1264]
[0,610,1264]
[0,609,852,1159,1264]
[0,175,255,794,852,1264]
[0,175,794,852,1220,1264]
[0,50,610,852,1220,1264]
[0,852,1264]
[0,444,610,983,1264]
[0,175,794,1159,1264]
[0,794,852,1264]
[0,50,175,255,794,852,1264]
[0,175,610,830,983,1264]
[0,50,175,444,610,1264]
[0,175,255,444,610,794,852,1264]
[0,156,444,610,830,983,1159,1264]
[0,50,175,444,610,852,1159,1264]
[0,50,175,255,610,794,852,1220,1264]
[0,50,610,852,1264]
[0,255,1264]
[0,610,852,1220,1264]
[0,175,255,610,794,852,1264]
[0,444,610,1264]
[0,50,175,255,610,794,852,1264]
[0,175,610,1264]
[0,610,983,1264]
[0,156,444,610,983,1264]
[0,50,175,255,830,1264]
[0,50,175,255,610,830,983,1264]
[0,50,175,255,444,610,830,983,1220,1264]
[0,50,175,444,610,852,1220,1264]
[0,175,852,1159,1264]
[0,50,175,255,444,610,794,852,1220,1264]
[0,50,175,610,1264]
[0,175,255,1264]
[0,156,609,852,1264]
[0,175,1264]
[0,175,830,983,1220,1264]
[0,50,175,610,852,1264]
[0,175,794,1264]
[0,175,610,852,1264]
[0,50,175,444,610,983,1264]
[0,50,175,830,1264]
[0,50,175,255,830,983,1264]
[0,175,1159,1264]
[0,50,175,794,852,1220,1264]
[0,50,175,255,1264]
[0,50,175,255,610,852,1264]
[0,156,444,610,830,983,1264]
[0,175,444,610,830,983,1264]
[0,50,175,444,610,983,1159,1264]
[0,830,1264]
[0,50,175,444,610,983,1220,1264]
[0,50,175,255,444,610,830,983,1264]
[0,50,175,1264]
[0,175,444,610,1264]
[0,830,983,1220,1264]
[0,50,175,794,852,1264]
[0,609,852,1264]
[0,50,175,444,610,1220,1264]
[0,175,610,983,1264]
[0,794,852,1220,1264]
[0,50,175,830,983,1264]
[0,50,175,255,794,852,1220,1264]
[0,175,444,610,852,1159,1264]
[0,50,175,444,610,830,983,1159,1264]
[0,175,444,610,852,1264]
[0,175,255,610,1264]
[0,50,175,255,444,610,852,1264]
[0,50,175,255,610,830,983,1220,1264]
[0,50,175,255,444,610,794,852,1264]
[0,175,255,830,1264]
[0,175,444,610,983,1159,1264]
[0,175,830,1264]
[0,175,852,1264]
[0,156,444,610,1159,1264]
[0,50,175,444,610,852,1264]
[0,794,1264]
[0,50,175,255,610,1264]
[0,175,255,444,610,830,983,1264]
[0,609,1264]
[0,175,255,610,830,983,1264]
[0,50,175,255,610,852,1220,1264]
[0,50,175,444,610,830,983,1220,1264]
[0,156,444,610,852,1159,1264]
[0,156,609,852,1159,1264]
[0,175,444,610,1159,1264]
[0,175,794,852,1264]
[0,156,444,610,1264]
[0,175,255,444,610,852,1264]
[0,50,175,255,444,610,852,1220,1264]
[0,444,610,852,1264]
[0,175,830,983,1264]
[0,175,444,610,983,1264]
[0,50,175,444,610,1159,1264]
[0,175,255,830,983,1264]
[0,50,175,610,852,1220,1264]
[0,610,852,1264]
[0,156,444,610,852,1264]
[0,175,255,794,1264]
[0,50,175,830,983,1220,1264]
[0,50,175,255,830,983,1220,1264]
[0,830,983,1264]
[0,175,255,610,852,1264]
[0,175,444,610,830,983,1159,1264]
[0,50,175,444,610,830,983,1264]
