[0,345,566,1046]
[0,389,483,1046]
[0,185,483,566,1046]
[0,345,555,1002,1046]
[0,483,566,766,854,1046]
[0,483,566,1002,1046]
[0,566,1002,1046]
[0,483,1046]
[0,324,566,766,1046]
[0,324,483,566,711,766,854,1046]
[0,389,483,1002,1046]
[0,560,1046]
[0,483,566,854,1002,1046]
[0,345,560,948,1046]
[0,185,483,566,854,1046]
[0,185,483,566,766,854,1002,1046]
[0,345,566,766,1046]
[0,185,566,766,854,1046]
[0,555,948,1046]
[0,483,566,854,1046]
[0,1002,1046]
[0,185,566,766,1046]
[0,226,555,1046]
[0,566,766,1046]
[0,566,854,1046]
[0,566,1046]
[0,555,1046]
[0,483,566,766,854,1002,1046]
[0,345,566,766,854,1046]
[0,854,1046]
[0,185,483,566,854,1002,1046]
[0,483,566,766,1046]
[0,345,560,1046]
[0,185,566,854,1046]
[0,324,566,766,854,1046]
[0,324,483,566,766,854,1046]
[0,226,555,948,1046]
[0,185,566,1046]
[0,324,483,566,711,766,854,1002,1046]
[0,345,483,566,766,854,1002,1046]
[0,555,1002,1046]
[0,854,1002,1046]
[0,345,555,1046]
[0,566,766,854,1046]
[0,345,483,566,766,854,1046]
[0,483,1002,1046]
[0,185,483,566,766,854,1046]
[0,324,566,1046]
[0,483,566,1046]
[0,324,483,566,766,854,1002,1046]
