[0,73,480,580,672,1197]
[0,537,672,1197]
[0,217,537,672,1106,1197]
[0,217,537,672,1197]
[0,580,1003,1197]
[0,73,537,672,966,1106,1197]
[0,73,480,537,881,1003,1197]
[0,480,580,672,1106,1197]
[0,480,580,1003,1197]
[0,73,480,537,580,672,881,1003,1106,1197]
[0,73,480,580,672,881,1003,1106,1197]
[0,537,1197]
[0,73,537,672,1197]
[0,245,736,1197]
[0,73,537,672,1106,1197]
[0,73,480,537,672,881,1003,1197]
[0,537,672,966,1197]
[0,73,672,1106,1197]
[0,966,1197]
[0,537,881,1003,1197]
[0,73,1106,1197]
[0,537,672,1003,1197]
[0,217,672,1197]
[0,1003,1197]
[0,580,881,1003,1197]
[0,672,966,1197]
[0,881,1003,1197]
[0,217,672,966,1106,1197]
[0,672,1003,1197]
[0,1106,1197]
[0,73,672,1197]
[0,480,580,672,881,1003,1106,1197]
[0,672,966,1106,1197]
[0,537,1003,1197]
[0,73,537,672,881,1003,1197]
[0,537,672,881,1003,1197]
[0,73,537,672,1003,1106,1197]
[0,217,537,1197]
[0,480,537,1003,1197]
[0,672,1106,1197]
[0,672,1197]
[0,73,537,881,1003,1197]
[0,537,672,966,1106,1197]
[0,73,537,672,1003,1197]
[0,480,580,881,1003,1197]
[0,480,580,672,1003,1197]
[0,73,480,580,672,1003,1197]
[0,73,881,1003,1197]
[0,73,217,537,672,1106,1197]
[0,73,672,1003,1197]
[0,73,1003,1197]
[0,73,217,672,1106,1197]
[0,73,480,580,672,881,1003,1197]
[0,217,1106,1197]
[0,480,580,672,881,1003,1197]
[0,73,480,537,672,1106,1197]
[0,580,672,1197]
[0,480,537,881,1003,1197]
[0,217,672,966,1197]
[0,580,881,1197]
[0,480,580,672,1197]
[0,73,480,580,672,1106,1197]
[0,217,1197]
[0,480,537,1197]
[0,73,480,537,580,672,881,1003,1197]
[0,217,672,1003,1197]
[0,480,1197]
[0,73,480,537,1197]
[0,73,480,537,672,1197]
[0,217,537,672,1003,1197]
[0,537,672,1106,1197]
[0,580,1197]
[0,217,672,1106,1197]
[0,73,217,537,672,1003,1106,1197]
[0,73,480,1197]
[0,245,1197]
[0,217,537,672,1003,1106,1197]
[0,537,672,1003,1106,1197]
[0,480,1003,1197]
[0,736,1197]
[0,73,217,1106,1197]
[0,480,580,1197]
[0,73,217,672,966,1106,1197]
[0,73,1197]
