[0,383,557,698,1081,1369,1632]
[0,318,383,487,1081,1632]
[0,318,383,557,698,1081,1369,1632]
[0,318,383,487,930,1369,1632]
[0,318,698,1369,1632]
[0,318,1369,1632]
[0,318,1632]
[0,141,383,557,698,1081,1369,1632]
[0,368,487,930,1369,1632]
[0,557,1369,1632]
[0,383,930,1369,1632]
[0,383,487,1098,1632]
[0,487,1632]
[0,383,487,1098,1369,1632]
[0,318,487,930,1369,1632]
[0,383,557,1369,1632]
[0,368,519,1632]
[0,318,383,487,1098,1632]
[0,347,519,930,1632]
[0,141,318,383,557,698,1081,1369,1632]
[0,487,1081,1632]
[0,557,1632]
[0,141,318,383,487,1098,1369,1632]
[0,318,1081,1369,1632]
[0,383,860,1632]
[0,383,487,930,1632]
[0,318,383,487,1632]
[0,383,930,1632]
[0,557,1081,1369,1632]
[0,1098,1632]
[0,383,487,1081,1369,1632]
[0,487,930,1369,1632]
[0,487,1098,1632]
[0,318,383,557,1632]
[0,383,487,1632]
[0,860,1632]
[0,519,1632]
[0,141,318,383,487,1081,1369,1632]
[0,318,1098,1369,1632]
[0,318,698,1632]
[0,318,1081,1632]
[0,141,318,487,1098,1369,1632]
[0,930,1632]
[0,557,1081,1632]
[0,141,318,1098,1369,1632]
[0,368,519,930,1632]
[0,141,318,383,487,930,1369,1632]
[0,487,1098,1369,1632]
[0,1098,1369,1632]
[0,141,318,1081,1369,1632]
[0,318,1098,1632]
[0,383,557,1081,1369,1632]
[0,557,1098,1632]
[0,383,557,1632]
[0,519,930,1632]
[0,318,383,487,1098,1369,1632]
[0,383,487,1081,1632]
[0,318,383,557,1098,1369,1632]
[0,141,318,487,1081,1369,1632]
[0,698,1632]
[0,318,383,557,698,1098,1369,1632]
[0,1081,1632]
[0,487,1081,1369,1632]
[0,1081,1369,1632]
[0,141,318,487,930,1369,1632]
[0,318,930,1632]
[0,141,318,930,1369,1632]
[0,141,318,383,557,698,1098,1369,1632]
[0,318,487,1098,1369,1632]
[0,318,383,487,930,1632]
[0,383,557,1098,1369,1632]
[0,318,930,1369,1632]
[0,368,487,930,1632]
[0,141,383,557,698,1098,1369,1632]
[0,930,1369,1632]
[0,318,383,487,1081,1369,1632]
[0,318,383,557,1369,1632]
[0,318,383,557,1081,1369,1632]
[0,383,487,930,1369,1632]
[0,383,557,698,1098,1369,1632]
[0,487,930,1632]
[0,318,383,1632]
[0,318,487,1081,1369,1632]
[0,557,1098,1369,1632]
