[0,712,1046]
[0,225,306,502,646,712,780,882,959,1046]
[0,306,780,882,1046]
[0,250,712,1046]
[0,225,306,712,882,959,1046]
[0,225,306,502,712,780,882,959,1046]
[0,225,306,712,882,1046]
[0,502,780,1046]
[0,250,712,780,882,1046]
[0,780,1046]
[0,250,780,882,1046]
[0,712,780,882,1046]
[0,306,502,780,882,1046]
[0,780,882,1046]
[0,250,780,1046]
[0,225,306,502,780,882,959,1046]
[0,225,306,712,780,882,1046]
[0,250,502,780,882,1046]
[0,225,306,502,646,712,780,882,1046]
[0,250,502,646,712,780,882,1046]
[0,225,306,502,780,882,1046]
[0,225,306,502,646,712,882,1046]
[0,306,712,1046]
[0,250,646,712,780,882,1046]
[0,225,306,502,712,882,1046]
[0,284,780,882,1046]
[0,250,502,780,1046]
[0,225,306,712,780,882,959,1046]
[0,502,1046]
[0,284,1046]
[0,306,1046]
[0,780,882,959,1046]
[0,306,712,882,1046]
[0,306,780,1046]
[0,225,306,502,712,780,882,1046]
[0,284,780,1046]
[0,306,502,712,1046]
[0,250,502,712,780,882,1046]
[0,712,780,882,959,1046]
[0,306,502,712,882,1046]
[0,250,712,882,1046]
[0,712,882,1046]
[0,306,502,780,1046]
[0,225,306,780,882,1046]
