[0,431,1018,1399,2554]
[0,212,896,1399,1784,2424,2554]
[0,212,1399,1845,2554]
[0,212,1399,1784,2118,2554]
[0,1784,2118,2554]
[0,212,896,1399,1784,2118,2554]
[0,431,1018,1399,1845,2118,2424,2554]
[0,2118,2554]
[0,1845,2554]
[0,1018,1399,1845,2118,2554]
[0,1399,1784,2118,2554]
[0,212,1018,1399,1845,2118,2554]
[0,1399,1845,2554]
[0,896,1399,1845,2554]
[0,212,2424,2554]
[0,896,2554]
[0,212,2118,2554]
[0,212,896,1399,1784,2118,2424,2554]
[0,212,1784,2118,2554]
[0,431,896,2424,2554]
[0,212,1845,2554]
[0,312,431,896,1399,1784,1910,2424,2554]
[0,431,1018,2554]
[0,1845,2118,2554]
[0,431,2424,2554]
[0,431,896,1399,1784,2554]
[0,431,1845,2424,2554]
[0,431,896,1399,1845,2118,2424,2554]
[0,431,1845,2118,2554]
[0,431,1399,1845,2424,2554]
[0,431,1399,1845,2118,2554]
[0,431,896,1399,1845,2554]
[0,212,896,2554]
[0,431,1845,2554]
[0,1399,1845,2118,2554]
[0,431,896,1399,1845,2424,2554]
[0,431,896,1399,2424,2554]
[0,431,896,1399,1784,1910,2424,2554]
[0,212,1399,1845,2118,2424,2554]
[0,431,896,2554]
[0,431,2554]
[0,431,1399,1845,2554]
[0,312,2554]
[0,431,896,1399,1784,2118,2554]
[0,1399,2554]
[0,896,1399,2554]
[0,212,896,1399,1784,2554]
[0,431,896,1399,1784,2118,2424,2554]
[0,212,896,1399,2554]
[0,312,431,896,1399,1784,2118,2424,2554]
[0,431,896,1399,1784,2424,2554]
[0,431,896,1399,1845,2118,2554]
[0,212,1018,1399,1845,2118,2424,2554]
[0,431,1018,1399,1845,2424,2554]
[0,431,896,1399,2554]
[0,212,1399,1845,2424,2554]
[0,431,1018,1399,1845,2118,2554]
[0,212,1399,1845,2118,2554]
[0,212,1845,2424,2554]
[0,896,1399,1784,2554]
[0,212,1845,2118,2554]
[0,1018,2554]
[0,896,1399,1784,2118,2554]
[0,1018,1399,1845,2554]
[0,1399,1784,2554]
[0,212,2554]
[0,212,1399,2554]
[0,431,1018,1399,1845,2554]
