[0,1044,1192,1327]
[0,267,1192,1327]
[0,644,1327]
[0,658,747,1044,1192,1327]
[0,83,658,856,1327]
[0,142,1327]
[0,658,856,1327]
[0,43,131,267,658,747,860,1044,1192,1327]
[0,658,860,1044,1192,1327]
[0,267,658,747,860,1044,1192,1327]
[0,658,856,1192,1327]
[0,43,142,658,747,1044,1192,1327]
[0,131,658,747,1044,1192,1327]
[0,131,267,658,747,1044,1192,1327]
[0,658,1044,1192,1327]
[0,644,1044,1192,1327]
[0,658,860,1044,1327]
[0,43,658,1327]
[0,267,658,1044,1192,1327]
[0,142,658,1044,1192,1327]
[0,267,1327]
[0,1044,1327]
[0,43,131,658,747,1044,1192,1327]
[0,644,747,1327]
[0,267,658,860,1044,1327]
[0,658,747,1044,1327]
[0,644,1044,1327]
[0,658,860,1327]
[0,658,1192,1327]
[0,43,142,267,658,747,1044,1192,1327]
[0,267,658,860,1327]
[0,43,658,856,1327]
[0,267,658,1327]
[0,658,856,1044,1327]
[0,854,1327]
[0,658,747,860,1044,1192,1327]
[0,142,658,1044,1327]
[0,142,267,658,747,1044,1192,1327]
[0,658,856,1044,1192,1327]
[0,83,658,856,1079,1327]
[0,142,854,1327]
[0,131,267,658,860,1044,1192,1327]
[0,43,658,856,1044,1192,1327]
[0,267,658,1192,1327]
[0,142,267,658,1044,1192,1327]
[0,644,747,1044,1192,1327]
[0,131,658,1044,1192,1327]
[0,658,1327]
[0,658,747,1327]
[0,658,856,1079,1327]
[0,644,747,1044,1327]
[0,658,1079,1327]
[0,695,1327]
[0,658,1044,1327]
[0,43,658,856,1192,1327]
[0,267,658,1044,1327]
[0,267,658,860,1044,1192,1327]
[0,267,658,747,1044,1192,1327]
[0,131,267,658,1044,1192,1327]
[0,142,658,747,1044,1192,1327]
[0,131,267,658,747,860,1044,1192,1327]
[0,43,658,747,1044,1192,1327]
[0,658,854,1327]
[0,43,131,267,658,747,1044,1192,1327]
[0,658,854,1079,1327]
