[0,359,634,1198,2956]
[0,620,1198,1519,2216,2956]
[0,106,359,620,1198,1519,2216,2956]
[0,359,634,1198,1519,2956]
[0,620,1902,2956]
[0,359,527,634,1198,1519,1902,2308,2956]
[0,527,1519,2338,2956]
[0,337,620,1519,2216,2880,2956]
[0,337,620,1198,1519,1902,2880,2956]
[0,337,620,2956]
[0,106,359,527,634,1198,1519,1902,2880,2956]
[0,359,527,634,1198,1519,1902,2956]
[0,620,1519,2216,2880,2956]
[0,359,620,1519,2216,2956]
[0,106,359,620,1198,1519,1626,2956]
[0,359,620,1519,1626,2956]
[0,337,620,1519,2216,2956]
[0,337,620,2216,2880,2956]
[0,1519,1626,2956]
[0,106,359,620,1198,1519,1902,2880,2956]
[0,634,1198,1519,1902,2308,2956]
[0,359,620,1198,1519,2216,2956]
[0,337,620,2216,2956]
[0,106,359,634,1198,1519,1902,2956]
[0,337,620,1198,2270,2956]
[0,359,634,1198,1519,1626,2956]
[0,359,620,1198,2956]
[0,359,620,1198,1519,1626,2956]
[0,1519,2308,2956]
[0,1860,2956]
[0,634,1902,2956]
[0,106,359,620,1198,1519,1626,2216,2880,2956]
[0,1519,2216,2880,2956]
[0,359,620,1198,1519,2216,2880,2956]
[0,634,1519,1626,2956]
[0,106,359,527,634,1198,1519,1902,2956]
[0,527,1519,2216,2956]
[0,359,527,634,1198,1519,1626,2956]
[0,106,359,620,1198,1519,1902,2956]
[0,337,620,2270,2880,2956]
[0,634,1519,1902,2308,2956]
[0,1519,2338,2956]
[0,2308,2956]
[0,620,1198,2956]
[0,620,2270,2956]
[0,634,1198,1519,1902,2956]
[0,359,620,1519,2216,2880,2956]
[0,620,1519,1626,2956]
[0,337,620,1198,2956]
[0,1519,1902,2956]
[0,359,634,1198,1519,1902,2308,2956]
[0,359,620,2216,2880,2956]
[0,106,359,527,634,1198,1519,1626,2956]
[0,359,620,1198,1519,1626,2216,2956]
[0,359,620,1198,1519,1902,2956]
[0,359,634,1198,1519,1902,2956]
[0,359,620,2956]
[0,2270,2956]
[0,620,1860,2956]
[0,106,359,527,634,1198,1519,1902,2308,2956]
[0,634,1519,1902,2956]
[0,634,1198,2956]
[0,620,2216,2880,2956]
[0,106,359,620,1198,1519,1626,2216,2956]
[0,620,1198,2270,2956]
[0,1519,2216,2956]
[0,620,2216,2956]
[0,1519,2956]
[0,1902,2956]
[0,337,620,1198,1519,1902,2956]
[0,620,1626,2956]
[0,359,620,1198,1519,2956]
[0,634,2956]
[0,620,1519,1902,2956]
[0,527,1519,2216,2880,2956]
[0,106,359,527,634,1198,1519,1902,2308,2880,2956]
[0,620,1198,1519,2956]
[0,2216,2956]
[0,359,634,1519,1626,2956]
[0,359,634,1626,2956]
[0,106,359,620,1198,1519,2216,2880,2956]
[0,634,1198,1519,2956]
[0,634,1519,2308,2956]
[0,634,1626,2956]
[0,359,634,2956]
[0,620,1198,1519,1902,2956]
[0,337,620,1198,2270,2880,2956]
[0,337,620,2270,2956]
[0,1626,2956]
[0,359,620,2216,2956]
[0,359,620,1626,2956]
[0,620,2956]
[0,634,2308,2956]
[0,620,1519,2216,2956]
[0,106,359,634,1198,1519,1626,2956]
