[0,450,807,945,1046]
[0,223,368,590,945,1046]
[0,224,368,590,807,945,1046]
[0,450,807,1046]
[0,807,1046]
[0,368,590,1046]
[0,368,590,807,1046]
[0,590,807,945,1046]
[0,448,1046]
[0,450,1046]
[0,368,450,590,807,890,945,1046]
[0,223,590,1046]
[0,223,1046]
[0,223,590,945,1046]
[0,447,590,807,1046]
[0,164,224,368,448,546,590,807,945,1046]
[0,447,590,807,945,1046]
[0,945,1046]
[0,224,368,448,807,945,1046]
[0,590,807,1046]
[0,448,807,1046]
[0,447,868,1046]
[0,807,945,1046]
[0,368,1046]
[0,368,448,807,945,1046]
[0,224,448,807,945,1046]
[0,368,590,945,1046]
[0,224,368,590,807,1046]
[0,368,448,1046]
[0,223,368,590,1046]
[0,368,450,807,945,1046]
[0,223,447,590,1046]
[0,447,1046]
[0,368,450,1046]
[0,368,450,546,590,807,890,945,1046]
[0,590,1046]
[0,368,590,807,945,1046]
[0,368,448,807,1046]
[0,224,448,807,1046]
[0,164,224,368,448,546,590,807,890,945,1046]
[0,223,450,1046]
[0,223,945,1046]
[0,368,450,807,1046]
[0,368,450,807,890,945,1046]
[0,368,448,590,807,945,1046]
[0,164,224,368,448,590,807,890,945,1046]
[0,368,450,590,807,945,1046]
[0,164,224,368,448,590,807,945,1046]
[0,368,450,546,590,807,945,1046]
[0,447,590,1046]
[0,448,807,945,1046]
[0,164,224,368,448,807,945,1046]
[0,224,368,448,590,807,945,1046]
