[0,546,1197]
[0,118,284,428,1004,1145,1197]
[0,133,284,428,546,1004,1145,1197]
[0,428,674,1004,1197]
[0,284,428,1197]
[0,161,428,546,1004,1197]
[0,161,428,1004,1197]
[0,284,428,674,1197]
[0,428,1004,1197]
[0,753,1197]
[0,118,192,284,428,546,753,1004,1197]
[0,118,192,284,428,546,1004,1197]
[0,170,476,674,1004,1197]
[0,118,192,284,428,546,753,1197]
[0,428,546,1197]
[0,161,428,1197]
[0,118,428,1004,1145,1197]
[0,118,192,284,428,546,1197]
[0,284,428,546,1197]
[0,284,428,546,1004,1145,1197]
[0,284,428,674,1004,1197]
[0,161,1004,1145,1197]
[0,1004,1145,1197]
[0,118,192,284,428,546,612,753,1004,1145,1197]
[0,118,284,428,546,612,1004,1197]
[0,284,1004,1145,1197]
[0,118,428,1197]
[0,118,428,674,1004,1145,1197]
[0,118,284,428,546,612,753,1197]
[0,284,428,1004,1145,1197]
[0,476,674,1004,1197]
[0,118,192,284,428,546,612,1004,1197]
[0,118,192,284,428,546,612,753,1197]
[0,118,192,284,428,1197]
[0,284,428,546,1004,1197]
[0,284,428,546,753,1197]
[0,118,192,284,428,546,1004,1145,1197]
[0,118,284,428,674,1197]
[0,118,284,428,546,1197]
[0,284,428,546,612,1197]
[0,284,428,546,612,753,1197]
[0,170,1004,1197]
[0,118,1004,1197]
[0,170,476,674,1197]
[0,118,284,428,1004,1197]
[0,161,1197]
[0,170,1197]
[0,118,192,284,428,546,612,753,1004,1197]
[0,118,284,428,546,612,753,1004,1197]
[0,161,428,546,1004,1145,1197]
[0,428,674,1197]
[0,428,753,1197]
[0,118,192,284,428,1004,1197]
[0,161,428,546,1197]
[0,284,428,1004,1197]
[0,284,428,753,1197]
[0,284,1197]
[0,118,428,674,1197]
[0,118,1004,1145,1197]
[0,118,192,284,428,1004,1145,1197]
[0,133,284,428,1004,1197]
[0,118,284,428,546,753,1004,1197]
[0,284,1004,1197]
[0,118,428,1004,1197]
[0,118,284,428,546,1004,1197]
[0,284,428,674,1004,1145,1197]
[0,118,284,428,546,753,1197]
[0,118,192,284,428,546,612,1197]
[0,133,284,428,546,1197]
[0,161,428,1004,1145,1197]
[0,118,284,428,1197]
[0,428,753,1004,1197]
[0,161,1004,1197]
[0,118,284,428,546,612,1004,1145,1197]
[0,284,428,546,753,1004,1197]
[0,118,1197]
[0,118,284,428,674,1004,1197]
[0,118,192,284,428,546,612,1004,1145,1197]
[0,428,1197]
[0,674,1197]
[0,476,674,1197]
[0,284,428,753,1004,1197]
[0,118,284,428,546,1004,1145,1197]
[0,133,284,428,1197]
[0,133,284,428,546,1004,1197]
[0,118,284,428,674,1004,1145,1197]
[0,1004,1197]
[0,118,428,674,1004,1197]
[0,118,284,428,546,612,753,1004,1145,1197]
