[0,245,595,820,1046]
[0,284,452,682,761,959,1046]
[0,97,284,1046]
[0,97,284,983,1046]
[0,284,682,1046]
[0,278,452,682,778,959,1046]
[0,278,761,959,1046]
[0,284,452,682,1046]
[0,245,1046]
[0,278,1046]
[0,278,452,1046]
[0,97,284,452,682,778,1046]
[0,284,761,1046]
[0,278,452,682,1046]
[0,218,284,452,1046]
[0,97,218,284,452,682,761,959,1046]
[0,284,452,595,682,778,959,1046]
[0,284,983,1046]
[0,245,959,1046]
[0,284,452,682,959,1046]
[0,218,284,452,595,1046]
[0,97,218,284,452,595,682,761,820,959,1046]
[0,284,452,682,778,959,1046]
[0,284,452,595,983,1046]
[0,284,452,682,761,1046]
[0,284,452,682,983,1046]
[0,245,820,1046]
[0,284,452,595,1046]
[0,97,284,452,682,778,959,1046]
[0,278,682,1046]
[0,278,761,1046]
[0,97,218,284,452,682,778,959,1046]
[0,97,284,452,595,761,1046]
[0,284,452,595,682,761,959,1046]
[0,97,218,284,452,595,682,778,959,1046]
[0,284,452,682,778,1046]
[0,682,1046]
[0,761,1046]
[0,97,284,452,682,761,1046]
[0,97,278,761,959,1046]
[0,284,452,595,682,761,1046]
[0,218,284,452,682,761,1046]
[0,97,284,452,595,682,778,959,1046]
[0,97,284,452,595,1046]
[0,97,218,284,452,682,761,820,959,1046]
[0,284,452,761,1046]
[0,97,218,284,452,595,682,761,959,1046]
[0,218,284,452,682,761,820,959,1046]
[0,97,284,452,595,682,761,1046]
[0,97,218,284,452,595,682,761,820,1046]
[0,218,284,452,682,778,1046]
[0,284,452,595,761,1046]
[0,97,218,284,452,682,761,820,1046]
[0,97,218,284,452,682,761,1046]
[0,218,284,452,682,761,959,1046]
[0,218,284,452,682,761,820,1046]
[0,284,682,761,1046]
[0,97,284,452,682,1046]
[0,284,452,1046]
[0,284,1046]
[0,97,284,452,682,761,959,1046]
[0,284,452,595,761,959,1046]
[0,97,218,284,452,682,778,1046]
[0,97,218,284,452,595,983,1046]
[0,97,284,452,595,761,959,1046]
[0,97,218,284,452,595,682,761,1046]
[0,278,452,682,778,1046]
[0,97,284,452,682,959,1046]
[0,97,218,284,452,595,1046]
[0,97,284,452,595,682,761,959,1046]
[0,278,959,1046]
[0,278,452,595,682,778,959,1046]
[0,97,278,761,1046]
