[0,295,453,852,946,1034,1127,1283,1332,1419]
[0,235,453,673,946,1419]
[0,453,1127,1419]
[0,453,889,1127,1419]
[0,852,1419]
[0,235,453,1127,1419]
[0,889,1127,1283,1419]
[0,453,852,946,1127,1283,1419]
[0,889,1419]
[0,1283,1419]
[0,453,889,1419]
[0,235,453,852,946,1034,1127,1283,1419]
[0,453,1419]
[0,453,673,946,1419]
[0,453,673,1419]
[0,235,453,852,946,1127,1283,1419]
[0,453,1034,1419]
[0,235,453,852,1127,1283,1419]
[0,295,453,889,1127,1419]
[0,73,453,896,1283,1419]
[0,453,673,1127,1283,1419]
[0,235,453,1034,1419]
[0,673,1419]
[0,453,1034,1283,1419]
[0,453,852,1127,1283,1419]
[0,852,946,1127,1283,1419]
[0,1127,1283,1332,1419]
[0,73,453,896,1079,1283,1419]
[0,852,1127,1283,1332,1419]
[0,889,1127,1419]
[0,295,453,896,1283,1419]
[0,295,453,852,1127,1419]
[0,235,453,1419]
[0,1127,1283,1419]
[0,235,453,852,946,1034,1127,1283,1332,1419]
[0,453,673,889,1127,1419]
[0,235,453,673,1127,1419]
[0,235,453,673,946,1127,1419]
[0,453,896,1283,1419]
[0,852,1127,1283,1419]
[0,453,889,1127,1283,1419]
[0,453,852,1127,1419]
[0,235,453,852,1419]
[0,453,896,1079,1283,1419]
[0,235,453,1127,1283,1419]
[0,896,1419]
[0,295,453,673,889,1419]
[0,1034,1283,1419]
[0,453,673,1127,1419]
[0,453,852,1419]
[0,453,896,1419]
[0,295,453,673,889,1127,1283,1419]
[0,1127,1419]
[0,235,453,852,946,1127,1283,1332,1419]
[0,852,946,1127,1283,1332,1419]
[0,673,946,1419]
[0,295,453,852,1419]
[0,295,453,896,1419]
[0,295,453,852,946,1127,1283,1419]
[0,295,453,852,1127,1283,1419]
[0,235,453,673,946,1127,1283,1419]
[0,235,453,673,1419]
[0,453,673,889,1419]
[0,235,453,673,946,1034,1127,1283,1419]
[0,295,453,889,1419]
[0,1034,1419]
[0,896,1283,1419]
[0,235,453,852,1127,1419]
[0,295,453,673,889,1127,1419]
[0,295,453,852,946,1034,1127,1283,1419]
[0,235,1419]
[0,453,852,946,1127,1283,1332,1419]
[0,73,453,1034,1283,1419]
[0,453,896,1079,1419]
[0,852,1127,1419]
[0,295,453,889,1127,1283,1419]
[0,235,453,1034,1283,1419]
[0,295,453,852,946,1127,1283,1332,1419]
[0,235,453,673,1127,1283,1419]
[0,453,1127,1283,1419]
