[0,129,245,475,519,639,737,822,903,947,1046]
[0,129,639,822,1046]
[0,475,822,1046]
[0,129,253,903,947,1046]
[0,129,253,639,822,947,1046]
[0,129,903,947,1046]
[0,245,475,680,1046]
[0,129,903,1046]
[0,129,245,822,1046]
[0,129,245,475,822,1046]
[0,129,253,737,1046]
[0,129,245,822,947,1046]
[0,129,253,475,822,947,1046]
[0,129,639,903,1046]
[0,129,253,639,822,1046]
[0,129,245,519,822,947,1046]
[0,737,903,1046]
[0,475,639,1046]
[0,129,253,737,903,1046]
[0,245,1046]
[0,129,245,947,1046]
[0,475,737,903,1046]
[0,245,475,680,903,1046]
[0,129,245,639,1046]
[0,519,822,1046]
[0,129,519,737,903,1046]
[0,129,245,475,519,737,903,947,1046]
[0,129,253,822,1046]
[0,129,253,519,737,903,947,1046]
[0,903,1046]
[0,129,475,822,1046]
[0,245,475,1046]
[0,245,519,1046]
[0,129,737,903,1046]
[0,129,253,947,1046]
[0,129,253,409,519,639,737,822,947,1046]
[0,129,253,519,639,822,947,1046]
[0,129,253,409,519,639,822,947,1046]
[0,129,253,1046]
[0,129,245,519,737,822,903,947,1046]
[0,129,737,1046]
[0,129,245,519,737,822,947,1046]
[0,129,245,475,519,737,822,903,947,1046]
[0,129,253,409,475,737,822,903,947,1046]
[0,129,475,737,903,1046]
[0,129,519,1046]
[0,129,519,639,822,1046]
[0,129,253,475,903,1046]
[0,129,245,409,475,737,903,1046]
[0,129,245,475,737,822,1046]
[0,253,1046]
[0,737,1046]
[0,129,253,475,737,822,1046]
[0,475,1046]
[0,129,245,737,1046]
[0,129,245,475,737,903,1046]
[0,129,245,475,1046]
[0,129,245,519,639,822,947,1046]
[0,129,253,519,822,1046]
[0,519,737,903,1046]
[0,129,245,737,822,903,947,1046]
[0,129,245,519,822,1046]
[0,129,253,822,947,1046]
[0,129,253,409,475,737,903,1046]
[0,129,253,737,822,903,947,1046]
[0,245,903,1046]
[0,129,253,519,737,903,1046]
[0,129,245,475,737,822,903,1046]
[0,129,245,639,903,1046]
[0,519,737,1046]
[0,129,822,1046]
[0,129,519,822,1046]
[0,129,245,519,737,903,1046]
[0,129,519,639,1046]
[0,129,245,519,639,737,822,903,947,1046]
[0,129,253,475,519,737,822,903,947,1046]
[0,822,1046]
[0,129,253,737,822,1046]
[0,129,245,903,947,1046]
[0,639,903,1046]
[0,129,253,519,737,822,947,1046]
[0,129,245,737,822,1046]
[0,129,639,1046]
[0,129,245,1046]
[0,475,903,1046]
[0,129,245,903,1046]
[0,129,245,639,822,947,1046]
[0,129,253,409,519,639,737,822,903,947,1046]
[0,129,475,639,903,1046]
[0,129,253,519,822,947,1046]
[0,129,245,409,475,737,822,903,1046]
[0,639,1046]
[0,129,245,519,639,737,822,947,1046]
[0,129,253,737,903,947,1046]
[0,129,245,737,903,1046]
[0,129,253,639,1046]
[0,129,253,409,475,519,639,737,822,903,947,1046]
[0,129,245,737,822,903,1046]
[0,903,947,1046]
[0,129,253,475,519,737,903,947,1046]
[0,253,903,1046]
[0,129,253,475,822,1046]
[0,129,253,903,1046]
[0,129,475,903,1046]
[0,245,519,903,1046]
[0,129,253,519,639,737,822,947,1046]
[0,129,253,519,737,822,903,947,1046]
[0,129,245,639,822,1046]
[0,129,245,519,737,903,947,1046]
[0,129,253,475,737,822,903,1046]
[0,129,245,737,822,947,1046]
[0,129,475,1046]
[0,129,253,409,519,639,822,1046]
[0,129,253,475,737,822,903,947,1046]
[0,475,737,1046]
[0,245,475,903,1046]
[0,129,253,737,822,903,1046]
[0,129,245,519,639,822,1046]
[0,129,253,737,822,947,1046]
[0,129,253,409,475,737,822,903,1046]
[0,129,253,409,475,737,822,947,1046]
[0,475,639,903,1046]
[0,129,245,737,903,947,1046]
[0,129,253,519,639,822,1046]
[0,129,253,475,519,639,737,822,903,947,1046]
[0,519,1046]
[0,129,253,519,639,737,822,903,947,1046]
[0,129,253,475,737,822,947,1046]
[0,129,253,475,1046]
[0,129,253,475,737,903,1046]
[0,129,1046]
[0,639,822,1046]
