[0,326,1594,3353]
[0,326,685,895,1594,3103,3353]
[0,326,838,1184,1594,1836,2163,2791,3103,3353]
[0,326,895,1184,1594,1836,2514,3103,3353]
[0,1184,1594,3353]
[0,326,1836,2300,3100,3353]
[0,895,1836,3353]
[0,838,1184,1836,2163,3353]
[0,1836,3353]
[0,895,1836,2300,3353]
[0,326,838,1184,1836,2163,2791,3353]
[0,1184,1836,2163,3353]
[0,326,1836,2163,3103,3353]
[0,326,1836,2514,2791,3103,3353]
[0,326,3353]
[0,326,1184,1836,2163,2791,3353]
[0,326,1836,2300,3353]
[0,326,895,1594,2514,3103,3353]
[0,326,895,1184,1594,2514,3103,3353]
[0,326,895,1184,1594,2514,2819,3353]
[0,326,895,1594,2514,3353]
[0,326,685,895,1594,1836,2514,3103,3353]
[0,326,895,1594,1836,3103,3353]
[0,326,1836,2514,2791,3353]
[0,1836,2300,3353]
[0,326,895,1836,3353]
[0,326,895,1836,3100,3353]
[0,838,1184,1836,2163,2791,3353]
[0,326,845,1594,1836,2300,3103,3353]
[0,326,1184,1836,2163,3353]
[0,326,1184,1836,2163,3103,3353]
[0,326,1184,1836,2163,2791,3103,3353]
[0,326,895,1184,1594,1836,2514,2819,3103,3353]
[0,838,1184,1836,3353]
[0,1836,3103,3353]
[0,1836,2163,3353]
[0,326,1836,2514,3103,3353]
[0,326,845,1836,2300,3103,3353]
[0,326,1184,1594,1836,2163,2791,3103,3353]
[0,326,895,1594,3103,3353]
[0,838,1184,1836,2791,3353]
[0,1184,1836,2163,2791,3353]
[0,326,895,1184,1594,3103,3353]
[0,326,895,1836,2300,3100,3353]
[0,326,685,895,1184,1594,1836,2514,3103,3353]
[0,326,1836,2163,2791,3353]
[0,326,1184,1594,3103,3353]
[0,326,895,1836,2300,3353]
[0,326,1836,3353]
[0,326,685,895,1184,1594,1836,2514,2819,3103,3353]
[0,326,1836,2791,3353]
[0,1184,1836,3353]
[0,326,1184,1594,2514,2819,3353]
[0,895,1594,3353]
[0,326,895,1184,1594,1836,3103,3353]
[0,1594,3353]
[0,838,1915,3353]
[0,895,1915,3353]
[0,1836,2514,3353]
[0,845,1836,3353]
[0,1184,1594,2514,3353]
[0,1915,3353]
[0,1836,2791,3353]
[0,1836,2163,2791,3353]
[0,841,1836,2300,3353]
[0,326,1836,2791,3103,3353]
[0,326,895,1184,1594,2514,2819,3103,3353]
[0,326,845,1836,2300,3353]
[0,326,1836,3103,3353]
[0,326,895,1594,1836,2514,3103,3353]
[0,326,1836,2163,3353]
[0,326,895,1184,1594,2514,3353]
[0,326,895,1594,3353]
[0,326,845,1836,3103,3353]
[0,326,685,895,1184,1594,3103,3353]
[0,326,895,1915,3353]
[0,838,3103,3353]
[0,326,845,1836,3353]
[0,326,1184,1594,2514,3353]
[0,326,841,1836,2300,3353]
[0,326,838,1184,1836,2163,2791,3103,3353]
[0,326,895,3353]
[0,838,1915,2906,3353]
[0,326,838,1184,1836,2163,3353]
[0,326,685,895,1184,1594,1836,3103,3353]
[0,895,1594,2514,3353]
[0,326,895,1184,1594,3353]
[0,838,3353]
[0,845,1836,2300,3353]
[0,326,1836,2163,2791,3103,3353]
[0,326,1836,3100,3353]
[0,326,841,1594,1836,2300,3100,3353]
[0,326,685,895,1594,1836,3103,3353]
[0,841,1836,3353]
[0,1594,2514,3353]
[0,895,3353]
[0,326,1836,2514,3353]
[0,326,841,1836,2300,3100,3353]
[0,1184,1836,2791,3353]
[0,326,1184,1594,3353]
