[0,1003,1912,2339,3353]
[0,1815,2350,2662,3353]
[0,1496,2019,3170,3353]
[0,692,2019,3170,3353]
[0,1003,1505,1815,2041,2350,2662,3170,3353]
[0,914,1496,2019,2339,2574,3353]
[0,692,914,1496,2019,2339,2574,3353]
[0,3170,3353]
[0,665,914,1515,1815,2350,2662,3353]
[0,914,1496,3353]
[0,1515,1815,2350,2662,3353]
[0,426,726,1496,2000,2380,3353]
[0,426,1496,2000,2380,3353]
[0,1505,1815,2350,2662,3353]
[0,2019,3170,3353]
[0,426,1496,2000,3353]
[0,692,1804,3353]
[0,1003,1515,1912,2339,2662,3170,3353]
[0,2350,2662,3353]
[0,1515,1912,3353]
[0,692,2019,3353]
[0,1496,2000,2380,3170,3353]
[0,914,1496,2019,3353]
[0,665,914,1515,1815,2041,2350,2662,3170,3353]
[0,692,914,1496,2019,2339,3170,3353]
[0,426,726,1496,2000,2380,3170,3353]
[0,914,2662,3353]
[0,1003,1815,2350,2662,3353]
[0,1505,1815,3353]
[0,1515,1912,2339,3353]
[0,1505,1815,2041,2350,2662,3353]
[0,692,914,1096,1496,2019,2339,2574,3170,3353]
[0,692,1804,2758,3353]
[0,426,1496,2000,2380,3170,3353]
[0,1815,3353]
[0,1003,1815,3353]
[0,1804,3353]
[0,665,914,1515,1815,2041,2350,2662,3353]
[0,1003,1505,1815,2041,2350,2662,3353]
[0,1496,2000,3353]
[0,906,3353]
[0,1505,1815,2350,3353]
[0,1496,2000,2380,3353]
[0,1496,2000,3170,3353]
[0,1003,1515,1912,2339,2662,3353]
[0,2662,3353]
[0,1496,2019,2339,2574,3353]
[0,1982,3353]
[0,1515,3353]
[0,692,914,1496,2019,2339,2574,3170,3353]
[0,2019,3353]
[0,1515,1982,2350,3170,3353]
[0,1496,2019,2339,3170,3353]
[0,914,2350,2662,3353]
[0,1496,2019,3353]
[0,914,3353]
[0,914,1515,2350,2662,3353]
[0,1815,2350,3353]
[0,692,914,1096,1496,2019,2339,2574,3353]
[0,1515,1982,2350,3353]
[0,1912,2339,3353]
[0,1515,1815,3353]
[0,914,1515,2662,3353]
[0,692,914,1496,2019,2339,3353]
[0,1496,2019,2339,3353]
[0,914,1515,1815,2350,2662,3353]
[0,1505,1815,2041,2350,2662,3170,3353]
[0,1515,2662,3353]
[0,426,1496,2019,3353]
[0,1515,1815,2350,3353]
[0,1003,1912,3353]
[0,1912,3353]
[0,1515,1982,3353]
[0,914,1496,2019,2339,3353]
[0,2000,3353]
[0,1003,1505,1815,2350,2662,3353]
[0,1515,1912,2339,2662,3170,3353]
[0,1003,1515,1912,2339,3353]
[0,1515,1912,2339,2662,3353]
[0,1003,1815,2350,3353]
