[0,145,513,696,1537,1810]
[0,185,513,696,1093,1810]
[0,52,320,513,979,1093,1751,1810]
[0,145,513,696,979,1093,1810]
[0,52,513,696,1751,1810]
[0,52,513,696,1810]
[0,52,513,979,1128,1810]
[0,52,185,390,513,696,979,1128,1751,1810]
[0,145,513,1093,1810]
[0,185,390,513,1810]
[0,185,390,513,696,979,1059,1810]
[0,185,513,979,1093,1810]
[0,185,513,1810]
[0,320,513,696,979,1093,1810]
[0,52,320,513,696,979,1093,1751,1810]
[0,52,513,979,1128,1751,1810]
[0,185,390,513,696,979,1059,1751,1810]
[0,52,513,696,979,1128,1751,1810]
[0,320,513,696,1093,1810]
[0,513,696,1810]
[0,320,513,979,1093,1810]
[0,185,513,979,1128,1810]
[0,185,513,696,979,1093,1810]
[0,185,513,696,979,1093,1751,1810]
[0,320,513,979,1093,1751,1810]
[0,185,513,979,1093,1751,1810]
[0,513,1059,1810]
[0,52,513,1751,1810]
[0,52,185,390,513,696,979,1059,1751,1810]
[0,145,513,696,1093,1810]
[0,185,513,696,979,1128,1810]
[0,52,513,1128,1810]
[0,145,513,1810]
[0,513,696,1537,1810]
[0,1059,1810]
[0,513,979,1128,1751,1810]
[0,513,1810]
[0,145,513,696,1537,1751,1810]
[0,185,390,513,979,1128,1751,1810]
[0,320,513,696,979,1093,1751,1810]
[0,185,513,696,1128,1810]
[0,185,390,513,696,979,1128,1810]
[0,185,513,1059,1810]
[0,52,185,513,696,979,1128,1751,1810]
[0,185,390,513,1128,1810]
[0,185,390,513,979,1128,1810]
[0,185,390,513,696,979,1059,1128,1751,1810]
[0,513,1093,1810]
[0,145,513,979,1093,1751,1810]
[0,513,696,979,1128,1751,1810]
[0,185,390,513,696,1059,1810]
[0,185,390,513,979,1059,1810]
[0,320,513,1093,1810]
[0,513,1751,1810]
[0,1093,1810]
[0,513,1128,1810]
[0,145,513,979,1093,1810]
[0,185,513,696,1059,1810]
[0,52,513,1810]
[0,513,979,1128,1810]
[0,513,1537,1810]
[0,185,390,513,979,1059,1751,1810]
[0,185,390,513,696,979,1059,1128,1810]
[0,185,390,513,1059,1810]
[0,513,696,1093,1810]
[0,1128,1810]
[0,145,513,696,979,1093,1751,1810]
[0,185,513,696,979,1128,1751,1810]
[0,320,513,1810]
[0,52,185,513,696,979,1093,1751,1810]
[0,513,696,979,1128,1810]
[0,185,513,1128,1810]
[0,185,513,1093,1810]
[0,52,185,390,513,696,979,1059,1128,1751,1810]
[0,185,513,979,1128,1751,1810]
[0,185,390,513,696,979,1128,1751,1810]
[0,145,513,696,1810]
[0,52,320,513,979,1093,1810]
[0,513,696,1751,1810]
[0,513,696,1128,1810]
[0,185,513,979,1059,1810]
[0,145,513,696,1751,1810]
