[0,136,232,332,399,505,628,927,1046]
[0,136,332,399,505,628,927,1046]
[0,136,332,505,628,1046]
[0,332,628,1046]
[0,332,399,505,927,1046]
[0,136,332,429,505,927,1046]
[0,136,332,429,628,927,1046]
[0,136,232,332,429,505,576,628,927,1046]
[0,332,505,927,1046]
[0,136,332,429,505,628,927,1046]
[0,136,332,429,505,576,628,927,1046]
[0,136,332,505,927,1046]
[0,232,1046]
[0,399,1046]
[0,136,232,332,399,505,576,628,927,1046]
[0,136,332,429,505,1046]
[0,136,332,505,628,927,1046]
[0,136,332,399,505,576,628,1046]
[0,332,505,576,628,1046]
[0,136,332,429,505,576,628,1046]
[0,232,927,1046]
[0,136,332,429,628,1046]
[0,136,332,505,1046]
[0,361,1046]
[0,136,332,628,1046]
[0,399,628,1046]
[0,332,429,505,1046]
[0,136,361,628,927,1046]
[0,136,332,429,505,628,1046]
[0,136,361,628,1046]
[0,136,232,332,429,505,628,927,1046]
[0,136,332,628,927,1046]
[0,361,628,1046]
[0,136,232,332,505,628,927,1046]
[0,429,1046]
[0,136,332,399,505,628,1046]
[0,332,429,628,1046]
[0,332,505,628,1046]
[0,136,232,332,429,628,927,1046]
[0,332,1046]
[0,332,429,505,628,1046]
[0,332,429,505,576,628,1046]
[0,332,505,1046]
[0,136,332,399,505,576,628,927,1046]
[0,332,429,505,927,1046]
[0,332,399,505,1046]
[0,332,399,505,576,628,1046]
[0,136,232,361,628,927,1046]
[0,136,332,399,505,927,1046]
[0,136,332,399,505,1046]
[0,136,232,361,628,1046]
[0,361,628,927,1046]
[0,429,505,1046]
[0,332,399,505,628,1046]
