[0,66,1507,1632]
[0,933,1507,1632]
[0,562,933,1507,1632]
[0,381,563,1507,1632]
[0,486,563,1632]
[0,66,381,563,1507,1632]
[0,223,486,563,1632]
[0,933,1214,1632]
[0,381,933,1214,1632]
[0,381,563,1214,1632]
[0,562,1632]
[0,381,563,1632]
[0,562,933,1214,1632]
[0,66,381,563,933,1214,1507,1632]
[0,381,933,1632]
[0,66,381,563,1632]
[0,66,381,563,1214,1507,1632]
[0,381,563,933,1214,1507,1632]
[0,223,486,1632]
[0,66,562,933,1507,1632]
[0,381,1214,1632]
[0,933,1214,1507,1632]
[0,562,1507,1632]
[0,381,1632]
[0,66,562,933,1632]
[0,66,562,933,1214,1507,1632]
[0,933,1632]
[0,381,563,1214,1507,1632]
[0,66,933,1507,1632]
[0,486,1632]
[0,66,486,563,1632]
[0,562,933,1214,1507,1632]
[0,562,933,1632]
[0,381,563,933,1214,1632]
[0,1507,1632]
[0,381,563,933,1632]
[0,563,1632]
[0,1214,1632]
[0,563,1507,1632]
[0,66,933,1214,1507,1632]
