[0,237,386,566,786,1046]
[0,109,237,786,1046]
[0,333,786,1046]
[0,107,566,786,1046]
[0,333,566,786,926,1046]
[0,109,425,562,786,926,1046]
[0,237,566,786,1046]
[0,433,645,786,1046]
[0,107,374,566,786,1046]
[0,109,237,566,786,948,1046]
[0,109,237,425,562,786,962,1046]
[0,107,158,333,566,786,926,1046]
[0,333,1046]
[0,237,645,786,926,1046]
[0,786,962,1046]
[0,333,645,786,1046]
[0,782,1046]
[0,107,237,433,645,786,926,1046]
[0,386,562,786,1046]
[0,237,433,645,1046]
[0,107,237,645,786,926,1046]
[0,562,786,962,1046]
[0,566,786,926,1046]
[0,109,374,566,786,948,1046]
[0,562,786,1046]
[0,107,333,566,786,1046]
[0,109,237,566,786,1046]
[0,433,645,786,926,1046]
[0,109,425,562,786,1046]
[0,237,562,786,1046]
[0,109,425,562,786,962,1046]
[0,237,433,645,786,1046]
[0,333,566,786,1046]
[0,107,333,566,786,926,1046]
[0,562,786,926,1046]
[0,433,1046]
[0,386,562,786,962,1046]
[0,237,1046]
[0,109,786,1046]
[0,237,433,645,786,926,1046]
[0,433,645,1046]
[0,237,645,786,1046]
[0,425,562,786,926,1046]
[0,109,1046]
[0,386,566,786,1046]
[0,109,237,386,562,786,1046]
[0,566,786,1046]
[0,107,786,1046]
[0,109,374,566,786,1046]
[0,109,386,562,786,1046]
[0,425,562,786,1046]
[0,109,237,425,562,786,926,1046]
[0,107,333,645,786,926,1046]
[0,109,237,1046]
[0,107,374,566,786,948,1046]
[0,237,425,562,786,926,1046]
[0,786,1046]
[0,786,926,1046]
[0,237,386,562,786,1046]
[0,109,237,386,566,786,1046]
[0,425,562,786,962,1046]
[0,374,566,786,1046]
[0,645,786,926,1046]
[0,109,237,386,562,786,962,1046]
[0,109,237,425,562,786,1046]
[0,237,786,1046]
[0,333,645,786,926,1046]
[0,333,566,1046]
[0,645,786,1046]
[0,109,237,386,566,786,948,1046]
[0,109,386,562,786,962,1046]
[0,237,425,562,786,1046]
