[0,71,291,404,1193,1402,1661,1715,2019]
[0,291,736,1402,1661,2019]
[0,736,1210,1402,2019]
[0,736,925,1210,1402,2019]
[0,291,736,1193,1402,1661,2019]
[0,736,925,1049,1193,1402,2019]
[0,71,736,1193,1402,2019]
[0,736,1049,1193,1402,2019]
[0,925,1049,1193,1402,2019]
[0,925,1385,2019]
[0,952,1402,2019]
[0,71,291,404,736,1193,1402,2019]
[0,291,1193,1402,1661,2019]
[0,736,925,1193,1402,2019]
[0,291,736,925,1193,1402,2019]
[0,129,952,1402,2019]
[0,291,736,1402,2019]
[0,71,736,925,1076,1210,1402,2019]
[0,71,291,404,1193,1402,2019]
[0,291,404,1193,1402,2019]
[0,1264,2019]
[0,291,736,1193,1402,2019]
[0,291,404,1193,1402,1661,2019]
[0,71,291,404,736,925,1193,1402,1661,2019]
[0,925,2019]
[0,71,925,1402,2019]
[0,1049,1193,1402,2019]
[0,1076,1210,1402,2019]
[0,291,1264,2019]
[0,925,1402,2019]
[0,736,925,1076,1210,1402,2019]
[0,736,2019]
[0,71,1402,2019]
[0,1210,1402,2019]
[0,925,1210,1402,2019]
[0,736,1193,1402,2019]
[0,291,2019]
[0,291,1193,1402,2019]
[0,71,1193,1402,2019]
[0,129,925,1385,2019]
[0,71,2019]
[0,1193,1402,2019]
[0,71,291,404,1193,1402,1661,2019]
[0,291,404,736,925,1193,1402,1661,2019]
[0,736,1402,2019]
[0,925,1076,1210,1402,2019]
[0,291,1402,2019]
[0,291,736,925,1193,1402,1661,2019]
[0,71,291,404,736,1193,1402,1661,1715,2019]
[0,1402,2019]
[0,71,291,404,736,925,1193,1402,1661,1715,2019]
[0,291,404,736,1193,1402,2019]
[0,291,404,736,1193,1402,1661,2019]
[0,71,736,925,1193,1402,2019]
[0,291,1402,1661,2019]
[0,71,291,404,736,1193,1402,1661,2019]
[0,71,291,404,736,925,1193,1402,2019]
[0,291,404,1193,1402,1661,1715,2019]
[0,71,736,925,1049,1193,1402,2019]
[0,291,404,736,925,1193,1402,2019]
