[0,203,633,934,1189,1600,1845,2053]
[0,228,633,1189,1845,2053]
[0,1082,2053]
[0,203,633,1189,1845,2053]
[0,170,812,934,1123,1807,1962,2053]
[0,228,633,1189,2053]
[0,228,462,636,934,1123,1293,1600,1807,2053]
[0,245,668,1123,2053]
[0,462,1401,2053]
[0,228,462,636,1123,1293,1600,1807,1962,2053]
[0,228,462,636,812,934,1123,1293,1600,1807,2053]
[0,633,934,1189,2053]
[0,812,934,2053]
[0,633,934,1189,1845,2053]
[0,462,1401,1807,2053]
[0,812,1001,1401,1807,2053]
[0,462,812,1123,1807,2053]
[0,170,462,812,934,1123,1401,1807,2053]
[0,1845,2053]
[0,462,1123,1563,2053]
[0,1189,2053]
[0,934,1563,2053]
[0,462,812,1401,2053]
[0,170,2053]
[0,170,462,812,934,1123,1401,1563,1807,1962,2053]
[0,170,462,812,1001,1401,1807,2053]
[0,462,812,1001,1401,1807,2053]
[0,462,812,1401,1807,2053]
[0,170,462,812,1401,1563,1807,1962,2053]
[0,170,812,934,1123,1962,2053]
[0,170,812,934,1962,2053]
[0,203,636,934,1123,1600,1845,2053]
[0,812,1123,2053]
[0,203,462,633,934,1189,1600,1845,2053]
[0,812,1123,1401,2053]
[0,170,462,704,812,1001,1401,1563,1807,1962,2053]
[0,462,1123,2053]
[0,170,462,812,1123,1401,1563,2053]
[0,1563,2053]
[0,170,934,1563,2053]
[0,633,934,1189,1600,2053]
[0,1807,2053]
[0,812,1401,1807,2053]
[0,170,462,812,934,1123,1401,1563,1807,2053]
[0,170,462,704,812,934,1123,1401,1563,1807,2053]
[0,170,462,812,934,1123,1401,1807,1962,2053]
[0,170,462,812,1001,1401,1563,1807,2053]
[0,170,462,704,812,1401,1563,1807,2053]
[0,462,812,1123,2053]
[0,1189,1845,2053]
[0,633,1189,2053]
[0,704,2053]
[0,228,636,812,934,1123,1293,1600,1807,1962,2053]
[0,170,462,812,934,1123,1807,1962,2053]
[0,462,812,1123,1401,1807,2053]
[0,203,636,1123,1600,1845,2053]
[0,170,812,934,1123,2053]
[0,170,462,704,812,1001,1401,1563,1807,2053]
[0,228,636,1123,1600,1807,1962,2053]
[0,170,462,1401,1807,1962,2053]
[0,812,1123,1563,2053]
[0,704,812,1563,2053]
[0,1401,1807,2053]
[0,633,1189,1600,2053]
[0,633,1563,2053]
[0,633,2053]
[0,170,462,812,1123,1401,1563,1807,2053]
[0,170,462,1401,1563,1807,1962,2053]
[0,704,1563,2053]
[0,228,636,1123,1600,1807,2053]
[0,170,462,704,812,1401,1563,1807,1962,2053]
[0,228,636,1123,1962,2053]
[0,1123,1563,2053]
[0,203,633,934,1189,1845,2053]
[0,934,1962,2053]
[0,228,462,636,1123,1293,1600,1807,2053]
[0,812,1401,2053]
[0,1123,1807,2053]
[0,668,1123,1845,2053]
[0,462,812,1123,1563,2053]
[0,203,636,934,1123,1293,1600,1845,2053]
[0,1962,2053]
[0,170,812,1123,1962,2053]
[0,203,636,1123,1293,1600,1845,2053]
[0,934,2053]
[0,636,1123,1845,2053]
[0,170,1401,1807,2053]
[0,170,462,812,1401,1563,1807,2053]
[0,170,462,704,812,934,1123,1401,1563,1807,1962,2053]
[0,170,1563,2053]
[0,228,636,934,1123,1293,1600,1807,1962,2053]
[0,704,812,2053]
[0,228,462,636,934,1123,1600,1807,2053]
[0,170,812,934,2053]
[0,228,636,1123,1807,2053]
[0,228,636,1123,1293,1600,1807,1962,2053]
[0,203,462,633,934,1189,1845,2053]
[0,1123,2053]
[0,170,812,1123,1563,2053]
[0,636,1123,1807,2053]
[0,170,812,1123,1807,2053]
[0,636,1123,1600,2053]
[0,170,812,2053]
[0,228,636,934,1123,1600,1807,2053]
[0,170,462,812,1123,1401,1563,1962,2053]
[0,170,462,812,1123,1962,2053]
[0,170,812,1123,2053]
[0,170,462,1401,1563,1807,2053]
[0,228,636,1123,2053]
[0,633,1189,1845,2053]
[0,170,462,812,1123,2053]
[0,636,1123,1600,1845,2053]
[0,228,462,636,1123,1600,1807,2053]
[0,228,462,636,812,934,1123,1293,1600,1807,1962,2053]
[0,812,2053]
[0,203,636,1123,1845,2053]
[0,812,1123,1962,2053]
[0,170,462,812,934,1123,1807,2053]
[0,668,1123,2053]
[0,812,1123,1807,2053]
[0,170,462,812,1123,1401,1807,2053]
[0,1123,1962,2053]
[0,170,462,812,1123,1563,1962,2053]
[0,170,812,934,1563,2053]
[0,170,462,812,1123,1563,2053]
[0,1123,1845,2053]
[0,462,812,1123,1401,2053]
[0,812,1123,1401,1807,2053]
[0,1401,2053]
[0,170,462,812,1123,1807,2053]
[0,228,636,812,934,1123,1293,1600,1807,2053]
[0,812,934,1962,2053]
[0,228,636,1123,1293,1600,1807,2053]
[0,170,812,934,1123,1807,2053]
[0,633,934,1189,1600,1845,2053]
[0,636,1123,2053]
[0,228,636,1123,1807,1962,2053]
[0,228,636,934,1123,1293,1600,1807,2053]
[0,170,462,1401,1807,2053]
[0,170,462,812,1401,1807,2053]
[0,636,1123,1962,2053]
