[0,123,439,588,636,976,1427]
[0,123,439,695,1427]
[0,123,439,1427]
[0,530,695,1046,1427]
[0,530,588,1046,1427]
[0,123,439,695,1046,1294,1427]
[0,439,976,1046,1427]
[0,123,439,695,976,1046,1294,1427]
[0,439,695,1032,1294,1427]
[0,530,588,1360,1427]
[0,123,530,976,1427]
[0,123,530,976,1046,1427]
[0,123,530,695,976,1046,1427]
[0,439,695,1046,1427]
[0,530,1046,1427]
[0,123,439,976,1427]
[0,123,439,695,976,1046,1427]
[0,691,1032,1294,1427]
[0,123,398,530,976,1046,1294,1427]
[0,439,1046,1427]
[0,439,1427]
[0,976,1427]
[0,123,530,695,1046,1427]
[0,366,588,1427]
[0,439,588,1427]
[0,530,976,1046,1427]
[0,123,439,695,976,1032,1360,1427]
[0,695,1032,1294,1427]
[0,123,530,588,695,976,1032,1360,1427]
[0,123,691,1032,1427]
[0,123,439,976,1046,1427]
[0,123,398,530,695,1046,1294,1427]
[0,123,1360,1427]
[0,439,976,1032,1427]
[0,530,695,1046,1294,1427]
[0,588,1427]
[0,123,1032,1427]
[0,366,588,1032,1427]
[0,123,530,976,1046,1294,1427]
[0,123,530,1360,1427]
[0,123,439,1360,1427]
[0,398,530,976,1294,1427]
[0,123,1427]
[0,123,530,588,976,1032,1360,1427]
[0,439,695,1046,1294,1427]
[0,123,587,695,1032,1427]
[0,123,398,530,976,1294,1427]
[0,123,439,976,1032,1427]
[0,695,1427]
[0,366,1032,1294,1427]
[0,123,530,695,1427]
[0,123,587,695,1032,1294,1427]
[0,123,530,695,976,1046,1294,1427]
[0,1032,1427]
[0,123,976,1427]
[0,123,1032,1294,1427]
[0,530,1427]
[0,123,398,530,588,695,976,1046,1294,1427]
[0,530,1032,1360,1427]
[0,123,439,695,1360,1427]
[0,439,976,1427]
[0,123,439,695,1032,1427]
[0,123,691,1032,1294,1427]
[0,123,530,695,1032,1360,1427]
[0,123,439,1032,1360,1427]
[0,123,398,530,588,976,1046,1294,1427]
[0,695,1032,1427]
[0,439,588,976,1427]
[0,530,588,1427]
[0,588,976,1427]
[0,580,1427]
[0,123,976,1046,1427]
[0,530,695,1360,1427]
[0,530,695,1032,1427]
[0,398,530,976,1427]
[0,123,439,695,1032,1294,1427]
[0,123,439,695,1032,1360,1427]
[0,123,439,695,976,1032,1294,1427]
[0,123,587,695,1427]
[0,366,1427]
[0,439,1032,1360,1427]
[0,123,530,695,1360,1427]
[0,123,695,1032,1294,1427]
[0,123,530,976,1294,1427]
[0,530,588,1032,1360,1427]
[0,123,1294,1427]
[0,123,530,588,976,1046,1294,1427]
[0,439,695,1032,1427]
[0,123,439,695,976,1032,1427]
[0,530,1360,1427]
[0,123,439,588,1427]
[0,366,1294,1427]
[0,530,1032,1427]
[0,439,1360,1427]
[0,123,439,588,976,1427]
[0,439,1032,1427]
[0,123,530,588,1032,1360,1427]
[0,530,976,1294,1427]
[0,123,580,691,1032,1427]
[0,123,398,530,976,1427]
[0,123,580,691,1427]
[0,123,580,691,1032,1294,1427]
[0,123,530,695,1032,1427]
[0,123,530,1427]
[0,691,1032,1427]
[0,123,530,588,1360,1427]
[0,439,976,1032,1360,1427]
[0,530,695,1427]
[0,398,530,695,1046,1294,1427]
[0,123,695,1427]
[0,530,588,976,1046,1427]
[0,123,530,695,1046,1294,1427]
[0,439,695,1427]
[0,366,1032,1427]
[0,123,439,695,1046,1427]
[0,1294,1427]
[0,123,398,530,695,976,1046,1294,1427]
[0,366,588,1032,1294,1427]
[0,123,530,1032,1360,1427]
[0,1032,1294,1427]
[0,530,976,1427]
[0,123,439,976,1032,1360,1427]
[0,123,530,1032,1427]
[0,123,530,588,695,1032,1360,1427]
[0,530,588,976,1032,1360,1427]
[0,123,439,1032,1427]
[0,123,695,1032,1427]
[0,123,439,588,636,1427]
[0,123,580,1427]
[0,123,530,588,976,1046,1427]
