[0,948,1519,2120]
[0,440,948,1313,1588,2020,2120]
[0,688,802,957,1313,1519,2020,2120]
[0,688,948,1519,2120]
[0,440,1313,1588,2020,2120]
[0,1456,2120]
[0,435,802,957,1313,1588,2120]
[0,1588,2120]
[0,1040,2120]
[0,688,802,957,1313,1519,2120]
[0,435,688,948,1519,2120]
[0,1313,2020,2120]
[0,435,802,957,1313,1519,2020,2120]
[0,440,1313,1588,2120]
[0,435,688,948,1313,1519,2120]
[0,435,688,948,1313,1519,2020,2120]
[0,435,957,1313,1519,2120]
[0,435,802,957,1313,1519,2120]
[0,1519,2120]
[0,957,1313,1588,2120]
[0,1313,1588,2120]
[0,1040,1313,2120]
[0,435,802,957,1313,1588,2020,2120]
[0,802,957,1313,1588,2120]
[0,688,1313,1519,2120]
[0,948,1040,1313,2120]
[0,688,948,2020,2120]
[0,688,948,2120]
[0,440,948,2120]
[0,688,948,1313,1519,2020,2120]
[0,435,957,1313,2120]
[0,1040,1313,1519,2120]
[0,948,1040,1313,1519,2120]
[0,957,1313,1519,2120]
[0,948,1588,2120]
[0,948,1040,2120]
[0,1456,2020,2120]
[0,688,1313,2120]
[0,440,948,2020,2120]
[0,440,1313,2120]
[0,2020,2120]
[0,440,2120]
[0,957,2120]
[0,688,948,1313,1519,2120]
[0,948,2120]
[0,435,1313,2120]
[0,1313,1519,2120]
[0,688,948,1040,1313,1519,2120]
[0,802,957,1313,1519,2120]
[0,435,957,1313,1588,2120]
[0,440,948,1588,2120]
[0,435,2120]
[0,688,2120]
[0,1313,2120]
[0,957,1313,2120]
[0,440,948,1313,1588,2120]
