[0,223,393,874,1419]
[0,223,393,616,673,874,946,1278,1371,1419]
[0,234,325,673,1419]
[0,223,616,673,874,946,1200,1278,1419]
[0,223,616,874,1419]
[0,223,616,874,1200,1278,1419]
[0,874,946,1278,1371,1419]
[0,223,408,874,1278,1371,1419]
[0,223,393,874,946,1278,1419]
[0,223,393,616,874,1419]
[0,720,1419]
[0,223,393,874,946,1200,1278,1419]
[0,223,393,616,673,874,946,1200,1278,1371,1419]
[0,616,874,1278,1419]
[0,874,946,1278,1419]
[0,234,325,673,946,1419]
[0,223,393,1419]
[0,234,325,673,874,946,1419]
[0,874,1419]
[0,995,1419]
[0,616,673,874,946,1278,1419]
[0,223,874,1278,1419]
[0,616,673,874,946,1419]
[0,325,874,1419]
[0,720,1308,1419]
[0,234,325,874,946,1278,1371,1419]
[0,223,874,1278,1371,1419]
[0,325,874,946,1419]
[0,223,393,616,874,1278,1419]
[0,673,1419]
[0,223,408,1419]
[0,616,673,874,946,1278,1371,1419]
[0,234,325,874,946,1278,1419]
[0,234,325,874,1419]
[0,223,616,673,874,946,1278,1419]
[0,1278,1419]
[0,234,325,874,1278,1371,1419]
[0,617,995,1419]
[0,223,874,1419]
[0,234,325,874,946,1419]
[0,223,393,616,673,874,946,1278,1419]
[0,223,408,874,946,1278,1371,1419]
[0,223,393,874,1278,1419]
[0,223,874,946,1278,1419]
[0,234,325,673,874,946,1278,1419]
[0,629,874,1419]
[0,234,325,874,1278,1419]
[0,234,874,1419]
[0,629,874,1308,1419]
[0,325,673,946,1419]
[0,234,720,1308,1419]
[0,223,1419]
[0,616,874,1419]
[0,673,874,1419]
[0,1308,1419]
[0,234,325,1419]
[0,234,1419]
[0,874,946,1419]
[0,223,408,874,1278,1419]
[0,223,408,874,946,1278,1419]
[0,223,393,616,673,874,946,1200,1278,1419]
[0,874,1278,1419]
[0,234,1278,1419]
[0,223,616,874,1278,1419]
[0,234,325,1278,1419]
[0,325,673,874,1278,1419]
[0,234,629,874,1308,1419]
[0,234,325,673,874,1278,1419]
[0,616,874,946,1278,1419]
[0,234,629,874,1419]
[0,874,1278,1371,1419]
[0,234,325,616,673,874,946,1278,1419]
[0,673,946,1419]
[0,223,393,616,874,1200,1278,1419]
[0,223,393,616,874,946,1200,1278,1419]
[0,223,874,946,1278,1371,1419]
[0,223,393,874,1200,1278,1419]
[0,223,393,616,874,946,1278,1419]
[0,234,720,1419]
[0,874,1308,1419]
[0,325,673,1419]
[0,325,673,874,1419]
[0,223,408,874,1419]
[0,223,616,673,874,946,1200,1278,1371,1419]
[0,223,616,673,874,946,1278,1371,1419]
[0,234,325,616,673,874,946,1419]
[0,325,874,1278,1419]
[0,223,616,874,946,1278,1419]
[0,234,325,616,673,874,946,1278,1371,1419]
[0,616,874,946,1419]
[0,223,616,874,946,1200,1278,1419]
