[0,175,363,1330,1427]
[0,239,713,1330,1427]
[0,175,363,726,1330,1427]
[0,175,388,487,645,1427]
[0,175,388,487,1427]
[0,175,239,388,645,713,1330,1427]
[0,175,363,523,1330,1427]
[0,239,713,837,1427]
[0,175,239,713,837,1330,1427]
[0,239,1427]
[0,175,239,363,523,1330,1427]
[0,837,1427]
[0,175,388,713,837,1330,1427]
[0,175,388,645,713,837,1330,1427]
[0,175,388,487,713,837,1330,1427]
[0,175,363,713,1427]
[0,388,1427]
[0,175,239,1427]
[0,239,837,1427]
[0,175,239,837,1330,1427]
[0,175,363,523,1427]
[0,175,388,487,645,1330,1427]
[0,175,239,645,713,837,1330,1427]
[0,175,388,713,837,1427]
[0,239,713,1427]
[0,175,239,363,713,837,1330,1427]
[0,175,388,487,645,713,1330,1427]
[0,175,388,487,713,837,1427]
[0,239,645,713,837,1330,1427]
[0,713,1427]
[0,175,239,388,1330,1427]
[0,363,713,1427]
[0,175,388,487,1330,1427]
[0,175,363,713,837,1427]
[0,645,713,837,1330,1427]
[0,645,1330,1427]
[0,175,388,645,713,1330,1427]
[0,239,837,1330,1427]
[0,175,388,1330,1427]
[0,175,239,388,645,713,837,1330,1427]
[0,175,239,363,726,1330,1427]
[0,175,363,1427]
[0,257,1330,1427]
[0,239,713,837,1330,1427]
[0,713,837,1427]
[0,175,239,645,713,1330,1427]
[0,175,363,726,1427]
[0,175,388,645,1427]
[0,1330,1427]
[0,175,239,388,487,645,713,1330,1427]
[0,363,1330,1427]
[0,837,1330,1427]
[0,175,239,713,1330,1427]
[0,175,388,713,1427]
[0,239,1330,1427]
[0,388,1330,1427]
[0,239,645,713,1330,1427]
[0,645,1427]
[0,175,388,487,645,713,837,1330,1427]
[0,175,363,713,837,1330,1427]
[0,713,837,1330,1427]
[0,175,239,363,1330,1427]
[0,175,388,1427]
[0,645,713,1330,1427]
[0,726,1427]
[0,363,1427]
[0,363,726,1427]
[0,175,239,388,487,1330,1427]
[0,175,388,713,1330,1427]
[0,388,645,1427]
[0,388,713,1427]
[0,175,363,713,1330,1427]
[0,175,239,1330,1427]
[0,257,1427]
[0,175,239,388,487,645,713,837,1330,1427]
