[0,290,809,973,1108,1427]
[0,613,893,1427]
[0,893,1427]
[0,290,613,809,973,1310,1427]
[0,290,613,809,973,1108,1310,1427]
[0,809,921,1427]
[0,809,978,1427]
[0,613,921,1427]
[0,921,1427]
[0,320,1427]
[0,295,613,847,978,1427]
[0,290,613,698,809,978,1108,1310,1427]
[0,290,809,921,1427]
[0,1108,1427]
[0,290,613,809,978,1108,1427]
[0,290,1108,1427]
[0,290,613,921,1427]
[0,613,978,1427]
[0,290,921,1310,1427]
[0,809,973,1427]
[0,978,1427]
[0,290,978,1427]
[0,613,1310,1427]
[0,290,613,1108,1310,1427]
[0,290,809,978,1427]
[0,290,809,1108,1310,1427]
[0,290,613,698,809,893,973,1108,1310,1427]
[0,290,613,973,1108,1427]
[0,290,613,973,1108,1310,1427]
[0,295,613,978,1427]
[0,290,809,921,1310,1427]
[0,290,809,978,1310,1427]
[0,973,1427]
[0,290,613,698,809,921,1108,1310,1427]
[0,290,973,1427]
[0,290,613,847,978,1310,1427]
[0,290,613,847,973,1427]
[0,290,613,809,973,1108,1427]
[0,290,809,973,1427]
[0,320,613,1427]
[0,290,613,809,921,1108,1310,1427]
[0,320,613,893,1427]
[0,290,613,847,973,1108,1310,1427]
[0,290,613,698,809,973,1108,1310,1427]
[0,264,613,1427]
[0,290,613,698,809,973,1310,1427]
[0,290,613,698,809,893,978,1108,1310,1427]
[0,290,613,978,1310,1427]
[0,809,1108,1427]
[0,290,613,809,978,1108,1310,1427]
[0,613,1427]
[0,613,1108,1427]
[0,290,613,1427]
[0,1108,1310,1427]
[0,290,809,973,1310,1427]
[0,290,613,921,1108,1427]
[0,290,809,1108,1427]
[0,290,613,847,978,1427]
[0,295,613,847,978,1310,1427]
[0,290,921,1427]
[0,290,1108,1310,1427]
[0,290,613,1108,1427]
[0,1310,1427]
[0,290,613,978,1427]
[0,290,613,921,1108,1310,1427]
[0,290,809,921,1108,1310,1427]
[0,290,613,809,978,1310,1427]
[0,290,613,809,978,1427]
[0,613,973,1427]
[0,290,613,847,973,1108,1427]
[0,290,613,698,809,978,1310,1427]
[0,295,1427]
[0,295,613,978,1310,1427]
[0,264,613,893,1427]
[0,290,613,973,1427]
[0,290,613,809,973,1427]
[0,290,613,698,847,973,1108,1310,1427]
[0,290,809,973,1108,1310,1427]
[0,264,1427]
[0,295,613,1427]
[0,290,1427]
