[0,344,587,777,979,1046]
[0,558,979,1046]
[0,558,1046]
[0,587,979,1046]
[0,222,344,587,1046]
[0,222,344,558,652,777,979,1046]
[0,222,344,558,777,979,1046]
[0,222,315,558,979,1046]
[0,587,777,979,1046]
[0,222,344,587,777,979,1046]
[0,558,777,979,1046]
[0,222,777,1046]
[0,315,558,1046]
[0,315,558,652,1046]
[0,222,344,558,1046]
[0,222,315,558,777,979,1046]
[0,222,979,1046]
[0,315,558,777,1046]
[0,315,558,652,777,1046]
[0,222,315,558,652,777,979,1046]
[0,344,587,777,1046]
[0,218,344,587,1046]
[0,222,344,587,777,1046]
[0,218,344,587,777,979,1046]
[0,222,315,558,652,777,1046]
[0,344,558,777,979,1046]
[0,558,652,1046]
[0,777,1046]
[0,344,587,979,1046]
[0,222,344,558,652,1046]
[0,161,222,315,558,652,777,979,1046]
[0,218,344,587,777,1046]
[0,222,344,587,979,1046]
[0,315,558,979,1046]
[0,979,1046]
[0,344,587,1046]
[0,222,315,558,1046]
[0,344,558,777,1046]
[0,161,222,315,558,777,979,1046]
[0,222,315,558,652,1046]
[0,222,344,558,652,777,1046]
[0,558,777,1046]
[0,587,777,1046]
[0,222,1046]
[0,222,315,558,777,1046]
[0,558,652,777,1046]
[0,161,222,315,558,979,1046]
[0,222,344,558,777,1046]
[0,344,558,1046]
[0,587,1046]
