[0,120,553,909,1217,1465,2019]
[0,1075,1718,2019]
[0,553,917,1573,1775,2019]
[0,137,304,367,553,917,1198,1573,1775,2019]
[0,137,304,553,917,1573,1775,2019]
[0,120,2019]
[0,120,559,909,1573,1758,2019]
[0,917,1198,1573,1775,2019]
[0,120,1573,1758,2019]
[0,909,1485,2019]
[0,909,1198,1573,1758,2019]
[0,120,553,909,1217,1465,1742,2019]
[0,909,1573,2019]
[0,553,909,1465,1742,2019]
[0,304,553,917,1198,1573,1775,2019]
[0,559,909,1198,1573,2019]
[0,120,400,559,909,1198,1573,1758,2019]
[0,553,917,1573,2019]
[0,553,909,1217,1465,1742,2019]
[0,917,1198,1573,2019]
[0,120,909,2019]
[0,553,2019]
[0,304,553,909,1217,1465,1742,2019]
[0,892,2019]
[0,304,559,909,1217,1485,2019]
[0,137,553,917,1573,1775,2019]
[0,137,553,1573,1775,2019]
[0,559,1573,1758,2019]
[0,1262,2019]
[0,120,559,1573,1758,2019]
[0,304,553,917,1573,1775,2019]
[0,304,553,1573,1775,2019]
[0,553,909,1217,2019]
[0,553,909,2019]
[0,304,553,917,1198,1573,2019]
[0,137,2019]
[0,137,553,917,1198,1337,1573,1775,2019]
[0,120,304,553,909,1217,1465,1742,2019]
[0,137,304,367,553,1573,1775,2019]
[0,304,553,917,1198,1337,1573,1775,2019]
[0,137,304,553,917,1198,1573,1775,2019]
[0,137,304,553,1573,1775,2019]
[0,1573,1775,2019]
[0,553,917,1198,1337,1573,1775,2019]
[0,553,909,1485,2019]
[0,1198,1573,2019]
[0,909,1573,1758,2019]
[0,553,917,1198,1573,2019]
[0,304,559,909,1217,1485,1790,2019]
[0,120,559,909,1217,1485,1790,2019]
[0,553,1573,2019]
[0,137,1573,1775,2019]
[0,553,917,2019]
[0,137,304,553,917,1198,1337,1573,1775,2019]
[0,553,909,1742,2019]
[0,559,909,2019]
[0,120,304,559,909,1217,1485,1790,2019]
[0,264,400,559,909,1198,1573,1758,2019]
[0,137,511,2019]
[0,304,553,1198,1573,2019]
[0,917,2019]
[0,559,909,1198,1573,1758,2019]
[0,304,553,1573,2019]
[0,553,909,1485,1790,2019]
[0,137,304,553,917,1198,1337,1573,1775,1910,2019]
[0,304,553,917,1573,2019]
[0,917,1573,1775,2019]
[0,120,559,909,1198,1573,1758,2019]
[0,1075,2019]
[0,1198,1573,1775,2019]
[0,1573,1758,2019]
[0,137,304,367,553,917,1198,1337,1573,1775,2019]
[0,137,511,892,2019]
[0,559,909,1790,2019]
[0,553,1573,1775,2019]
[0,511,892,1775,2019]
[0,917,1573,2019]
[0,559,1573,2019]
[0,511,892,2019]
[0,553,909,1217,1485,2019]
[0,909,1198,1573,2019]
[0,137,304,367,1573,1775,2019]
[0,559,909,1485,1790,2019]
[0,137,304,367,553,917,1573,1775,2019]
[0,1262,1775,2019]
[0,304,553,909,1465,1742,2019]
[0,559,909,1217,2019]
[0,553,909,1217,1465,2019]
[0,367,1560,2019]
[0,511,2019]
[0,120,559,909,1790,2019]
[0,553,1198,1573,2019]
[0,553,917,1198,1573,1775,2019]
[0,553,909,1217,1485,1790,2019]
[0,120,559,909,1485,1790,2019]
[0,559,909,1217,1485,2019]
[0,909,2019]
[0,559,2019]
[0,137,553,917,1198,1573,1775,2019]
[0,1560,2019]
[0,120,553,909,2019]
[0,304,1573,2019]
[0,120,553,909,1217,2019]
[0,137,304,1573,1775,2019]
[0,400,559,909,1198,1573,1758,2019]
[0,120,559,909,2019]
[0,1198,1573,1758,2019]
[0,120,264,400,559,909,1198,1573,1758,2019]
[0,559,909,1485,2019]
[0,559,909,1573,2019]
[0,304,1573,1775,2019]
[0,137,511,892,1775,2019]
[0,559,909,1573,1758,2019]
[0,1573,2019]
[0,559,909,1217,1485,1790,2019]
[0,553,909,1790,2019]
