[0,46,114,295,399,524,980,1046]
[0,295,572,828,1046]
[0,399,605,809,873,1046]
[0,295,399,809,873,934,1046]
[0,46,295,873,1046]
[0,46,114,295,394,605,809,873,1046]
[0,46,114,295,394,1046]
[0,114,399,828,1046]
[0,114,295,399,605,809,873,980,1046]
[0,394,809,1046]
[0,46,114,295,399,605,809,873,980,1046]
[0,114,295,399,605,980,1046]
[0,394,605,809,1046]
[0,295,399,572,828,980,1046]
[0,46,114,295,394,497,605,828,1046]
[0,295,394,497,828,1046]
[0,114,295,394,497,605,828,980,1046]
[0,114,295,399,524,1046]
[0,399,809,1046]
[0,114,394,828,1046]
[0,46,114,295,399,809,873,1046]
[0,114,295,394,497,605,828,1046]
[0,114,295,394,828,1046]
[0,605,809,1046]
[0,295,394,828,1046]
[0,295,394,809,873,1046]
[0,46,114,295,399,605,809,873,1046]
[0,114,295,399,809,1046]
[0,295,399,809,1046]
[0,295,394,605,809,1046]
[0,114,399,605,1046]
[0,524,1046]
[0,295,1046]
[0,114,394,605,809,1046]
[0,46,295,399,572,828,980,1046]
[0,394,873,934,1046]
[0,399,572,828,1046]
[0,114,295,399,605,809,980,1046]
[0,114,394,1046]
[0,394,828,1046]
[0,46,114,295,399,828,1046]
[0,46,114,295,399,572,828,1046]
[0,399,828,1046]
[0,497,828,1046]
[0,295,399,605,980,1046]
[0,46,114,295,399,1046]
[0,605,809,873,934,1046]
[0,46,114,295,394,605,809,873,934,1046]
[0,46,114,295,394,497,828,1046]
[0,46,114,295,399,809,873,934,1046]
[0,114,295,399,980,1046]
[0,399,605,809,873,934,1046]
[0,295,399,809,873,1046]
[0,295,399,1046]
[0,295,399,605,809,873,1046]
[0,399,873,934,1046]
[0,46,114,295,394,809,873,934,1046]
[0,114,295,394,809,873,1046]
[0,114,295,394,809,1046]
[0,295,394,809,1046]
[0,295,394,605,809,873,934,1046]
[0,114,295,399,572,828,1046]
[0,114,295,572,828,1046]
[0,295,524,1046]
[0,46,114,295,399,605,980,1046]
[0,46,114,295,394,497,605,828,980,1046]
[0,114,295,394,605,809,1046]
[0,46,394,1046]
[0,114,295,497,828,1046]
[0,114,295,399,524,980,1046]
[0,295,394,1046]
[0,114,295,399,605,809,873,934,1046]
[0,46,114,295,399,605,809,873,934,1046]
[0,114,295,399,605,809,873,1046]
[0,295,572,1046]
[0,114,295,399,605,1046]
[0,295,399,605,1046]
[0,46,114,295,394,809,873,1046]
[0,394,809,873,934,1046]
[0,114,399,1046]
[0,114,295,394,497,828,1046]
[0,399,1046]
[0,114,295,497,605,828,1046]
[0,295,399,572,828,1046]
[0,295,399,605,809,1046]
[0,399,934,1046]
[0,295,497,828,1046]
[0,295,394,605,809,873,1046]
[0,114,295,399,1046]
[0,295,873,1046]
[0,572,828,1046]
[0,399,809,873,934,1046]
[0,394,934,1046]
[0,114,295,399,809,873,1046]
[0,46,114,295,399,980,1046]
[0,114,295,394,605,809,873,934,1046]
[0,114,572,828,1046]
[0,114,295,399,809,873,934,1046]
[0,605,809,873,1046]
[0,114,295,524,1046]
[0,114,524,1046]
[0,46,114,295,394,828,1046]
[0,114,295,394,1046]
[0,114,295,394,605,809,873,1046]
[0,114,295,394,605,809,873,980,1046]
[0,114,399,605,809,1046]
[0,394,1046]
[0,295,399,980,1046]
[0,399,605,809,1046]
[0,572,1046]
[0,605,1046]
[0,114,399,809,1046]
[0,295,399,828,1046]
[0,114,295,399,828,1046]
[0,605,980,1046]
[0,394,809,873,1046]
[0,295,394,809,873,934,1046]
[0,46,114,295,394,605,809,873,980,1046]
[0,114,394,809,1046]
[0,497,1046]
[0,399,809,873,1046]
[0,295,399,605,809,873,934,1046]
[0,114,295,394,809,873,934,1046]
[0,114,295,399,605,809,1046]
[0,114,295,394,605,809,980,1046]
[0,399,605,1046]
