[0,300,719,1046]
[0,220,300,574,681,886,1046]
[0,159,300,408,681,886,1046]
[0,220,300,719,1046]
[0,300,574,681,886,1046]
[0,105,300,408,719,886,958,1046]
[0,300,574,719,950,1046]
[0,220,300,408,719,886,958,1046]
[0,220,300,719,886,958,1046]
[0,300,615,1046]
[0,220,300,574,681,886,958,1046]
[0,681,1046]
[0,408,1046]
[0,220,300,1046]
[0,615,1046]
[0,300,681,1046]
[0,408,719,886,1046]
[0,159,408,681,886,958,1046]
[0,220,300,681,1046]
[0,300,1046]
[0,159,408,681,886,1046]
[0,300,681,942,1046]
[0,220,300,681,886,958,1046]
[0,220,300,408,681,886,958,1046]
[0,159,300,681,1046]
[0,408,719,1046]
[0,408,681,886,1046]
[0,159,300,408,681,886,958,1046]
[0,220,300,719,886,1046]
[0,300,408,719,886,1046]
[0,220,300,681,886,1046]
[0,105,300,408,719,886,1046]
[0,408,681,886,958,1046]
[0,220,408,719,1046]
[0,105,300,574,719,1046]
[0,300,574,719,1046]
[0,220,300,408,681,1046]
[0,300,408,719,886,958,1046]
[0,220,408,719,886,1046]
[0,220,408,681,886,1046]
[0,408,681,1046]
[0,105,300,719,1046]
[0,220,300,408,719,886,1046]
[0,300,719,886,1046]
[0,300,615,958,1046]
[0,300,681,886,1046]
[0,105,300,574,719,950,1046]
[0,220,300,408,681,886,1046]
[0,408,719,886,958,1046]
[0,220,408,681,1046]
[0,220,300,574,681,751,886,958,1046]
[0,719,1046]
[0,220,300,408,681,751,886,958,1046]
