[0,236,353,1423,1754,2020]
[0,236,353,765,1423,1754,2020]
[0,236,1423,1754,2020]
[0,765,935,2020]
[0,186,765,1727,2020]
[0,236,353,765,935,1310,1577,1754,2020]
[0,352,775,1423,1469,1754,2020]
[0,775,1398,2020]
[0,352,775,1398,1831,2020]
[0,765,1727,2020]
[0,765,935,1423,1754,2020]
[0,1310,2020]
[0,236,765,935,1310,1577,1754,2020]
[0,935,1310,2020]
[0,186,353,1423,2020]
[0,236,353,765,935,1310,1423,1577,1754,2020]
[0,1398,2020]
[0,775,2020]
[0,352,935,1310,1584,2020]
[0,1310,1584,2020]
[0,236,775,1310,1584,2020]
[0,775,1398,1831,2020]
[0,236,775,935,1310,1584,1754,2020]
[0,186,353,2020]
[0,352,775,1423,1754,2020]
[0,352,775,1423,1831,2020]
[0,775,1310,1584,2020]
[0,1423,1727,2020]
[0,186,765,935,1423,1727,2020]
[0,765,1423,2020]
[0,935,1310,1577,1754,2020]
[0,775,1754,2020]
[0,775,935,1584,1754,2020]
[0,236,775,935,1310,1423,1584,1754,2020]
[0,1310,1423,2020]
[0,186,1310,2020]
[0,236,1310,1584,2020]
[0,775,935,1310,1584,1754,2020]
[0,775,1584,2020]
[0,186,353,1423,1831,2020]
[0,236,1310,1584,1754,2020]
[0,1584,1754,2020]
[0,352,775,935,1310,1423,1584,1754,2020]
[0,236,765,935,1310,1423,1754,2020]
[0,935,1310,1584,2020]
[0,186,2020]
[0,186,1310,1423,2020]
[0,236,1310,1577,2020]
[0,186,765,935,1310,1423,1754,2020]
[0,1398,1831,2020]
[0,236,353,1754,2020]
[0,935,1423,1754,2020]
[0,935,1310,1584,1754,2020]
[0,1423,2020]
[0,236,775,1423,1754,2020]
[0,236,775,935,1310,1423,1754,2020]
[0,186,1310,1423,1831,2020]
[0,236,765,1423,1754,2020]
[0,186,765,935,1423,1754,2020]
[0,765,1423,1727,2020]
[0,352,775,1398,2020]
[0,765,935,1310,1423,1577,1754,2020]
[0,1310,1423,1754,2020]
[0,236,2020]
[0,1423,1831,2020]
[0,775,935,1423,1754,2020]
[0,775,935,1310,1423,1584,1754,2020]
[0,186,765,2020]
[0,765,935,1310,1577,1754,2020]
[0,236,765,935,1423,1754,2020]
[0,186,765,1423,2020]
[0,775,1423,1754,2020]
[0,236,765,1310,1577,1754,2020]
[0,765,1310,1577,2020]
[0,775,1423,1831,2020]
[0,186,765,1423,1754,2020]
[0,352,775,1398,1513,1831,2020]
[0,186,765,935,1727,2020]
[0,1310,1584,1754,2020]
[0,186,1423,2020]
[0,352,935,1310,1584,1754,2020]
[0,765,1577,2020]
[0,186,353,1310,1423,1831,2020]
[0,236,765,1310,1577,2020]
[0,186,1423,1831,2020]
[0,1754,2020]
[0,236,353,2020]
[0,186,765,1423,1727,2020]
[0,1831,2020]
[0,236,1310,1423,1754,2020]
[0,236,775,1310,1423,1754,2020]
[0,352,775,935,1310,1584,1754,2020]
[0,1310,1577,2020]
[0,765,935,1310,1423,1754,2020]
[0,236,775,935,1423,1754,2020]
[0,1577,1754,2020]
[0,775,935,1310,1423,1754,2020]
[0,186,353,765,935,1423,1727,2020]
[0,236,353,765,935,1310,1423,1754,2020]
[0,765,1423,1754,2020]
[0,236,1310,2020]
[0,1310,1577,1754,2020]
[0,1727,2020]
[0,775,1423,2020]
[0,775,1584,1754,2020]
[0,186,765,935,2020]
[0,236,1754,2020]
[0,352,775,1423,2020]
[0,186,353,765,935,1423,1727,1970,2020]
[0,935,1423,2020]
[0,935,1310,1423,1754,2020]
[0,765,2020]
[0,1577,2020]
[0,1423,1754,2020]
[0,236,1310,1577,1754,2020]
[0,352,935,1310,2020]
[0,935,1310,1577,2020]
[0,236,775,1310,1584,1754,2020]
[0,236,353,765,935,1423,1754,2020]
