[0,917,1293,2097,2189]
[0,1346,2189]
[0,894,1293,2189]
[0,1073,1575,2189]
[0,1293,2189]
[0,894,1114,1346,2189]
[0,894,1575,1745,2189]
[0,693,1575,2189]
[0,1360,2189]
[0,693,939,1575,2097,2189]
[0,1575,2097,2189]
[0,693,2189]
[0,693,939,1575,2189]
[0,1073,1575,2097,2189]
[0,894,939,2189]
[0,693,1575,2097,2189]
[0,894,939,1575,2189]
[0,1293,1745,2189]
[0,1293,1575,2097,2189]
[0,894,2189]
[0,894,1293,2097,2189]
[0,917,2189]
[0,894,1575,2189]
[0,894,1346,2189]
[0,917,1575,2189]
[0,917,1293,2189]
[0,894,939,1575,1745,2189]
[0,939,1360,2189]
[0,1575,2189]
[0,1293,1575,2189]
