[0,317,475,722,998,1249]
[0,204,499,998,1249]
[0,204,475,773,998,1249]
[0,317,475,1249]
[0,175,317,475,998,1249]
[0,317,458,998,1249]
[0,317,1249]
[0,722,1249]
[0,317,499,1249]
[0,175,317,475,722,998,1249]
[0,317,475,601,722,998,1249]
[0,317,458,722,998,1249]
[0,129,317,458,601,722,998,1249]
[0,475,1249]
[0,204,475,773,1009,1249]
[0,175,317,499,998,1249]
[0,499,1249]
[0,475,773,998,1249]
[0,129,317,458,998,1249]
[0,475,773,1009,1249]
[0,317,722,998,1249]
[0,317,773,998,1249]
[0,475,1009,1249]
[0,175,317,475,601,722,998,1249]
[0,129,317,458,1249]
[0,317,998,1249]
[0,204,998,1249]
[0,475,998,1249]
[0,998,1249]
[0,1009,1249]
[0,175,317,499,773,998,1249]
[0,317,475,998,1249]
[0,499,998,1249]
[0,317,951,1249]
[0,129,317,458,722,998,1249]
[0,317,458,1249]
[0,317,722,1249]
[0,458,1249]
[0,317,499,998,1249]
[0,317,499,773,998,1249]
