[0,813,2123,2824]
[0,856,2173,2494,2699,2824]
[0,856,2494,2699,2824]
[0,645,2494,2824]
[0,447,645,749,856,2173,2494,2699,2824]
[0,645,2494,2699,2824]
[0,447,856,2824]
[0,2123,2824]
[0,813,856,2494,2699,2824]
[0,2494,2699,2824]
[0,749,856,2494,2824]
[0,447,856,2173,2494,2699,2824]
[0,447,645,749,813,856,2494,2699,2824]
[0,645,813,2123,2824]
[0,813,2494,2824]
[0,447,645,749,813,856,2123,2173,2494,2699,2824]
[0,813,856,2494,2824]
[0,813,2824]
[0,749,856,2824]
[0,447,856,2173,2494,2824]
[0,447,645,749,813,856,2173,2494,2699,2824]
[0,645,2123,2824]
[0,447,856,2494,2824]
[0,645,856,2494,2824]
[0,813,856,2824]
[0,447,645,749,856,2494,2699,2824]
[0,447,856,2494,2699,2824]
[0,645,2824]
[0,447,749,856,2494,2699,2824]
[0,447,645,749,856,2123,2173,2494,2699,2824]
[0,749,856,2173,2494,2699,2824]
[0,447,749,856,2173,2494,2699,2824]
[0,2494,2824]
[0,645,749,813,856,2494,2699,2824]
[0,856,2494,2824]
[0,645,749,856,2494,2699,2824]
[0,856,2173,2494,2824]
[0,749,856,2494,2699,2824]
[0,856,2824]
[0,749,813,856,2494,2699,2824]
[0,645,856,2494,2699,2824]
