[0,107,363,724,963,1187,1755,2019]
[0,1090,1219,2019]
[0,534,2019]
[0,107,363,724,1755,2019]
[0,363,724,1090,1219,2019]
[0,363,724,963,1250,1755,2019]
[0,363,724,1090,1373,2019]
[0,107,363,724,1090,1219,1755,2019]
[0,363,724,1090,1219,1755,2019]
[0,57,363,724,963,2019]
[0,363,724,1250,2019]
[0,724,1090,1537,2019]
[0,724,1090,1187,2019]
[0,363,724,1219,2019]
[0,1491,2019]
[0,57,363,724,963,1250,1755,2019]
[0,363,1755,2019]
[0,57,363,724,1090,2019]
[0,363,724,1090,1187,1755,2019]
[0,107,363,724,2019]
[0,107,363,724,963,1755,2019]
[0,1755,2019]
[0,107,363,724,1090,1373,2019]
[0,534,1491,2019]
[0,107,363,724,963,1187,2019]
[0,1537,2019]
[0,1187,2019]
[0,363,724,1219,1755,2019]
[0,57,363,724,1090,1187,1755,2019]
[0,1090,1537,2019]
[0,363,724,1090,1537,2019]
[0,724,1090,1219,2019]
[0,363,724,963,1187,1755,2019]
[0,363,724,1090,1755,2019]
[0,363,724,1090,1187,2019]
[0,57,363,724,963,1187,1755,2019]
[0,57,363,724,2019]
[0,57,363,724,1090,1537,2019]
[0,363,724,963,2019]
[0,57,363,724,1090,1187,2019]
[0,57,363,2019]
[0,1090,1187,2019]
[0,363,724,1250,1755,2019]
[0,363,724,1755,2019]
[0,363,724,963,1755,2019]
[0,724,2019]
[0,107,363,724,1090,1219,2019]
[0,363,724,2019]
[0,363,724,1090,2019]
[0,363,1250,2019]
[0,363,2019]
[0,57,2019]
[0,107,363,724,963,1219,1755,2019]
[0,1219,2019]
[0,107,363,724,963,2019]
[0,363,724,963,1219,1755,2019]
[0,57,363,724,963,1755,2019]
[0,363,724,963,1187,2019]
[0,1250,2019]
[0,57,363,724,963,1187,2019]
[0,724,1090,2019]
[0,363,1219,2019]
