[0,120,410,540,804,1184,1418,1692,2189]
[0,540,804,1184,1692,2189]
[0,120,540,804,1184,1418,1692,2189]
[0,410,540,804,1184,1418,1692,2189]
[0,410,804,1001,1184,1418,1692,1996,2189]
[0,1001,2189]
[0,1184,1692,2189]
[0,1996,2189]
[0,120,540,804,1996,2189]
[0,410,1001,1184,1422,1692,2189]
[0,1231,1692,2189]
[0,120,410,540,804,1001,1184,1418,1692,1996,2189]
[0,120,1231,1692,2189]
[0,1184,1422,1692,2189]
[0,804,1184,1996,2189]
[0,410,804,1001,1184,1422,1692,2189]
[0,540,804,1001,1184,1418,1692,2189]
[0,120,540,1692,2189]
[0,540,804,2189]
[0,410,540,1692,2189]
[0,410,804,1184,1422,1692,2189]
[0,410,1001,1184,1418,1692,2189]
[0,804,1184,2189]
[0,120,540,1184,1418,1692,2189]
[0,1184,1418,1692,2189]
[0,410,804,1001,1184,1418,1692,2189]
[0,410,540,804,1001,1184,1418,1692,2189]
[0,410,1001,1184,1422,1692,1996,2189]
[0,410,1184,1418,1692,2189]
[0,120,410,540,804,1001,1184,1418,1692,2189]
[0,540,804,1184,2189]
[0,410,951,1692,2189]
[0,540,804,1996,2189]
[0,120,410,540,1184,1418,1692,2189]
[0,120,540,804,1184,1996,2189]
[0,804,2189]
[0,951,1692,2189]
[0,410,804,1692,2189]
[0,410,804,1184,1418,1692,1996,2189]
[0,1001,1692,2189]
[0,540,1184,1418,1692,2189]
[0,1422,1692,2189]
[0,410,1184,1422,1692,1996,2189]
[0,540,804,1692,2189]
[0,410,804,1184,1418,1692,2189]
[0,540,2189]
[0,410,804,1001,1184,1422,1692,1996,2189]
[0,540,1996,2189]
[0,1422,1692,1996,2189]
[0,1184,1552,2189]
[0,410,1422,1692,2189]
[0,540,804,1184,1418,1692,2189]
[0,410,2189]
[0,410,540,2189]
[0,804,1001,1184,1418,1692,2189]
[0,540,804,1184,1996,2189]
[0,120,410,540,804,1001,1184,1422,1692,1996,2189]
[0,120,410,540,804,1184,1422,1692,2189]
[0,120,1422,1692,2189]
[0,120,1692,2189]
[0,540,1418,1692,2189]
[0,410,540,804,1001,1184,1418,1692,1996,2189]
[0,410,1418,1692,2189]
[0,540,1692,2189]
[0,410,804,1184,1422,1692,1996,2189]
[0,120,540,1184,1418,1692,1996,2189]
[0,410,540,1418,1692,2189]
[0,1184,2189]
[0,120,540,1996,2189]
[0,410,951,2189]
[0,493,2189]
[0,410,540,1184,1422,1692,2189]
[0,410,1184,1418,1692,1996,2189]
[0,120,540,804,1001,1184,1418,1692,1996,2189]
[0,410,804,1422,1692,2189]
[0,410,540,804,1001,1184,1422,1692,2189]
[0,410,540,1184,1418,1692,2189]
[0,120,540,2189]
[0,1692,2189]
[0,410,1184,1422,1692,2189]
[0,120,410,540,804,1001,1184,1422,1692,2189]
[0,120,540,804,1692,2189]
[0,120,1184,1422,1692,2189]
[0,493,1552,2189]
[0,804,1184,1418,1692,2189]
[0,120,540,804,1001,1184,1418,1692,2189]
[0,410,1692,2189]
[0,804,1422,1692,1996,2189]
[0,804,1422,1692,2189]
[0,804,1184,1692,2189]
[0,120,410,540,1184,1422,1692,2189]
[0,410,804,1418,1692,2189]
[0,120,2189]
[0,120,1184,1418,1692,2189]
[0,804,1418,1692,2189]
[0,540,804,1001,1184,1418,1692,1996,2189]
[0,120,540,804,1184,1418,1692,1996,2189]
[0,804,1184,1418,1692,1996,2189]
[0,120,804,1422,1692,1996,2189]
[0,120,540,804,1184,1692,2189]
[0,120,1996,2189]
[0,120,1184,1552,1996,2189]
[0,1184,1552,1996,2189]
[0,804,1692,2189]
[0,410,1001,1184,1418,1692,1996,2189]
[0,410,540,1422,1692,2189]
[0,1552,2189]
[0,120,804,1422,1692,2189]
[0,951,2189]
[0,410,540,804,1001,1184,1422,1692,1996,2189]
[0,120,1001,2189]
[0,1184,1418,1692,1996,2189]
[0,1418,1692,2189]
[0,540,1184,1418,1692,1996,2189]
[0,540,804,1418,1692,2189]
[0,120,1001,1692,2189]
[0,410,540,804,1184,1422,1692,2189]
[0,540,804,1184,1418,1692,1996,2189]
[0,1184,1996,2189]
[0,804,1001,1184,1418,1692,1996,2189]
[0,120,1184,1996,2189]
