[0,282,550,862,979,1046]
[0,583,953,1046]
[0,282,583,862,979,1046]
[0,583,652,862,953,1046]
[0,545,862,953,1046]
[0,282,583,714,862,1046]
[0,545,953,1046]
[0,217,282,545,652,862,953,1046]
[0,545,1046]
[0,583,979,1046]
[0,282,550,652,1046]
[0,282,545,652,862,953,1046]
[0,282,583,862,1046]
[0,550,862,979,1046]
[0,282,583,714,1046]
[0,583,862,953,1046]
[0,583,862,1046]
[0,217,282,583,714,862,979,1046]
[0,282,550,652,862,1046]
[0,217,282,583,652,862,953,1046]
[0,583,862,979,1046]
[0,282,550,1046]
[0,282,583,1046]
[0,217,282,583,862,979,1046]
[0,282,545,652,953,1046]
[0,282,583,714,862,979,1046]
[0,979,1046]
[0,583,1046]
[0,550,1046]
[0,282,583,652,862,953,1046]
[0,217,282,550,652,862,979,1046]
[0,217,282,545,862,953,1046]
[0,282,545,862,953,1046]
[0,282,545,1046]
[0,282,550,862,1046]
[0,550,979,1046]
[0,282,545,652,1046]
[0,282,583,862,953,1046]
[0,217,282,550,862,979,1046]
[0,282,583,953,1046]
[0,282,550,652,862,979,1046]
[0,282,545,953,1046]
[0,550,862,1046]
