[0,795,944,1045,1236,2053]
[0,648,945,2053]
[0,647,944,1045,2053]
[0,795,944,1045,1236,1807,2053]
[0,648,2053]
[0,647,1045,1236,1887,2053]
[0,795,944,1236,2053]
[0,1887,2053]
[0,582,1377,2053]
[0,795,1236,2053]
[0,647,1045,1236,2053]
[0,57,944,1537,1638,2053]
[0,944,1045,1236,1807,2053]
[0,582,944,1236,1807,2053]
[0,647,944,1364,2053]
[0,582,1236,2053]
[0,795,2053]
[0,1392,1807,2053]
[0,57,1537,1638,2053]
[0,582,945,1377,2053]
[0,582,2053]
[0,944,1045,1236,2053]
[0,1638,2053]
[0,944,1807,2053]
[0,795,944,1887,2053]
[0,57,582,1236,1807,2053]
[0,1377,1807,2053]
[0,1807,2053]
[0,647,944,2053]
[0,582,944,1537,1638,2053]
[0,944,2053]
[0,795,944,1045,1236,1887,2053]
[0,944,1045,2053]
[0,795,944,1807,2053]
[0,648,1392,2053]
[0,1045,2053]
[0,647,944,1045,1236,2053]
[0,795,944,2053]
[0,1377,2053]
[0,582,944,2053]
[0,57,795,944,1045,1236,1807,2053]
[0,647,944,1045,1364,1887,2053]
[0,647,1364,2053]
[0,647,1236,2053]
[0,1045,1236,1887,2053]
[0,1236,2053]
[0,795,944,1045,2053]
[0,944,1887,2053]
[0,944,1537,2053]
[0,647,944,1045,1887,2053]
[0,1236,1807,2053]
[0,57,582,944,1236,1807,2053]
[0,795,944,1236,1807,2053]
[0,583,1045,2053]
[0,944,1537,1638,2053]
[0,795,1236,1807,2053]
[0,647,944,1364,1887,2053]
[0,57,1638,2053]
[0,1392,2053]
[0,647,944,1045,1236,1887,2053]
[0,1537,2053]
[0,57,944,1045,1236,1807,2053]
[0,1045,1236,1807,2053]
[0,1537,1638,2053]
[0,582,945,2053]
[0,582,1236,1807,2053]
[0,582,1377,1807,2053]
[0,57,582,944,1537,1638,2053]
[0,647,2053]
[0,647,944,1887,2053]
[0,57,2053]
[0,1045,1236,2053]
[0,1236,1887,2053]
[0,648,1392,1807,2053]
[0,795,944,1236,1887,2053]
[0,583,2053]
[0,582,944,1236,2053]
[0,795,1236,1887,2053]
[0,57,1236,1807,2053]
[0,1364,2053]
[0,582,945,1377,1807,2053]
[0,648,945,1887,2053]
[0,582,944,1537,2053]
