[0,360,428,702,971,1078,1245,1465]
[0,971,1465]
[0,85,971,1078,1465]
[0,428,702,1078,1465]
[0,85,360,702,971,1078,1245,1465]
[0,85,360,428,971,1078,1465]
[0,702,1465]
[0,428,702,1465]
[0,209,428,702,1078,1465]
[0,360,971,1465]
[0,209,428,702,971,1078,1245,1465]
[0,85,360,428,702,971,1078,1183,1245,1465]
[0,702,1078,1245,1465]
[0,360,702,971,1078,1465]
[0,360,428,971,1078,1465]
[0,209,428,702,1078,1245,1465]
[0,428,702,1078,1245,1465]
[0,85,702,971,1078,1465]
[0,702,1044,1465]
[0,702,971,1078,1245,1465]
[0,85,360,428,702,971,1078,1465]
[0,971,1078,1465]
[0,1245,1465]
[0,360,702,971,1078,1245,1465]
[0,428,702,971,1078,1245,1465]
[0,884,1465]
[0,85,360,971,1078,1465]
[0,85,360,702,971,1078,1465]
[0,360,702,1078,1465]
[0,428,1245,1465]
[0,85,360,428,702,971,1078,1245,1465]
[0,360,971,1078,1465]
[0,702,1044,1245,1465]
[0,886,1465]
[0,428,1465]
[0,360,1465]
[0,360,428,702,971,1078,1183,1245,1465]
[0,428,702,971,1078,1465]
[0,702,1078,1465]
[0,360,702,1078,1245,1465]
[0,702,971,1078,1465]
[0,360,886,1465]
[0,360,428,702,971,1078,1465]
[0,85,702,971,1078,1245,1465]
