[0,69,233,595,655,970,1197]
[0,69,233,595,655,1014,1197]
[0,69,233,595,655,851,970,1197]
[0,69,548,655,970,1144,1197]
[0,69,233,655,786,1197]
[0,233,655,1014,1144,1197]
[0,69,233,655,1014,1144,1197]
[0,851,1014,1144,1197]
[0,548,655,851,1197]
[0,69,233,474,655,851,1197]
[0,233,655,786,1197]
[0,548,655,1197]
[0,1144,1197]
[0,69,233,655,970,1197]
[0,233,655,851,1014,1197]
[0,655,786,1197]
[0,786,965,1197]
[0,655,851,1014,1144,1197]
[0,69,655,851,1014,1144,1197]
[0,77,476,655,851,1197]
[0,77,476,655,851,970,1197]
[0,69,233,655,1014,1197]
[0,69,233,595,655,786,1144,1197]
[0,233,655,1014,1197]
[0,77,476,655,970,1144,1197]
[0,69,233,595,655,786,1014,1144,1197]
[0,69,233,595,655,786,1014,1197]
[0,655,1014,1197]
[0,655,786,965,1197]
[0,1014,1144,1197]
[0,77,655,1014,1197]
[0,69,233,474,595,655,851,970,1197]
[0,233,655,786,1014,1144,1197]
[0,233,655,851,1014,1144,1197]
[0,233,655,786,965,1014,1144,1197]
[0,69,233,595,655,851,1197]
[0,69,233,595,655,851,1014,1144,1197]
[0,69,233,1197]
[0,69,233,595,655,785,1197]
[0,965,1014,1144,1197]
[0,69,655,851,1014,1197]
[0,233,655,851,970,1197]
[0,233,655,970,1144,1197]
[0,233,474,655,851,970,1197]
[0,69,233,655,851,1014,1197]
[0,77,595,1144,1197]
[0,655,1197]
[0,69,233,595,655,786,1197]
[0,77,476,655,970,1197]
[0,69,233,595,655,785,1014,1197]
[0,69,233,655,785,1197]
[0,77,970,1144,1197]
[0,69,233,655,851,1197]
[0,233,655,851,965,1014,1144,1197]
[0,655,786,1014,1197]
[0,69,655,851,1197]
[0,655,1144,1197]
[0,655,851,1197]
[0,655,786,965,1014,1144,1197]
[0,655,786,1014,1144,1197]
[0,69,233,595,655,1014,1144,1197]
[0,548,655,970,1144,1197]
[0,69,233,655,786,965,1014,1144,1197]
[0,69,233,548,655,851,970,1197]
[0,69,548,655,970,1197]
[0,69,233,595,655,785,851,1014,1144,1197]
[0,69,233,655,1197]
[0,655,786,965,1014,1197]
[0,69,233,548,655,970,1144,1197]
[0,69,548,655,851,1197]
[0,970,1144,1197]
[0,69,548,655,851,1014,1197]
[0,77,1197]
[0,233,474,655,851,1197]
[0,851,1014,1197]
[0,548,655,1014,1197]
[0,851,965,1014,1144,1197]
[0,69,233,595,655,785,851,965,1014,1144,1197]
[0,69,233,655,786,1014,1197]
[0,69,1144,1197]
[0,655,1014,1144,1197]
[0,655,851,1014,1197]
[0,476,655,851,1197]
[0,69,233,655,851,965,1014,1144,1197]
[0,970,1197]
[0,69,233,595,655,786,965,1014,1144,1197]
[0,69,233,595,655,785,851,1014,1197]
[0,476,655,970,1197]
[0,69,233,474,595,655,851,970,1144,1197]
[0,69,233,655,785,1014,1197]
[0,655,786,1144,1197]
[0,233,655,970,1197]
[0,77,970,1197]
[0,233,655,785,1197]
[0,233,655,851,1197]
[0,233,548,655,851,1197]
[0,655,970,1197]
[0,655,785,1197]
[0,69,1197]
[0,655,851,965,1014,1144,1197]
[0,69,548,655,1014,1144,1197]
[0,69,233,474,595,655,851,1197]
[0,69,233,595,655,851,1014,1197]
[0,77,595,1197]
[0,548,655,970,1197]
[0,233,655,1197]
[0,786,1197]
[0,69,233,595,655,851,970,1144,1197]
[0,69,233,474,655,851,970,1197]
[0,69,233,655,786,1144,1197]
[0,233,1197]
[0,476,655,970,1144,1197]
[0,655,970,1144,1197]
[0,548,655,1014,1144,1197]
[0,69,233,595,655,785,1014,1144,1197]
[0,69,233,595,655,851,965,1014,1144,1197]
[0,77,476,655,851,970,1144,1197]
[0,69,233,548,655,851,970,1144,1197]
[0,1014,1197]
[0,69,233,655,851,970,1197]
[0,548,655,851,1014,1197]
[0,233,655,785,1014,1197]
[0,476,655,1197]
[0,69,548,655,851,1014,1144,1197]
[0,233,655,786,1014,1197]
[0,69,655,1014,1197]
[0,77,1144,1197]
[0,69,233,655,785,851,1014,1197]
[0,476,655,851,970,1197]
[0,233,548,655,970,1197]
[0,595,1197]
[0,69,233,655,970,1144,1197]
[0,69,233,548,655,970,1197]
[0,69,233,595,655,970,1144,1197]
[0,233,548,655,851,970,1197]
[0,69,655,1014,1144,1197]
[0,69,233,548,655,851,1197]
[0,69,233,655,786,1014,1144,1197]
[0,69,233,655,851,1014,1144,1197]
[0,69,548,655,1014,1197]
[0,69,233,595,655,1197]
