[0,365,564,880,980,1141,2020]
[0,365,492,768,880,980,1141,1874,2020]
[0,365,532,980,2020]
[0,365,564,768,880,980,1141,1874,2020]
[0,365,564,2020]
[0,365,532,768,980,1130,1874,2020]
[0,365,492,980,1130,2020]
[0,492,980,1141,1874,2020]
[0,532,980,1130,2020]
[0,980,1130,2020]
[0,365,532,880,980,1130,1775,1874,2020]
[0,980,1141,2020]
[0,365,564,980,1141,2020]
[0,980,1130,1874,2020]
[0,365,492,880,980,1141,1874,2020]
[0,365,564,1141,2020]
[0,365,492,980,1141,2020]
[0,1021,2020]
[0,492,980,1130,2020]
[0,365,532,768,2020]
[0,365,2020]
[0,365,532,768,980,1130,2020]
[0,365,768,1130,2020]
[0,365,768,1141,2020]
[0,532,2020]
[0,492,980,1141,2020]
[0,1098,2020]
[0,365,564,980,1141,1874,2020]
[0,365,492,980,1141,1874,2020]
[0,365,492,880,980,1130,2020]
[0,365,492,880,980,1141,2020]
[0,365,980,1874,2020]
[0,365,564,980,2020]
[0,365,532,768,880,980,1130,1874,2020]
[0,365,532,880,980,1130,1874,2020]
[0,492,980,1130,1874,2020]
[0,365,768,980,1130,1874,2020]
[0,564,980,2020]
[0,1874,2020]
[0,365,768,980,1130,2020]
[0,365,532,980,1130,2020]
[0,768,980,1130,2020]
[0,532,768,2020]
[0,365,1130,2020]
[0,365,1141,2020]
[0,1141,2020]
[0,365,564,880,980,1141,1874,2020]
[0,365,1874,2020]
[0,980,2020]
[0,768,1130,2020]
[0,365,564,768,980,1141,2020]
[0,768,1141,2020]
[0,365,564,880,980,1141,1775,1874,2020]
[0,365,564,768,1141,2020]
[0,365,532,768,880,980,1130,1775,1874,2020]
[0,365,980,2020]
[0,365,564,768,880,980,1141,1775,1874,2020]
[0,532,768,1130,2020]
[0,365,492,768,980,1130,1874,2020]
[0,532,980,2020]
[0,768,980,1130,1874,2020]
[0,564,980,1141,2020]
[0,768,980,1141,1874,2020]
[0,365,492,980,1130,1874,2020]
[0,365,492,768,880,980,1130,1874,2020]
[0,365,532,768,1130,2020]
[0,365,532,880,980,1130,2020]
[0,365,768,980,1141,2020]
[0,980,1141,1874,2020]
[0,365,532,2020]
[0,768,980,1141,2020]
[0,365,492,880,980,1130,1874,2020]
[0,492,980,2020]
[0,365,532,980,1130,1874,2020]
[0,365,564,768,980,1141,1874,2020]
[0,365,492,768,980,1141,1874,2020]
[0,365,768,980,1141,1874,2020]
[0,1130,2020]
[0,1021,1874,2020]
