[0,708,1068,1333,1632]
[0,181,708,796,1068,1333,1632]
[0,1068,1333,1632]
[0,181,708,796,1028,1167,1333,1472,1632]
[0,181,782,861,1333,1632]
[0,181,708,861,1028,1333,1632]
[0,181,708,796,1068,1333,1472,1559,1632]
[0,181,782,861,1632]
[0,181,782,1068,1333,1472,1632]
[0,181,1028,1167,1632]
[0,181,1333,1632]
[0,782,861,1632]
[0,181,708,796,1028,1333,1472,1632]
[0,181,708,861,1028,1167,1333,1632]
[0,181,1028,1167,1333,1472,1632]
[0,181,708,796,1028,1333,1632]
[0,181,796,1028,1167,1632]
[0,181,861,1028,1333,1472,1559,1632]
[0,181,708,861,1028,1333,1472,1559,1632]
[0,181,861,1028,1167,1632]
[0,796,1028,1333,1632]
[0,181,708,1068,1333,1472,1559,1632]
[0,181,708,796,1028,1333,1472,1559,1632]
[0,181,1068,1333,1472,1559,1632]
[0,181,782,1632]
[0,181,708,861,1028,1167,1632]
[0,181,796,1028,1167,1333,1472,1632]
[0,181,796,1028,1167,1333,1632]
[0,181,782,861,1068,1333,1632]
[0,181,861,1028,1333,1472,1632]
[0,708,1632]
[0,181,1028,1333,1632]
[0,181,1028,1632]
[0,181,782,861,1068,1333,1559,1632]
[0,782,1333,1632]
[0,181,708,796,1028,1167,1632]
[0,1028,1333,1632]
[0,1333,1632]
[0,181,708,796,1028,1167,1333,1632]
[0,181,861,1028,1333,1632]
[0,181,1333,1472,1559,1632]
[0,181,796,1028,1333,1472,1632]
[0,181,708,1068,1333,1632]
[0,782,1068,1333,1632]
[0,181,796,1028,1333,1472,1559,1632]
[0,181,1333,1472,1632]
[0,181,861,1028,1632]
[0,181,1472,1632]
[0,181,708,861,1028,1167,1333,1472,1559,1632]
[0,181,1028,1167,1333,1632]
[0,181,708,796,1068,1333,1472,1632]
[0,708,1333,1632]
[0,782,1632]
[0,181,1068,1333,1632]
[0,861,1632]
[0,181,1472,1559,1632]
[0,181,1632]
[0,181,782,861,1068,1333,1472,1632]
[0,181,708,861,1028,1632]
[0,181,708,861,1028,1167,1333,1472,1632]
[0,181,1028,1333,1559,1632]
[0,181,708,1068,1333,1472,1632]
[0,1028,1167,1632]
[0,796,1028,1632]
[0,1028,1632]
[0,181,782,1068,1333,1632]
[0,181,1559,1632]
[0,181,708,796,1028,1167,1333,1472,1559,1632]
[0,181,1068,1333,1472,1632]
[0,181,782,861,1068,1333,1472,1559,1632]
[0,181,782,1333,1632]
[0,181,1028,1333,1472,1559,1632]
[0,181,796,1028,1632]
[0,181,1028,1333,1472,1632]
[0,181,708,861,1028,1333,1472,1632]
[0,181,796,1028,1333,1632]
