[0,83,196,329,575,651,754,806,919,969]
[0,83,196,754,919,969]
[0,196,754,919,969]
[0,196,754,822,969]
[0,83,196,575,651,754,914,969]
[0,83,196,575,651,754,806,969]
[0,83,196,329,575,754,969]
[0,83,196,329,575,651,754,969]
[0,196,329,575,754,969]
[0,83,196,329,575,651,754,822,969]
[0,196,575,754,919,969]
[0,196,575,754,822,969]
[0,754,806,969]
[0,196,575,651,754,919,969]
[0,196,575,651,754,822,969]
[0,754,969]
[0,83,196,754,914,969]
[0,329,754,969]
[0,196,575,651,754,822,919,969]
[0,196,754,914,969]
[0,196,575,969]
[0,329,969]
[0,196,575,754,914,969]
[0,196,575,754,806,969]
[0,196,575,651,754,914,969]
[0,196,754,806,969]
[0,196,575,651,754,806,969]
[0,196,575,651,754,806,919,969]
[0,83,196,329,575,651,754,822,919,969]
[0,83,196,575,754,919,969]
[0,83,196,329,575,651,754,806,969]
[0,196,575,651,754,969]
[0,575,969]
[0,83,196,575,754,969]
[0,196,575,754,969]
[0,83,196,575,754,914,969]
[0,83,196,575,651,754,822,919,969]
[0,329,575,754,969]
[0,83,196,575,651,754,806,919,969]
[0,83,196,575,651,754,822,969]
[0,754,822,969]
[0,754,919,969]
[0,83,196,575,651,754,919,969]
[0,196,754,969]
[0,83,196,754,969]
[0,83,196,575,651,754,969]
