[0,125,827,1209,1628,2227,2535,2844,2956]
[0,1209,2153,2551,2956]
[0,827,2227,2535,2956]
[0,2153,2551,2956]
[0,125,827,1073,1628,2227,2551,2956]
[0,125,569,1073,1331,2227,2535,2956]
[0,125,569,2227,2535,2956]
[0,125,827,1209,1628,2153,2535,2844,2956]
[0,125,827,1209,2153,2535,2844,2956]
[0,125,569,1073,2227,2535,2956]
[0,827,1209,1628,2227,2535,2956]
[0,125,827,2227,2535,2844,2956]
[0,827,1073,1331,2227,2551,2844,2956]
[0,1209,2153,2535,2956]
[0,1209,2956]
[0,569,1073,2227,2551,2956]
[0,1209,2551,2956]
[0,827,1209,2153,2551,2956]
[0,827,1209,2227,2956]
[0,2153,2535,2956]
[0,569,1073,2956]
[0,1073,1628,2227,2956]
[0,1209,1628,2227,2956]
[0,827,1209,2153,2535,2956]
[0,569,1073,2227,2956]
[0,1628,2227,2956]
[0,125,827,1073,1331,2227,2551,2956]
[0,569,1073,2227,2535,2956]
[0,1209,1628,2227,2535,2956]
[0,1209,2535,2956]
[0,827,1209,1628,2227,2956]
[0,125,827,1073,1331,2227,2535,2956]
[0,1209,1628,2956]
[0,569,1073,1331,1999,2227,2551,2956]
[0,1073,1331,2227,2551,2956]
[0,827,1209,1628,2153,2551,2956]
[0,125,569,1073,1331,2227,2551,2956]
[0,827,1073,1331,2227,2551,2956]
[0,827,1073,1999,2227,2551,2956]
[0,827,2153,2956]
[0,125,569,1073,2227,2551,2956]
[0,569,2227,2551,2956]
[0,125,827,1209,2153,2551,2956]
[0,125,827,1073,2227,2551,2844,2956]
[0,1073,2227,2535,2956]
[0,125,827,2227,2535,2956]
[0,827,1073,1331,2227,2535,2844,2956]
[0,125,2227,2535,2956]
[0,569,1073,1331,2227,2535,2956]
[0,827,1073,1628,2227,2551,2956]
[0,827,1073,1331,1999,2227,2551,2956]
[0,125,2227,2535,2844,2956]
[0,827,2956]
[0,1628,2227,2551,2956]
[0,125,827,1209,1628,2153,2551,2956]
[0,125,827,2153,2535,2956]
[0,1073,1331,2227,2535,2956]
[0,827,1209,1628,2153,2535,2956]
[0,125,827,1073,1999,2227,2551,2956]
[0,1628,2956]
[0,827,1209,2227,2535,2956]
[0,2153,2844,2956]
[0,569,2227,2535,2956]
[0,1209,2153,2956]
[0,569,2227,2956]
[0,2266,2956]
[0,1209,1628,2153,2956]
[0,125,827,1209,2227,2535,2956]
[0,1574,2153,2551,2956]
[0,1209,1628,2551,2956]
[0,1073,2956]
[0,2227,2535,2844,2956]
[0,125,569,1073,1331,1999,2227,2551,2956]
[0,125,827,1209,1628,2153,2535,2956]
[0,1628,2227,2535,2956]
[0,125,2153,2535,2844,2956]
[0,827,2227,2956]
[0,125,827,1209,2153,2535,2956]
[0,125,827,1073,1628,2227,2551,2844,2956]
[0,1628,2551,2956]
[0,1574,2153,2956]
[0,1209,1628,2153,2551,2956]
[0,2153,2956]
[0,827,1073,2227,2551,2956]
[0,827,2153,2551,2956]
[0,125,569,1073,1331,2227,2551,2844,2956]
[0,125,2153,2551,2956]
[0,1574,2956]
[0,125,827,1073,1331,2227,2551,2844,2956]
[0,125,827,1073,1999,2227,2551,2844,2956]
[0,1574,2276,2956]
[0,1073,2227,2956]
[0,1073,2227,2551,2956]
[0,2844,2956]
[0,125,827,2153,2551,2956]
[0,125,827,1073,2227,2551,2956]
[0,2551,2956]
[0,1209,1628,2153,2535,2956]
[0,827,1073,2227,2551,2844,2956]
[0,2276,2956]
[0,125,827,1073,1331,1999,2227,2551,2844,2956]
[0,2227,2551,2956]
[0,827,2153,2535,2956]
[0,827,1073,2227,2535,2956]
[0,125,2153,2535,2956]
[0,2153,2535,2844,2956]
[0,125,569,1073,1331,1999,2227,2551,2844,2956]
[0,569,1073,1331,2227,2551,2956]
[0,125,569,1073,1331,2227,2535,2844,2956]
[0,827,2227,2551,2956]
[0,125,569,2227,2551,2956]
[0,2227,2956]
[0,827,1073,1331,2227,2535,2956]
[0,125,827,1209,2227,2535,2844,2956]
[0,125,827,1209,1628,2227,2535,2956]
[0,2227,2535,2956]
[0,125,827,2153,2535,2844,2956]
[0,125,827,1073,1331,2227,2535,2844,2956]
[0,125,827,1073,1331,1999,2227,2551,2956]
[0,1073,1628,2227,2551,2956]
[0,827,1073,1999,2227,2551,2844,2956]
