[0,446,594,766,1089,1180]
[0,809,1180]
[0,446,1180]
[0,357,446,594,766,844,1180]
[0,239,446,1180]
[0,239,840,1180]
[0,110,357,446,594,766,1029,1180]
[0,46,357,446,1180]
[0,446,594,766,1180]
[0,46,357,446,766,1029,1089,1180]
[0,110,446,1180]
[0,46,110,357,446,1089,1180]
[0,110,446,1089,1180]
[0,110,357,446,594,766,1029,1089,1180]
[0,46,239,446,766,844,1180]
[0,239,446,766,844,1180]
[0,357,446,766,1029,1180]
[0,46,110,357,446,1180]
[0,357,446,766,844,1180]
[0,46,357,446,1089,1180]
[0,446,594,766,1029,1180]
[0,46,357,446,766,844,1180]
[0,239,766,844,1180]
[0,46,239,357,446,594,766,844,1089,1180]
[0,110,357,446,1180]
[0,766,1180]
[0,46,239,446,766,1180]
[0,357,446,594,766,1180]
[0,357,446,594,766,844,1029,1089,1180]
[0,46,110,357,446,1029,1089,1180]
[0,446,766,1029,1180]
[0,46,357,446,594,766,844,1180]
[0,357,446,1089,1180]
[0,357,446,594,766,1029,1089,1180]
[0,239,357,446,594,766,1089,1180]
[0,46,357,446,1029,1089,1180]
[0,357,446,594,766,844,1089,1180]
[0,239,357,446,594,766,844,1029,1089,1180]
[0,239,446,594,766,1089,1180]
[0,46,239,357,446,594,766,844,1180]
[0,110,446,594,766,1089,1180]
[0,766,1029,1180]
[0,239,766,1180]
[0,46,239,357,446,594,766,844,1029,1089,1180]
[0,46,239,446,594,766,844,1180]
[0,357,446,594,766,1089,1180]
[0,357,446,1180]
[0,316,809,1180]
[0,110,357,446,1089,1180]
[0,46,357,1180]
[0,46,357,446,594,766,1029,1089,1180]
[0,46,239,446,594,766,1180]
[0,840,1180]
[0,446,766,1180]
[0,110,357,446,594,766,844,1029,1089,1180]
[0,357,446,594,766,1029,1180]
[0,110,357,446,1029,1089,1180]
[0,239,446,766,1180]
[0,239,446,594,766,844,1180]
[0,46,239,766,1180]
[0,46,357,446,594,766,844,1029,1089,1180]
[0,239,1180]
[0,110,357,446,594,766,844,1089,1180]
[0,357,446,766,1180]
[0,110,446,594,766,1180]
[0,446,1089,1180]
[0,46,357,446,766,1180]
[0,239,357,446,594,766,844,1089,1180]
[0,239,357,446,594,766,1180]
[0,357,446,766,1029,1089,1180]
[0,46,239,766,844,1180]
[0,46,110,357,446,594,766,1029,1089,1180]
[0,357,1180]
[0,239,446,594,766,1180]
[0,46,110,357,446,766,1029,1089,1180]
[0,46,316,809,1180]
[0,46,809,1180]
[0,110,357,446,766,1029,1180]
[0,46,239,446,1180]
[0,110,446,766,1029,1180]
[0,110,357,446,594,766,1089,1180]
[0,46,110,357,446,594,766,844,1029,1089,1180]
[0,46,239,1180]
[0,46,1180]
[0,446,766,844,1180]
[0,110,446,594,766,1029,1180]
[0,110,357,446,766,1029,1089,1180]
[0,239,357,446,594,766,844,1180]
[0,766,844,1180]
[0,357,446,1029,1089,1180]
