[0,742,1048,2120]
[0,97,940,2120]
[0,742,1092,1530,1820,2120]
[0,340,1092,1692,2120]
[0,940,1692,2120]
[0,340,940,1692,2120]
[0,940,1092,1692,2120]
[0,97,940,1047,1092,1692,1820,2120]
[0,177,2120]
[0,400,940,1692,1820,2120]
[0,742,1092,1530,2120]
[0,97,742,1092,1692,2120]
[0,97,1692,2120]
[0,97,177,940,1047,1092,1692,1820,2120]
[0,1047,1092,2120]
[0,742,940,1092,1530,1820,2120]
[0,97,400,2120]
[0,97,940,1048,1692,1820,2120]
[0,97,940,1092,2120]
[0,97,177,340,742,940,1047,1092,1692,1820,2120]
[0,97,940,1048,2120]
[0,742,1692,2120]
[0,1092,2120]
[0,97,400,940,1047,1692,1820,2120]
[0,940,1047,2120]
[0,340,940,1092,1530,2120]
[0,940,1048,1692,2120]
[0,940,1048,1692,1820,2120]
[0,97,1047,2120]
[0,340,742,940,1092,1530,2120]
[0,742,940,1092,1692,2120]
[0,940,1692,1820,2120]
[0,742,1092,1692,2120]
[0,97,177,340,742,940,1092,1530,1692,1820,2120]
[0,940,1530,1820,2120]
[0,940,1047,1692,1820,2120]
[0,400,940,1047,1692,2120]
[0,340,742,1092,1692,2120]
[0,97,2120]
[0,97,940,1692,1820,2120]
[0,97,340,1092,1692,2120]
[0,340,940,1092,1692,2120]
[0,97,940,1092,1692,2120]
[0,940,1092,1530,2120]
[0,340,742,940,1092,1692,2120]
[0,97,340,1692,2120]
[0,742,1092,1692,1820,2120]
[0,97,940,1048,1692,2120]
[0,97,742,940,1048,1692,1820,2120]
[0,177,1092,2120]
[0,97,177,340,742,940,1092,1692,1820,2120]
[0,940,1092,2120]
[0,940,1048,2120]
[0,1047,2120]
[0,97,940,1047,1092,2120]
[0,940,1092,1530,1820,2120]
[0,97,742,2120]
[0,97,940,1047,1092,1692,2120]
[0,1692,1820,2120]
[0,340,742,940,1092,1692,1820,2120]
[0,97,742,940,1092,1692,1820,2120]
[0,340,742,1092,1530,2120]
[0,742,940,1092,1530,1692,1820,2120]
[0,97,177,742,940,1092,1692,1820,2120]
[0,742,940,1048,1692,1820,2120]
[0,742,1048,1692,2120]
[0,1092,1692,2120]
[0,742,940,1092,1692,1820,2120]
[0,400,940,1047,1692,1820,2120]
[0,940,1092,1692,1820,2120]
[0,97,940,1047,1692,2120]
[0,97,742,1092,1692,1820,2120]
[0,97,1047,1092,2120]
[0,97,340,742,940,1092,1530,1692,1820,2120]
[0,97,742,1047,1092,2120]
[0,340,940,1092,1692,1820,2120]
[0,97,742,1047,1092,1692,2120]
[0,97,340,742,940,1092,1692,1820,2120]
[0,340,742,940,1092,1530,1820,2120]
[0,742,2120]
[0,97,940,1092,1692,1820,2120]
[0,940,1047,1692,2120]
[0,97,177,340,742,940,1047,1092,1530,1692,1820,2120]
[0,340,940,2120]
[0,940,2120]
[0,97,742,940,1047,1092,1692,1820,2120]
[0,97,400,1692,2120]
[0,97,940,1047,1692,1820,2120]
[0,340,940,1530,2120]
[0,97,400,940,1047,1692,2120]
[0,97,742,1047,1092,1692,1820,2120]
[0,1047,1692,2120]
[0,97,177,940,1092,1692,1820,2120]
[0,97,177,742,940,1047,1092,1692,1820,2120]
[0,400,940,1692,2120]
[0,742,1092,2120]
[0,97,940,1692,2120]
[0,340,742,940,1092,1530,1692,1820,2120]
[0,1692,2120]
[0,742,1530,2120]
[0,940,1530,2120]
[0,340,1692,2120]
[0,97,940,1047,2120]
[0,742,1048,1692,1820,2120]
[0,340,742,1092,1530,1820,2120]
[0,400,2120]
[0,400,1692,2120]
[0,97,1092,2120]
[0,97,742,1092,2120]
[0,940,1092,1530,1692,1820,2120]
[0,97,742,940,1092,1530,1692,1820,2120]
