[0,179,307,653,1202,2017]
[0,307,653,798,980,1258,1697,1874,2017]
[0,980,2017]
[0,179,307,486,1258,1697,1874,2017]
[0,415,1194,1874,2017]
[0,307,653,1258,1697,2017]
[0,179,307,653,1258,1874,2017]
[0,307,486,980,1874,2017]
[0,307,653,933,1202,1874,2017]
[0,307,486,1202,1874,2017]
[0,179,307,486,1258,2017]
[0,486,980,2017]
[0,307,653,933,1202,2017]
[0,307,486,1258,1874,2017]
[0,307,1258,2017]
[0,307,653,1202,2017]
[0,179,307,653,798,1258,2017]
[0,179,307,653,798,1202,1874,2017]
[0,179,1258,2017]
[0,307,653,798,1258,2017]
[0,179,307,653,1258,2017]
[0,179,486,1258,1697,2017]
[0,179,307,486,1258,1874,2017]
[0,307,653,798,1202,1874,2017]
[0,307,980,2017]
[0,307,486,1202,2017]
[0,307,1202,2017]
[0,415,1194,2017]
[0,179,307,653,798,1202,2017]
[0,179,486,1258,2017]
[0,307,653,980,1258,1697,2017]
[0,1258,2017]
[0,307,653,798,1202,2017]
[0,179,1258,1697,2017]
[0,179,307,653,798,1258,1874,2017]
[0,307,653,1258,1697,1874,2017]
[0,179,2017]
[0,653,1258,2017]
[0,307,653,1202,1874,2017]
[0,307,653,1258,2017]
[0,179,1258,1697,1874,2017]
[0,653,1258,1697,2017]
[0,179,307,653,1258,1697,1874,2017]
[0,307,653,798,1258,1874,2017]
[0,1202,2017]
[0,486,980,1874,2017]
[0,486,1258,2017]
[0,179,486,1258,1874,2017]
[0,179,307,653,1202,1874,2017]
[0,307,653,2017]
[0,486,1874,2017]
[0,653,1202,2017]
[0,179,307,653,2017]
[0,179,486,1258,1697,1874,2017]
[0,307,486,1258,2017]
[0,307,1202,1874,2017]
[0,179,307,1258,2017]
[0,438,2017]
[0,179,307,653,933,1202,1874,2017]
[0,486,2017]
[0,307,486,980,2017]
[0,179,1258,1874,2017]
[0,179,307,653,798,980,1258,1874,2017]
[0,307,653,798,980,1258,1874,2017]
[0,179,307,653,798,980,1258,1697,1874,2017]
[0,653,2017]
[0,307,653,1258,1874,2017]
[0,415,2017]
[0,1258,1697,2017]
[0,307,2017]
[0,307,653,980,1258,2017]
[0,307,653,798,980,1258,2017]
[0,1194,2017]
[0,307,653,798,980,1258,1697,2017]
[0,486,1258,1697,2017]
