[0,1507,2019]
[0,1159,2019]
[0,955,1631,2019]
[0,157,955,1042,1507,1631,2019]
[0,157,1333,1631,2019]
[0,1042,1333,1631,2019]
[0,157,955,1059,1507,1631,2019]
[0,157,955,1631,2019]
[0,1333,2019]
[0,1507,1631,2019]
[0,157,1159,1631,2019]
[0,955,1507,2019]
[0,157,955,1026,1333,1507,1631,2019]
[0,157,955,1059,1333,1507,1631,2019]
[0,556,2019]
[0,157,556,1507,2019]
[0,157,1026,1333,1507,1631,2019]
[0,157,1026,1159,1507,1631,2019]
[0,157,2019]
[0,157,955,1026,1507,1631,2019]
[0,1333,1631,2019]
[0,157,1507,1631,2019]
[0,157,1042,1333,1631,2019]
[0,157,1059,1333,1631,2019]
[0,1159,1631,2019]
[0,157,1159,1507,1631,2019]
[0,157,1042,1333,1507,1631,2019]
[0,1026,1333,2019]
[0,556,1507,2019]
[0,157,1333,1507,1631,2019]
[0,157,955,1026,1159,1507,1631,2019]
[0,157,955,2019]
[0,157,955,1507,2019]
[0,157,955,1507,1631,2019]
[0,157,1026,1333,1631,2019]
[0,1578,2019]
[0,157,955,1042,1333,1507,1631,2019]
[0,1059,1333,1631,2019]
[0,157,1026,1159,1631,2019]
[0,157,1059,1333,1507,1631,2019]
[0,157,1507,2019]
[0,955,2019]
[0,1026,1333,1631,2019]
