[0,831,1001,1292,1642]
[0,293,666,973,1478,1642]
[0,293,831,927,1279,1478,1642]
[0,927,1478,1642]
[0,712,1001,1478,1642]
[0,666,927,1279,1642]
[0,598,666,927,1279,1478,1642]
[0,927,1642]
[0,293,666,1001,1292,1642]
[0,232,293,666,831,1001,1292,1478,1642]
[0,666,1001,1642]
[0,666,831,1001,1642]
[0,1279,1642]
[0,973,1642]
[0,831,927,1279,1478,1642]
[0,293,666,927,1279,1642]
[0,666,831,1001,1292,1642]
[0,831,927,1478,1642]
[0,831,927,1642]
[0,293,831,927,1478,1642]
[0,712,994,1478,1642]
[0,831,1001,1478,1642]
[0,712,994,1642]
[0,232,293,831,927,1279,1478,1642]
[0,1279,1478,1642]
[0,666,927,1279,1478,1642]
[0,994,1642]
[0,293,666,831,1001,1478,1642]
[0,666,1642]
[0,150,293,666,927,1279,1478,1642]
[0,666,927,1478,1642]
[0,831,1001,1642]
[0,232,293,831,927,1642]
[0,232,712,1001,1292,1478,1642]
[0,1001,1292,1642]
[0,831,1642]
[0,666,973,1642]
[0,232,293,666,831,1001,1642]
[0,293,927,1642]
[0,293,666,831,1642]
[0,293,666,831,927,1279,1478,1642]
[0,232,293,831,927,1478,1642]
[0,232,293,666,831,927,1279,1478,1642]
[0,831,1001,1292,1478,1642]
[0,831,1279,1478,1642]
[0,293,598,666,927,1279,1478,1642]
[0,293,666,831,1001,1292,1642]
[0,516,1338,1642]
[0,293,1642]
[0,831,1279,1642]
[0,712,1001,1642]
[0,293,666,831,1001,1642]
[0,293,666,973,1642]
[0,293,666,927,1642]
[0,1338,1642]
[0,232,293,666,831,1001,1478,1642]
[0,232,712,1001,1642]
[0,293,666,1642]
[0,293,1478,1642]
[0,1001,1642]
[0,293,666,1279,1642]
[0,293,831,1279,1642]
[0,293,927,1478,1642]
[0,666,831,1001,1292,1478,1642]
[0,293,666,831,1001,1292,1478,1642]
[0,712,1001,1292,1642]
[0,293,831,927,1642]
[0,293,447,666,831,1001,1292,1478,1642]
[0,712,1001,1292,1478,1642]
[0,232,293,666,1001,1642]
[0,293,666,1001,1642]
[0,666,927,1642]
[0,150,293,666,831,927,1279,1478,1642]
[0,293,666,927,1279,1478,1642]
[0,516,1642]
[0,293,666,927,1478,1642]
[0,666,1279,1642]
[0,232,712,1001,1292,1642]
[0,293,831,1279,1478,1642]
