[0,417,998,1211,1327]
[0,292,599,812,1047,1327]
[0,292,417,599,812,998,1209,1327]
[0,60,292,998,1209,1327]
[0,417,1327]
[0,292,599,998,1209,1327]
[0,60,998,1211,1327]
[0,417,599,1327]
[0,180,292,599,998,1209,1327]
[0,60,180,292,998,1209,1327]
[0,292,599,812,998,1211,1327]
[0,292,599,1327]
[0,60,180,292,417,599,812,998,1209,1327]
[0,60,180,292,599,998,1209,1327]
[0,292,599,858,1327]
[0,292,599,998,1211,1327]
[0,292,417,599,998,1211,1327]
[0,270,812,1327]
[0,292,599,1047,1327]
[0,180,292,599,998,1211,1327]
[0,417,599,858,1209,1327]
[0,60,292,599,858,1327]
[0,180,292,998,1209,1327]
[0,60,180,292,599,812,998,1209,1327]
[0,599,998,1327]
[0,60,292,599,1047,1327]
[0,858,1209,1327]
[0,292,417,599,998,1327]
[0,180,292,417,599,998,1211,1327]
[0,60,292,599,812,858,1209,1327]
[0,270,858,1327]
[0,180,292,998,1211,1327]
[0,292,998,1209,1327]
[0,858,1327]
[0,292,417,599,812,998,1327]
[0,60,292,599,998,1209,1327]
[0,60,417,998,1211,1327]
[0,60,180,292,417,599,812,858,998,1209,1327]
[0,417,599,998,1211,1327]
[0,292,599,998,1327]
[0,292,599,858,1209,1327]
[0,292,599,1209,1327]
[0,292,998,1327]
[0,292,599,812,858,1327]
[0,60,292,599,998,1211,1327]
[0,292,1327]
[0,270,1327]
[0,60,292,599,1211,1327]
[0,998,1209,1327]
[0,417,599,998,1327]
[0,417,599,1209,1327]
[0,292,599,858,1211,1327]
[0,292,599,812,998,1209,1327]
[0,292,599,1211,1327]
[0,60,292,599,812,1047,1327]
[0,60,292,599,812,858,998,1209,1327]
[0,180,858,1209,1327]
[0,60,417,599,1209,1327]
[0,60,292,599,858,1211,1327]
[0,292,417,599,812,998,1211,1327]
[0,60,292,599,858,1209,1327]
[0,60,292,599,812,998,1209,1327]
[0,60,998,1209,1327]
[0,60,292,998,1211,1327]
[0,998,1327]
[0,292,599,812,998,1327]
[0,60,292,599,812,858,998,1211,1327]
[0,60,180,292,998,1211,1327]
[0,180,292,599,858,1209,1327]
[0,60,417,599,1327]
[0,60,292,599,812,998,1211,1327]
[0,60,998,1327]
[0,60,180,292,599,998,1211,1327]
[0,60,180,292,417,599,812,998,1211,1327]
[0,60,292,599,1327]
[0,60,417,599,998,1211,1327]
[0,60,417,599,858,1209,1327]
[0,60,1327]
[0,60,180,292,417,599,998,1211,1327]
[0,60,180,292,599,812,858,998,1209,1327]
[0,599,1327]
[0,417,858,1327]
[0,60,180,292,599,812,998,1211,1327]
[0,180,292,417,599,812,998,1209,1327]
[0,292,858,1327]
[0,417,599,858,1327]
[0,60,292,599,812,858,1211,1327]
[0,180,858,1327]
[0,60,180,292,599,812,858,998,1211,1327]
[0,812,1327]
[0,180,292,417,599,812,998,1211,1327]
[0,180,292,599,812,998,1211,1327]
[0,292,998,1211,1327]
[0,180,292,599,812,998,1209,1327]
[0,417,998,1327]
[0,292,812,858,1327]
[0,60,180,292,417,599,812,858,998,1211,1327]
[0,60,292,599,812,858,1327]
[0,270,812,1189,1327]
[0,60,292,599,1209,1327]
[0,998,1211,1327]
