[0,336,1399,1930,2759]
[0,336,1399,1930,2527,2759]
[0,336,625,969,1399,1592,1925,2476,2759]
[0,1381,1930,2759]
[0,336,625,969,1399,1925,2759]
[0,336,625,969,1399,1925,2476,2759]
[0,336,1381,1972,2759]
[0,336,1399,1925,2759]
[0,336,625,1399,1592,1925,2476,2681,2759]
[0,336,1087,1930,2759]
[0,336,625,1399,1925,2681,2759]
[0,336,1381,2759]
[0,1087,2759]
[0,336,1087,1399,1930,2527,2759]
[0,336,1399,1925,2476,2681,2759]
[0,336,625,969,1399,1592,1925,2476,2681,2759]
[0,1399,1592,1930,2477,2681,2759]
[0,336,2759]
[0,336,625,1399,1930,2477,2759]
[0,336,1399,1592,1930,2477,2681,2759]
[0,336,625,1399,1925,2476,2759]
[0,1399,1930,2477,2681,2759]
[0,336,1399,1925,2681,2759]
[0,336,1399,1925,2476,2759]
[0,1381,2759]
[0,336,625,969,1399,1592,1930,2477,2681,2759]
[0,1399,1930,2477,2759]
[0,336,625,1399,1592,1930,2477,2681,2759]
[0,1399,1592,1930,2759]
[0,336,625,1399,1592,1925,2476,2759]
[0,1399,1592,1930,2477,2759]
[0,1131,1972,2759]
[0,1399,1592,1925,2476,2759]
[0,336,1087,1399,1930,2759]
[0,336,1399,1592,1925,2476,2681,2759]
[0,336,625,1399,1925,2476,2681,2759]
[0,1381,1972,2759]
[0,336,625,969,1399,1925,2681,2759]
[0,1399,1930,2681,2759]
[0,1399,1925,2476,2681,2759]
[0,336,625,1399,1930,2759]
[0,336,625,969,1399,1592,1930,2477,2759]
[0,1399,1930,2759]
[0,336,625,1399,1930,2477,2681,2759]
[0,336,969,1399,1930,2759]
[0,336,625,969,1399,1930,2477,2759]
[0,336,1381,1930,2759]
[0,1131,2759]
[0,336,625,1087,1930,2759]
[0,336,1381,1930,2527,2759]
[0,1399,1592,1925,2476,2681,2759]
[0,336,625,1087,1399,1930,2527,2759]
[0,336,625,1399,1925,2759]
[0,336,625,969,1399,1925,2476,2681,2759]
[0,1399,2759]
[0,1399,1925,2759]
[0,336,969,1399,1925,2759]
[0,336,625,969,1399,1930,2527,2759]
[0,969,1399,1930,2759]
[0,336,625,1087,1399,1930,2759]
[0,336,1399,1592,1930,2477,2759]
[0,1399,1925,2681,2759]
[0,1087,1930,2759]
[0,1399,1925,2476,2759]
[0,336,1399,1592,1925,2476,2759]
[0,336,1399,1930,2477,2759]
[0,969,1399,1925,2759]
[0,336,625,969,1399,1930,2477,2681,2759]
[0,336,625,969,1399,1930,2759]
[0,336,625,1399,1592,1930,2477,2759]
[0,336,1399,1930,2477,2681,2759]
[0,1399,1592,2759]
