[0,464,1180]
[0,329,464,544,645,721,1180]
[0,164,329,440,1180]
[0,164,580,963,1180]
[0,164,329,440,544,645,721,1180]
[0,164,544,677,963,1180]
[0,164,212,329,440,1180]
[0,329,464,544,645,963,1180]
[0,963,1180]
[0,90,164,329,464,544,645,963,1180]
[0,164,580,1180]
[0,329,963,1180]
[0,164,329,544,645,1180]
[0,90,164,212,329,464,544,645,963,1180]
[0,164,464,544,645,1180]
[0,677,1180]
[0,710,1180]
[0,544,963,1180]
[0,164,1180]
[0,329,544,963,1180]
[0,464,544,645,721,1180]
[0,164,464,710,1180]
[0,164,329,440,544,677,963,1180]
[0,164,212,329,440,677,963,1180]
[0,329,544,645,721,1180]
[0,440,645,1180]
[0,164,544,645,1180]
[0,164,464,544,645,721,1180]
[0,464,544,1180]
[0,90,164,329,544,645,721,1180]
[0,329,464,544,645,1180]
[0,645,721,1180]
[0,90,164,329,544,645,1180]
[0,544,1180]
[0,90,329,464,544,645,1180]
[0,164,329,544,645,721,1180]
[0,164,212,329,440,544,677,963,1180]
[0,329,440,544,645,721,1180]
[0,645,963,1180]
[0,164,440,963,1180]
[0,164,464,544,963,1180]
[0,164,440,1180]
[0,329,440,1180]
[0,580,963,1180]
[0,90,164,464,544,645,963,1180]
[0,90,164,212,329,544,645,963,1180]
[0,544,645,721,1180]
[0,544,645,1180]
[0,90,329,544,645,721,1180]
[0,677,963,1180]
[0,164,464,544,1180]
[0,464,544,645,1180]
[0,164,464,1180]
[0,440,963,1180]
[0,164,544,963,1180]
[0,440,1180]
[0,164,212,329,544,645,721,1180]
[0,164,212,329,440,544,645,721,1180]
[0,164,440,677,963,1180]
[0,464,710,1180]
[0,164,440,645,1180]
[0,90,164,329,464,544,645,721,1180]
[0,721,1180]
[0,329,677,1180]
[0,164,710,1180]
[0,90,164,212,329,464,544,645,721,1180]
[0,580,1180]
[0,329,1180]
[0,90,164,464,544,645,1180]
[0,329,440,645,1180]
[0,329,440,677,963,1180]
[0,464,544,645,963,1180]
[0,329,544,645,963,1180]
[0,329,440,544,645,1180]
[0,329,544,1180]
[0,164,329,440,645,1180]
[0,164,464,544,645,963,1180]
[0,90,329,464,544,645,721,1180]
[0,90,164,329,544,645,963,1180]
[0,90,329,464,544,645,963,1180]
[0,164,544,645,963,1180]
[0,464,645,1180]
[0,164,329,440,544,645,1180]
[0,645,1180]
[0,164,544,1180]
[0,329,440,544,677,963,1180]
[0,90,164,464,544,645,721,1180]
[0,164,464,645,1180]
[0,90,164,212,329,544,645,721,1180]
[0,164,329,440,677,963,1180]
[0,544,645,963,1180]
[0,329,440,963,1180]
[0,164,212,329,440,963,1180]
[0,164,329,544,1180]
[0,329,544,645,1180]
[0,90,329,544,645,963,1180]
[0,90,329,544,645,1180]
[0,329,677,963,1180]
[0,440,677,1180]
[0,164,329,440,963,1180]
[0,440,677,963,1180]
