[0,122,819,1076,1334,2193,2491,2554]
[0,782,1626,2193,2554]
[0,1076,1334,2193,2554]
[0,882,2045,2554]
[0,122,331,538,1334,2193,2554]
[0,782,1076,1626,2193,2554]
[0,538,1334,2193,2554]
[0,2045,2554]
[0,1334,2554]
[0,538,1334,2554]
[0,1761,2554]
[0,819,1076,1334,2193,2554]
[0,331,538,1076,1334,1626,2193,2554]
[0,122,782,1076,1334,1913,2193,2495,2554]
[0,122,882,1626,2045,2489,2554]
[0,782,1334,2193,2554]
[0,782,1076,1334,2193,2554]
[0,122,1761,2193,2554]
[0,819,1076,1334,1626,2193,2554]
[0,122,782,1076,1626,1913,2193,2495,2554]
[0,782,1076,2193,2554]
[0,331,538,2554]
[0,882,1101,1626,2045,2554]
[0,1626,2554]
[0,122,782,1076,1913,2193,2554]
[0,122,331,538,1076,1334,2193,2554]
[0,122,1076,1334,2193,2491,2554]
[0,122,331,538,1076,1334,1626,2193,2491,2554]
[0,782,1626,2554]
[0,122,782,1076,1626,1913,2193,2554]
[0,122,882,1626,2193,2554]
[0,122,882,1101,1626,2193,2489,2554]
[0,1076,2126,2554]
[0,122,882,1101,1626,2045,2489,2554]
[0,1626,2045,2554]
[0,122,882,1626,2045,2554]
[0,1613,2045,2554]
[0,538,2041,2554]
[0,122,2554]
[0,122,538,1076,1334,2193,2495,2554]
[0,122,1613,2045,2554]
[0,122,782,1076,1626,2193,2495,2554]
[0,1076,1626,2554]
[0,122,782,1076,1913,2193,2495,2554]
[0,1334,1626,2193,2554]
[0,2193,2554]
[0,882,1626,2045,2554]
[0,331,538,1076,1334,2193,2554]
[0,782,2554]
[0,122,1334,2193,2554]
[0,122,2193,2554]
[0,1076,1334,1626,2193,2554]
[0,122,819,1076,1334,1626,2193,2491,2554]
[0,782,1334,2554]
[0,122,782,1076,1626,2193,2554]
[0,122,331,538,1076,1334,2193,2491,2554]
[0,882,1101,1626,2193,2554]
[0,538,1076,1334,1626,2193,2554]
[0,882,1626,2554]
[0,122,882,1101,1626,2193,2554]
[0,1076,2193,2554]
[0,122,1626,2193,2554]
[0,122,819,1076,1334,1626,2193,2554]
[0,122,538,1076,1334,2193,2554]
[0,322,1076,2126,2554]
[0,2126,2554]
[0,122,782,1076,1334,1913,2193,2554]
[0,1076,2554]
[0,1913,2193,2554]
[0,122,331,538,1076,1334,1626,2193,2554]
[0,538,1076,2554]
[0,538,1626,2193,2554]
[0,122,331,538,2193,2554]
[0,538,1626,2554]
[0,122,331,538,2554]
[0,122,819,1076,1334,2193,2554]
[0,782,1076,1913,2193,2554]
[0,122,882,1101,1626,2045,2554]
[0,122,1613,2045,2489,2554]
[0,538,1076,1626,2193,2554]
[0,782,1076,1626,1913,2193,2554]
[0,538,1076,1334,2193,2554]
[0,1626,2193,2554]
[0,331,538,1334,2193,2554]
[0,538,1076,1626,2554]
[0,1334,2193,2554]
[0,882,2554]
[0,122,1913,2193,2554]
[0,331,538,2193,2554]
[0,538,2193,2554]
[0,122,1626,2045,2554]
[0,122,1076,1334,2193,2495,2554]
[0,122,1076,2193,2554]
[0,782,2193,2554]
[0,782,1913,2193,2554]
[0,538,2554]
[0,122,1626,2045,2489,2554]
[0,782,1076,1334,1913,2193,2554]
[0,1761,2193,2554]
[0,122,1076,1334,2193,2554]
[0,882,1626,2193,2554]
