[0,1779,3105,3600,4285]
[0,358,805,1779,3600,4285]
[0,358,824,1818,3105,4285]
[0,358,805,2767,4285]
[0,358,824,4285]
[0,805,1818,3030,4285]
[0,358,805,1818,2072,2767,3105,3600,4058,4285]
[0,358,805,1779,2072,2767,3068,4285]
[0,358,824,1818,3030,4285]
[0,358,805,1818,3105,3600,4285]
[0,1779,2767,4285]
[0,1818,3105,4285]
[0,1818,3600,4285]
[0,805,2767,4285]
[0,805,1818,3105,3600,4285]
[0,805,1779,2767,4285]
[0,358,4285]
[0,358,2767,4285]
[0,358,805,1779,2767,3068,4058,4285]
[0,358,805,3068,3600,4285]
[0,805,2767,3600,4285]
[0,358,805,1779,2767,3068,3600,4285]
[0,358,805,3600,4285]
[0,358,805,1818,2072,2767,3105,3600,4285]
[0,358,805,1818,2767,3105,3600,4285]
[0,358,805,1779,2767,3105,3600,4058,4285]
[0,358,824,1818,3991,4285]
[0,358,2767,3068,4285]
[0,358,805,1779,2767,4285]
[0,358,805,1779,2072,2767,3105,3600,4285]
[0,1818,3105,3600,4285]
[0,358,805,2767,3068,3600,4058,4285]
[0,805,1818,3030,3991,4285]
[0,358,805,1818,2767,3105,3600,4058,4285]
[0,358,805,1779,2767,3068,4285]
[0,358,2767,3105,4285]
[0,824,1818,4285]
[0,358,805,2767,3105,4285]
[0,358,824,1818,4285]
[0,358,824,1818,3030,3991,4285]
[0,1779,4285]
[0,358,805,1779,2767,3105,3600,4285]
[0,1818,3991,4285]
[0,805,3105,3600,4285]
[0,358,805,1779,3105,3600,4285]
[0,2767,3068,4285]
[0,2767,4285]
[0,358,805,2767,3068,4058,4285]
[0,805,1779,3105,3600,4285]
[0,358,805,1779,2072,2767,3068,3600,4285]
[0,1779,3068,3600,4285]
[0,358,805,4285]
[0,805,1818,3055,4285]
[0,3105,3600,4285]
[0,358,805,1779,4285]
[0,358,2767,3105,3991,4285]
[0,907,4285]
[0,1818,4285]
[0,805,1779,4285]
[0,805,1818,3600,4285]
[0,358,805,2767,3105,3600,4285]
[0,358,805,3105,3600,4285]
[0,358,824,1818,2767,3105,3991,4285]
[0,358,824,2767,3105,4285]
[0,805,4285]
[0,1818,3030,4285]
[0,358,805,1779,2072,2767,3105,3600,4058,4285]
[0,805,1818,4285]
[0,3600,4285]
[0,805,1818,3991,4285]
[0,358,805,2767,3068,4285]
[0,358,805,2767,3105,3991,4285]
[0,358,824,1818,2767,3105,4285]
[0,358,824,3991,4285]
[0,824,2767,4285]
[0,358,805,1779,3068,3600,4285]
[0,824,1818,3105,4285]
[0,358,824,2767,4285]
[0,805,1779,3068,3600,4285]
[0,358,805,1779,2072,2767,3068,4058,4285]
[0,3991,4285]
[0,824,1818,3030,4285]
[0,358,824,2767,3105,3991,4285]
[0,3068,3600,4285]
[0,824,4285]
[0,805,3600,4285]
[0,805,1779,3600,4285]
[0,358,805,2767,3105,3600,4058,4285]
[0,907,3055,4285]
[0,805,3068,3600,4285]
[0,358,805,1779,2072,2767,3068,3600,4058,4285]
[0,1779,3600,4285]
[0,3055,4285]
[0,2767,3105,3991,4285]
[0,2767,3105,4285]
[0,358,805,2767,3105,4058,4285]
[0,1818,3055,4285]
[0,358,805,2767,3068,3600,4285]
