[0,391,1592,1814,2211]
[0,279,391,699,2211]
[0,279,391,1814,2070,2211]
[0,279,800,1096,1814,2070,2211]
[0,279,391,1592,1814,2070,2211]
[0,1592,1814,2211]
[0,700,1096,1814,2070,2211]
[0,699,2211]
[0,279,800,1096,1592,1814,2211]
[0,391,2211]
[0,1592,1814,2070,2211]
[0,279,391,2070,2211]
[0,699,1814,2070,2211]
[0,391,699,1814,2211]
[0,279,391,2211]
[0,279,391,699,800,2211]
[0,800,2211]
[0,700,1096,1814,2211]
[0,700,1096,1592,1814,2211]
[0,800,1096,1592,1814,2070,2211]
[0,279,391,1096,1814,2211]
[0,279,391,700,1096,1592,1814,2070,2211]
[0,279,391,1814,2211]
[0,279,391,800,1096,1814,2070,2211]
[0,279,800,1096,1814,2211]
[0,699,800,2211]
[0,279,800,1096,1592,1814,2070,2211]
[0,279,1814,2211]
[0,279,800,1096,2211]
[0,700,1096,1592,1814,2070,2211]
[0,1096,1814,2211]
[0,700,2211]
[0,279,699,1814,2211]
[0,279,391,699,800,1096,1814,2070,2211]
[0,391,1096,2211]
[0,1096,1814,2070,2211]
[0,1096,2211]
[0,279,391,1096,1592,1814,2070,2211]
[0,391,699,1592,1814,2070,2211]
[0,279,391,800,1096,1592,1814,2070,2211]
[0,391,1096,1814,2211]
[0,800,1096,1814,2070,2211]
[0,279,391,800,1096,1814,2211]
[0,391,699,2211]
[0,800,1096,1814,2211]
[0,391,1096,1592,1814,2211]
[0,279,391,699,800,1096,1814,2211]
[0,391,2070,2211]
[0,391,699,1592,1814,2211]
[0,2070,2211]
[0,1814,2070,2211]
[0,800,1096,1592,1814,2211]
[0,279,391,699,800,1096,1592,1814,2070,2211]
[0,279,700,1096,1592,1814,2070,2211]
[0,391,1096,1814,2070,2211]
[0,279,700,1096,1592,1814,2211]
[0,279,700,1096,1814,2211]
[0,391,1096,1592,1814,2070,2211]
[0,391,1814,2211]
[0,279,391,800,1096,2211]
[0,279,391,699,800,1096,2211]
[0,1814,2211]
[0,700,1096,2211]
[0,391,1592,1814,2070,2211]
[0,279,391,1096,1814,2070,2211]
[0,279,391,1096,2211]
[0,279,391,699,1592,1814,2070,2211]
[0,699,1814,2211]
[0,800,1096,2211]
[0,279,391,1592,1814,2211]
[0,279,1814,2070,2211]
[0,279,700,1096,1814,2070,2211]
[0,391,699,800,2211]
[0,391,737,1814,2211]
