[0,82,379,1180,1481,1609,1755,1968,2019]
[0,82,379,1180,1481,1609,1755,2019]
[0,82,1180,1481,2019]
[0,82,1180,1481,1609,1960,2019]
[0,82,379,1180,1257,1481,1609,1755,2019]
[0,1138,1481,2019]
[0,177,1125,1481,2019]
[0,177,2019]
[0,1180,1481,1609,2019]
[0,1481,1609,2019]
[0,82,1968,2019]
[0,379,1180,1481,1755,2019]
[0,82,392,2019]
[0,82,379,1180,1257,1481,1609,2019]
[0,392,1180,1481,1609,2019]
[0,1125,1481,2019]
[0,1138,2019]
[0,392,2019]
[0,82,379,1180,2019]
[0,82,379,1180,1968,2019]
[0,82,1180,1481,1609,1968,2019]
[0,379,1180,1481,1609,2019]
[0,82,392,1180,2019]
[0,1609,2019]
[0,82,379,1180,1481,1609,1755,1960,2019]
[0,1481,1609,1968,2019]
[0,1180,1481,1755,2019]
[0,379,1180,1481,2019]
[0,1180,1481,2019]
[0,82,379,1180,1257,1481,1609,1755,1968,2019]
[0,82,379,1180,1481,1609,2019]
[0,82,392,1180,1481,1609,1960,2019]
[0,392,1180,1481,2019]
[0,82,1960,2019]
[0,82,379,1180,1257,1481,1609,1960,2019]
[0,82,392,1138,1481,2019]
[0,82,379,1180,1481,1968,2019]
[0,392,1180,2019]
[0,392,1138,2019]
[0,82,379,2019]
[0,1960,2019]
[0,82,392,1180,1481,1609,1755,2019]
[0,392,1180,1481,1755,2019]
[0,1180,1481,1609,1960,2019]
[0,82,392,1180,1481,1609,2019]
[0,82,379,1180,1481,1609,1968,2019]
[0,379,1180,2019]
[0,82,2019]
[0,82,1481,2019]
[0,82,1180,1481,1609,2019]
[0,392,1138,1481,2019]
[0,1481,1609,1960,2019]
[0,82,392,1960,2019]
[0,1154,2019]
[0,82,379,1180,1257,1481,1609,1968,2019]
[0,1180,1481,1609,1755,2019]
[0,1180,2019]
[0,379,2019]
[0,82,379,1968,2019]
[0,392,1180,1481,1609,1755,2019]
[0,82,379,1180,1257,1481,1609,1755,1960,2019]
[0,379,1481,2019]
[0,1968,2019]
[0,82,392,1180,1481,2019]
[0,82,392,1138,2019]
[0,1180,1481,1609,1968,2019]
[0,177,1154,2019]
[0,1481,2019]
[0,82,392,1180,1481,1960,2019]
[0,379,1180,1481,1609,1755,2019]
[0,82,392,1180,1481,1609,1755,1960,2019]
[0,82,379,1180,1481,2019]
[0,82,392,1180,1960,2019]
[0,82,379,1180,1481,1609,1960,2019]
