[0,1371,1935,2812]
[0,1194,1454,2812]
[0,1454,2079,2812]
[0,480,1935,2812]
[0,480,1454,2079,2812]
[0,1015,1454,1822,1935,2158,2812]
[0,480,1454,2158,2812]
[0,480,1194,1454,1822,2158,2812]
[0,1454,1822,1935,2812]
[0,1822,2158,2812]
[0,1454,2158,2812]
[0,1194,2158,2812]
[0,1015,1454,1822,2158,2812]
[0,1454,2812]
[0,2079,2812]
[0,480,1194,1454,1822,1935,2158,2450,2812]
[0,2158,2812]
[0,1454,1935,2812]
[0,1194,2812]
[0,480,1015,1454,1822,1935,2158,2812]
[0,1371,1822,1935,2812]
[0,480,1015,1454,1822,2158,2450,2812]
[0,1371,1454,1935,2812]
[0,1015,2158,2812]
[0,1015,2079,2812]
[0,480,1454,1935,2812]
[0,480,1822,2158,2812]
[0,1194,1454,1822,2158,2812]
[0,1015,1454,1822,1935,2812]
[0,1822,1935,2812]
[0,480,1015,1454,2079,2812]
[0,1194,1935,2812]
[0,480,2079,2812]
[0,1371,1454,2812]
[0,1015,1454,2079,2812]
[0,480,2158,2812]
[0,1015,1454,2158,2812]
[0,480,1015,1454,2158,2812]
[0,1015,2812]
[0,1194,1454,2158,2812]
[0,1194,1454,1822,1935,2158,2812]
[0,480,1015,1454,1822,2158,2812]
[0,1015,1935,2812]
[0,1454,1822,2158,2812]
[0,1935,2812]
[0,1194,1454,1935,2812]
[0,480,1015,1454,1822,1935,2158,2450,2812]
[0,480,1194,1454,1822,1935,2158,2812]
[0,480,1454,1822,2158,2450,2812]
[0,480,1015,1454,2158,2450,2812]
[0,1194,1454,1822,1935,2812]
[0,1015,1454,1935,2812]
[0,480,1194,1454,1822,2158,2450,2812]
[0,480,1454,1822,2158,2812]
[0,1371,1454,1822,1935,2812]
[0,480,1015,1454,1935,2812]
[0,1358,1935,2812]
