[0,524,1046]
[0,200,512,1046]
[0,91,512,650,1005,1046]
[0,100,200,512,648,1046]
[0,100,650,1046]
[0,100,200,512,648,1005,1046]
[0,100,512,650,1005,1046]
[0,100,1046]
[0,91,512,648,1046]
[0,650,1046]
[0,100,200,512,650,1046]
[0,100,524,647,1005,1046]
[0,91,512,648,1005,1046]
[0,100,1005,1046]
[0,91,512,650,1046]
[0,200,512,648,1046]
[0,100,200,512,650,1005,1046]
[0,200,512,650,1046]
[0,512,650,1046]
[0,100,524,647,1046]
[0,524,647,1046]
[0,512,648,1046]
[0,100,512,648,1046]
[0,100,512,648,1005,1046]
[0,100,512,650,1046]
[0,512,1046]
