[0,983,2019]
[0,233,396,1556,2019]
[0,282,396,936,1408,1552,2019]
[0,396,1556,2019]
[0,233,396,572,936,1358,1556,1663,2019]
[0,282,396,936,1408,1552,1715,1935,2019]
[0,1423,2019]
[0,936,1358,2019]
[0,396,1552,1715,2019]
[0,396,1358,1556,1663,1935,2019]
[0,936,1556,2019]
[0,396,936,1408,1552,1715,2019]
[0,396,1663,2019]
[0,233,396,936,1358,1556,1663,1935,2019]
[0,396,936,1408,1594,2019]
[0,396,936,1408,2019]
[0,1552,2019]
[0,396,572,936,1358,1556,1663,1935,2019]
[0,396,1408,1552,1715,2019]
[0,396,936,1358,1556,1935,2019]
[0,396,1663,1935,2019]
[0,396,936,1423,2019]
[0,233,396,572,936,1358,1556,1663,1935,2019]
[0,396,1408,1552,1935,2019]
[0,233,396,936,1358,1556,2019]
[0,1358,2019]
[0,1556,2019]
[0,233,396,1556,1663,2019]
[0,396,1556,1663,2019]
[0,396,1556,1663,1935,2019]
[0,936,1423,2019]
[0,396,936,2019]
[0,396,1408,1552,2019]
[0,396,1358,1556,1663,2019]
[0,396,1423,1935,2019]
[0,396,1552,2019]
[0,233,396,1358,1556,2019]
[0,1408,2019]
[0,396,1358,1556,2019]
[0,233,396,572,936,1358,1556,2019]
[0,396,936,1935,2019]
[0,396,936,1552,2019]
[0,396,936,1358,1556,1663,2019]
[0,396,936,1552,1715,2019]
[0,396,936,1556,2019]
[0,396,572,936,1358,1556,2019]
[0,396,936,1408,1594,1935,2019]
[0,936,1552,2019]
[0,396,936,1408,1552,1715,1935,2019]
[0,396,936,1358,2019]
[0,233,396,2019]
[0,396,936,1423,1935,2019]
[0,396,572,936,1358,1556,1663,2019]
[0,936,1408,2019]
[0,1594,2019]
[0,396,936,1408,1935,2019]
[0,936,2019]
[0,396,936,1408,1552,2019]
[0,396,936,1358,1935,2019]
[0,233,396,1358,1556,1663,1935,2019]
[0,396,572,936,1358,1556,1935,2019]
[0,396,936,1358,1556,1663,1935,2019]
[0,396,1423,2019]
[0,396,1408,1552,1715,1935,2019]
[0,1935,2019]
[0,396,1408,1594,2019]
[0,282,396,936,1408,1552,1715,2019]
[0,396,936,1358,1556,2019]
[0,396,2019]
[0,983,1510,2019]
[0,396,1935,2019]
[0,233,396,1556,1663,1935,2019]
[0,396,1594,2019]
[0,233,396,1358,1556,1663,2019]
[0,233,396,936,1358,1556,1663,2019]
