[0,192,493,667,807,885,969]
[0,192,309,493,969]
[0,192,309,401,446,493,667,807,885,969]
[0,279,493,807,969]
[0,192,309,446,493,885,969]
[0,192,309,401,446,493,807,885,969]
[0,192,309,401,446,493,549,667,807,969]
[0,309,493,969]
[0,192,493,667,807,969]
[0,192,493,807,969]
[0,192,309,493,667,807,969]
[0,192,309,446,493,549,667,807,969]
[0,192,309,493,807,969]
[0,192,309,401,446,493,885,969]
[0,192,309,493,549,667,807,969]
[0,192,493,549,667,807,969]
[0,192,401,446,493,885,969]
[0,192,309,493,549,667,807,885,969]
[0,192,309,446,493,549,667,807,885,969]
[0,192,309,401,446,493,562,667,807,885,969]
[0,192,309,493,667,807,885,969]
[0,192,309,401,493,549,667,807,885,969]
[0,807,969]
[0,192,446,493,667,807,969]
[0,192,493,549,667,807,885,969]
[0,192,446,493,667,807,885,969]
[0,309,807,969]
[0,309,969]
[0,192,309,401,446,493,549,667,807,885,969]
[0,309,493,807,969]
[0,192,309,401,493,667,807,969]
[0,192,309,446,493,807,969]
[0,192,446,493,549,667,807,969]
[0,192,309,493,807,885,969]
[0,192,493,562,667,807,885,969]
[0,192,309,401,446,493,667,807,969]
[0,192,446,493,807,969]
[0,192,446,493,562,667,807,885,969]
[0,192,309,401,493,562,667,807,885,969]
[0,493,807,969]
[0,192,969]
[0,192,309,401,493,667,807,885,969]
[0,192,309,446,493,667,807,969]
[0,192,446,493,807,885,969]
[0,192,309,446,493,562,667,807,885,969]
[0,192,493,969]
[0,192,309,401,446,493,807,969]
[0,192,309,493,885,969]
[0,192,401,446,493,807,969]
[0,192,309,446,493,807,885,969]
[0,279,493,969]
[0,192,309,446,493,667,807,885,969]
[0,192,309,493,562,667,807,885,969]
[0,192,493,885,969]
[0,493,969]
[0,192,446,493,549,667,807,885,969]
[0,192,446,493,885,969]
[0,192,493,807,885,969]
