[0,131,335,590,674,789,1096,1264]
[0,229,789,975,1264]
[0,131,335,674,1264]
[0,131,335,590,789,1096,1264]
[0,335,490,674,1096,1264]
[0,131,335,435,590,674,1264]
[0,131,335,435,674,1264]
[0,131,335,789,1203,1264]
[0,335,590,789,1264]
[0,131,335,1264]
[0,131,335,435,590,674,1096,1203,1264]
[0,131,335,435,674,1096,1264]
[0,131,335,674,1096,1264]
[0,131,335,590,674,1096,1203,1264]
[0,229,789,1264]
[0,335,590,789,1096,1264]
[0,335,674,789,975,1264]
[0,131,335,674,789,1096,1264]
[0,131,335,435,590,674,789,1096,1203,1264]
[0,229,335,674,789,975,1264]
[0,131,335,590,789,1264]
[0,131,335,789,1096,1264]
[0,335,789,1096,1264]
[0,229,335,1264]
[0,131,1264]
[0,1203,1264]
[0,791,1264]
[0,131,335,789,1264]
[0,131,335,490,590,789,1264]
[0,789,975,1264]
[0,674,1264]
[0,131,335,674,1096,1203,1264]
[0,131,335,490,590,674,789,1264]
[0,131,335,789,1096,1203,1264]
[0,335,674,1264]
[0,229,975,1264]
[0,131,335,435,590,674,1096,1264]
[0,131,335,490,590,674,1096,1203,1264]
[0,131,335,435,590,789,1264]
[0,335,1264]
[0,297,791,1264]
[0,131,335,490,590,674,789,1096,1203,1264]
[0,975,1264]
[0,131,335,490,674,1264]
[0,229,1264]
[0,789,1203,1264]
[0,335,674,1096,1264]
[0,131,335,490,590,789,1096,1264]
[0,335,789,1203,1264]
[0,297,1264]
[0,131,335,435,590,674,789,1264]
[0,229,335,674,789,975,1203,1264]
[0,131,335,490,590,674,1096,1264]
[0,131,335,590,674,1096,1264]
[0,335,490,674,1264]
[0,131,335,490,674,1096,1264]
[0,131,335,590,674,789,1096,1203,1264]
[0,229,335,590,674,789,975,1264]
[0,131,335,435,590,789,1096,1264]
[0,229,335,590,674,789,975,1203,1264]
[0,229,335,789,975,1203,1264]
[0,335,789,975,1264]
[0,789,1264]
[0,229,335,789,975,1264]
[0,131,335,590,674,1264]
[0,131,335,590,674,789,1264]
[0,131,335,674,1203,1264]
[0,335,789,1264]
[0,131,335,490,590,674,789,1096,1264]
[0,131,335,435,789,1264]
[0,131,335,490,590,674,1264]
[0,131,335,674,789,1264]
[0,297,789,1203,1264]
[0,131,335,435,590,674,789,1096,1264]
[0,229,335,789,1264]
[0,297,789,1264]
