[0,525,887,1113,1729,2471,2673,2956]
[0,172,525,887,993,2064,2956]
[0,993,1729,2472,2956]
[0,384,993,1729,2956]
[0,1729,2956]
[0,993,1729,2956]
[0,524,993,1729,2472,2956]
[0,525,887,1113,1729,2471,2956]
[0,172,525,887,1113,1729,2471,2956]
[0,172,993,2064,2956]
[0,172,525,2064,2956]
[0,172,887,1113,2471,2956]
[0,172,356,525,887,1113,1729,2472,2956]
[0,172,525,993,2064,2956]
[0,887,993,2956]
[0,993,1113,1787,2064,2956]
[0,1113,1729,2471,2956]
[0,525,887,1113,2064,2956]
[0,788,1787,2956]
[0,525,1113,2064,2673,2956]
[0,993,2956]
[0,525,887,2956]
[0,887,1113,2471,2956]
[0,172,524,993,1729,2472,2956]
[0,788,2956]
[0,172,356,525,887,1113,2064,2673,2956]
[0,887,2956]
[0,172,525,887,1113,2064,2956]
[0,993,2064,2956]
[0,172,356,525,887,1113,1729,2471,2673,2956]
[0,172,525,887,1113,1729,2471,2673,2956]
[0,887,1113,1729,2956]
[0,172,887,1113,2471,2673,2956]
[0,172,1113,2471,2956]
[0,887,993,1113,1787,2064,2956]
[0,887,1113,2956]
[0,1787,2471,2956]
[0,525,1113,2064,2956]
[0,525,993,2064,2956]
[0,172,525,1113,2064,2956]
[0,1113,1729,2472,2956]
[0,384,993,2956]
[0,2471,2673,2956]
[0,2064,2956]
[0,524,887,2956]
[0,1113,2956]
[0,525,887,1113,2064,2673,2956]
[0,172,525,887,2956]
[0,172,525,887,1113,2064,2673,2956]
[0,525,1113,1729,2472,2956]
[0,525,1113,1729,2956]
[0,887,1113,1729,2472,2956]
[0,524,1787,2471,2956]
[0,172,2471,2956]
[0,525,887,993,2064,2956]
[0,172,1113,2956]
[0,172,887,1113,1729,2472,2956]
[0,172,525,2956]
[0,384,993,1729,2472,2956]
[0,887,1113,2064,2956]
[0,524,2956]
[0,525,887,1113,2956]
[0,1113,2471,2673,2956]
[0,172,2956]
[0,993,1787,2064,2956]
[0,1113,2064,2673,2956]
[0,1113,2064,2956]
[0,172,1113,1729,2472,2956]
[0,1113,1729,2956]
[0,525,887,1113,1729,2956]
[0,524,993,1729,2956]
[0,525,1113,1729,2471,2956]
[0,384,993,1787,2956]
[0,1113,2471,2956]
[0,1787,2956]
[0,172,524,993,1729,2956]
[0,172,1787,2471,2956]
[0,525,2064,2956]
[0,887,1113,2471,2673,2956]
[0,887,993,1787,2064,2956]
[0,525,887,1113,1729,2472,2956]
[0,172,525,887,1113,1729,2472,2956]
[0,172,525,887,1113,1729,2956]
[0,524,1787,2956]
[0,172,1113,1729,2956]
[0,2471,2956]
[0,887,993,2064,2956]
[0,993,1787,2956]
[0,525,2956]
[0,172,1113,2471,2673,2956]
[0,172,525,887,1113,2956]
