[0,484,883,1249]
[0,228,526,1002,1249]
[0,83,526,751,883,1002,1069,1249]
[0,526,706,1249]
[0,83,228,526,751,883,1002,1249]
[0,83,1069,1249]
[0,883,1002,1249]
[0,83,484,526,706,751,883,1002,1069,1249]
[0,83,751,883,1002,1249]
[0,228,526,706,1002,1249]
[0,484,1249]
[0,706,1002,1249]
[0,526,706,751,1069,1249]
[0,526,706,751,883,1002,1069,1249]
[0,751,1069,1249]
[0,706,751,1249]
[0,526,751,883,1249]
[0,526,1069,1249]
[0,83,526,706,1002,1069,1249]
[0,228,1002,1069,1249]
[0,228,526,751,1249]
[0,83,883,1002,1249]
[0,228,526,883,1002,1069,1249]
[0,484,526,706,751,883,1002,1069,1249]
[0,526,706,883,1002,1249]
[0,83,526,751,883,1002,1249]
[0,526,706,1069,1249]
[0,83,228,526,751,883,1002,1069,1249]
[0,1069,1249]
[0,706,1249]
[0,83,1249]
[0,228,1249]
[0,83,526,706,751,883,1002,1069,1179,1249]
[0,228,1069,1249]
[0,83,526,706,883,1002,1069,1249]
[0,526,1002,1249]
[0,228,526,706,1249]
[0,883,1002,1069,1249]
[0,83,1002,1249]
[0,228,526,751,883,1002,1249]
[0,83,526,706,883,1002,1249]
[0,526,706,1002,1249]
[0,83,751,1249]
[0,751,883,1249]
[0,526,706,751,1249]
[0,228,526,706,1069,1249]
[0,706,1002,1179,1249]
[0,228,526,751,883,1002,1069,1249]
[0,83,1002,1069,1249]
[0,1002,1069,1249]
[0,484,526,706,751,1249]
[0,83,526,1249]
[0,1002,1249]
[0,83,526,706,1249]
[0,526,1249]
[0,751,883,1002,1249]
[0,83,484,526,706,751,883,1002,1069,1179,1249]
[0,228,526,751,883,1069,1249]
[0,228,526,1249]
[0,83,526,706,1002,1179,1249]
[0,228,526,751,883,1249]
[0,228,526,883,1249]
[0,83,526,706,883,1002,1069,1179,1249]
[0,706,751,1002,1069,1249]
[0,751,883,1002,1069,1249]
[0,83,526,706,751,883,1002,1069,1249]
[0,484,526,706,751,1002,1069,1249]
[0,228,526,706,1002,1069,1249]
[0,526,751,883,1002,1249]
[0,83,526,706,883,1002,1179,1249]
[0,1179,1249]
[0,706,1002,1069,1249]
[0,706,751,883,1002,1069,1249]
[0,83,526,706,1002,1249]
[0,83,751,883,1249]
[0,526,706,751,1002,1069,1249]
[0,228,526,1069,1249]
[0,228,526,751,1069,1249]
[0,484,526,706,751,1069,1249]
[0,1002,1179,1249]
[0,526,883,1249]
[0,83,751,883,1002,1069,1249]
[0,83,526,706,1002,1069,1179,1249]
[0,228,526,883,1002,1249]
[0,706,751,1069,1249]
[0,751,1249]
[0,883,1249]
[0,228,526,1002,1069,1249]
[0,526,706,1002,1069,1249]
[0,526,706,1002,1179,1249]
[0,83,883,1002,1069,1249]
[0,526,706,883,1002,1069,1249]
