[0,162,438,926,969]
[0,440,701,969]
[0,440,969]
[0,90,162,220,328,440,613,701,926,969]
[0,90,162,220,328,440,701,926,969]
[0,138,238,440,613,701,969]
[0,328,572,754,969]
[0,162,440,926,969]
[0,162,440,969]
[0,162,328,572,631,698,969]
[0,162,220,328,440,926,969]
[0,162,328,572,754,969]
[0,162,440,701,969]
[0,328,440,926,969]
[0,138,238,613,701,926,969]
[0,138,238,440,969]
[0,90,162,220,328,440,613,701,969]
[0,162,220,328,440,701,969]
[0,162,572,631,969]
[0,162,926,969]
[0,328,440,613,701,969]
[0,162,328,440,613,701,926,969]
[0,328,440,701,969]
[0,613,701,969]
[0,572,701,969]
[0,701,969]
[0,613,969]
[0,138,238,440,613,701,926,969]
[0,90,162,328,440,613,701,969]
[0,162,328,572,631,926,969]
[0,162,220,328,572,631,698,969]
[0,162,220,328,572,631,701,754,969]
[0,90,162,328,440,701,926,969]
[0,162,220,328,440,969]
[0,328,572,698,969]
[0,138,238,926,969]
[0,162,328,572,631,754,969]
[0,328,969]
[0,162,572,631,926,969]
[0,162,328,440,701,969]
[0,162,438,631,969]
[0,328,572,969]
[0,162,328,440,969]
[0,138,238,440,701,969]
[0,162,328,572,969]
[0,90,162,328,440,701,969]
[0,506,969]
[0,138,238,506,926,969]
[0,328,572,631,969]
[0,162,328,440,701,926,969]
[0,162,220,328,572,631,754,969]
[0,162,220,328,572,631,701,754,926,969]
[0,162,438,969]
[0,138,238,613,701,969]
[0,162,220,328,572,631,754,926,969]
[0,926,969]
[0,572,631,969]
[0,162,328,572,631,969]
[0,438,631,969]
[0,631,969]
[0,238,440,701,969]
[0,162,220,328,572,631,701,969]
[0,90,162,328,440,613,701,926,969]
[0,162,969]
[0,162,220,328,572,631,698,754,969]
[0,162,328,572,701,969]
[0,162,440,701,926,969]
[0,162,572,969]
[0,238,613,969]
[0,328,613,701,969]
[0,238,701,969]
[0,328,613,969]
[0,328,572,701,969]
[0,328,701,969]
[0,162,220,328,572,631,969]
[0,162,220,328,440,613,701,926,969]
[0,90,162,220,328,440,701,969]
[0,138,238,506,969]
[0,138,238,613,969]
[0,162,328,440,613,701,969]
[0,328,572,631,926,969]
[0,162,328,440,926,969]
[0,162,220,328,440,613,701,969]
[0,162,701,969]
[0,162,438,631,926,969]
[0,238,969]
[0,328,440,969]
[0,162,328,572,698,969]
[0,162,328,572,631,701,969]
[0,328,440,613,701,926,969]
[0,162,220,328,572,631,698,754,926,969]
[0,162,220,328,440,701,926,969]
[0,238,440,969]
[0,438,969]
[0,238,506,969]
[0,572,969]
[0,138,238,969]
[0,162,220,328,572,631,926,969]
