[0,788,1190,2682,3933,4285]
[0,1190,2682,3453,4285]
[0,3453,3940,4285]
[0,2682,3940,4285]
[0,788,1190,2682,3147,4285]
[0,2018,2682,3933,4285]
[0,3453,4285]
[0,400,1820,2682,4285]
[0,2018,4285]
[0,1190,2682,3933,4285]
[0,1190,1678,2199,2682,3940,4285]
[0,1190,1678,2682,3453,4285]
[0,2295,4285]
[0,788,1190,2682,4285]
[0,400,2018,4285]
[0,1190,3453,4285]
[0,1190,2682,3147,4285]
[0,788,1190,2018,2682,4285]
[0,1190,1678,2199,2682,3147,4285]
[0,1190,2682,4285]
[0,1190,1678,2682,3147,4285]
[0,1190,2611,3716,4285]
[0,1190,1678,2199,2682,4285]
[0,788,1190,1678,2199,2682,3147,3940,4285]
[0,1190,3453,3940,4285]
[0,1820,2682,4285]
[0,788,1190,1678,2199,2682,3940,4285]
[0,2682,3147,4285]
[0,748,1190,1678,2199,2682,3453,4285]
[0,748,1190,1678,2199,2682,4285]
[0,788,1190,1678,2682,3940,4285]
[0,400,788,1190,2682,3453,4285]
[0,788,1190,2018,2682,3940,4285]
[0,1190,1678,2682,3453,3940,4285]
[0,1190,1678,2199,2682,3453,4285]
[0,1190,1678,4285]
[0,1190,1678,3453,3940,4285]
[0,1190,2611,4285]
[0,788,2018,2682,4285]
[0,400,1820,2682,3940,4285]
[0,748,1190,1678,2199,2682,3147,3453,3940,4285]
[0,2682,3453,3940,4285]
[0,788,1190,3453,3940,4285]
[0,788,1190,2682,3940,4285]
[0,788,4285]
[0,788,1190,2018,2682,3147,3681,3940,4285]
[0,788,1190,2018,2682,3147,3940,4285]
[0,788,1190,3453,4285]
[0,3933,4285]
[0,1190,1678,2199,2682,3453,3940,4285]
[0,400,1820,2682,3453,4285]
[0,1190,2682,3940,4285]
[0,788,1190,1678,2199,2682,3147,4285]
[0,788,2018,2682,3147,4285]
[0,788,1190,2682,3453,3940,4285]
[0,1190,1678,2682,3147,3453,3940,4285]
[0,400,788,1190,2682,3453,3940,4285]
[0,1190,1678,2199,2682,3147,3453,3940,4285]
[0,788,1190,1678,2682,4285]
[0,1190,1678,2682,3940,4285]
[0,1190,2682,3147,3453,3940,4285]
[0,1190,1678,3453,4285]
[0,2018,2682,3147,4285]
[0,788,1190,2682,3453,4285]
[0,1190,1678,2199,2682,3147,3453,3716,3940,4285]
[0,1190,2682,3453,3940,4285]
[0,400,2018,2744,4285]
[0,1190,4285]
[0,400,1820,2682,3453,3940,4285]
[0,3147,3453,3940,4285]
[0,2682,3933,4285]
[0,1190,1678,2682,4285]
[0,400,4285]
[0,1820,2682,3940,4285]
[0,2018,2744,4285]
[0,2682,3453,4285]
[0,788,1190,1678,2199,2682,3147,3681,3940,4285]
[0,748,1190,1678,2199,2682,3147,3453,3716,3940,4285]
[0,2682,4285]
[0,1820,2682,3453,4285]
[0,788,1190,1678,4285]
[0,400,2018,2682,4285]
[0,2018,2682,4285]
[0,400,2018,2682,3933,4285]
[0,788,2682,3453,4285]
[0,788,3453,4285]
[0,2611,4285]
[0,788,2018,4285]
[0,3940,4285]
[0,400,788,1190,2682,4285]
[0,2295,3716,4285]
[0,788,1190,2018,2682,3933,4285]
[0,788,1190,2682,3147,3453,3940,4285]
[0,788,1190,1678,2199,2682,4285]
[0,2682,3147,3453,3940,4285]
[0,788,1190,1678,2682,3147,4285]
[0,788,1190,2018,2682,3147,4285]
[0,788,2682,4285]
[0,748,1190,1678,2199,2682,3453,3940,4285]
[0,788,1190,4285]
